# UVOT photometry at full time resolution, using 7.0" aperture
# host-subtracted AB magnitudes, not corrected for Galactic extinction
# total counts/s as based on "CORR_RATE" from uvotsource and thus include the host contribution
# only including observations with SNR>0.5 and positive host-subtracted flux
# 
filter  MJD          ab_mag ab_mag_err count_rate count_rate_err exposure
UVW2   58383.698410    16.31     0.04   13.270    0.324    283.233 
UVW2   58383.756675    16.32     0.04   13.099    0.363    204.495 
UVW2   58389.948079    16.46     0.04   11.552    0.351    184.808 
UVW2   58393.118942    16.50     0.05   11.143    0.422    113.953 
UVW2   58395.456911    16.60     0.05   10.112    0.318    189.738 
UVW2   58395.857992    16.62     0.05    9.971    0.318    189.738 
UVW2   58395.923206    16.55     0.04   10.572    0.314    214.344 
UVW2   58395.991557    16.57     0.05   10.392    0.351    159.224 
UVW2   58396.249379    16.61     0.05   10.037    0.370    132.642 
UVW2   58397.846666    16.74     0.04    8.893    0.247    299.966 
UVW2   58397.983097    16.63     0.05    9.846    0.329    172.016 
UVW2   58398.978443    16.75     0.05    8.814    0.318    160.201 
UVW2   58399.642198    16.83     0.05    8.222    0.293    175.947 
UVW2   58399.708317    16.90     0.05    7.705    0.309    145.444 
UVW2   58399.774684    16.82     0.05    8.300    0.336    129.699 
UVW2   58399.841217    16.81     0.05    8.347    0.307    161.190 
UVW2   58401.085253    16.81     0.05    8.377    0.315    154.631 
UVW2   58401.152577    16.82     0.05    8.297    0.332    134.618 
UVW2   58401.349357    16.89     0.06    7.798    0.339    118.872 
UVW2   58403.748175    16.92     0.06    7.541    0.331    120.849 
UVW2   58404.475892    16.98     0.05    7.130    0.237    240.916 
UVW2   58404.605594    17.01     0.05    6.971    0.240    226.159 
UVW2   58404.674529    16.97     0.05    7.215    0.290    152.340 
UVW2   58406.133528    17.13     0.05    6.254    0.260    166.120 
UVW2   58408.454475    16.93     0.06    7.458    0.314    135.595 
UVW2   58409.990298    16.97     0.04    7.249    0.208    340.329 
UVW2   58412.374125    17.05     0.06    6.709    0.303    128.721 
UVW2   58413.907067    16.90     0.04    7.684    0.196    432.847 
UVW2   58415.963575    16.93     0.05    7.475    0.277    176.935 
UVW2   58416.168497    16.89     0.06    7.776    0.329    127.733 
UVW2   58417.363296    17.01     0.06    6.976    0.317    122.814 
UVW2   58417.832955    16.91     0.04    7.611    0.223    301.932 
UVW2   58417.889128    16.90     0.05    7.669    0.274    187.761 
UVW2   58418.633181    16.96     0.06    7.273    0.317    126.745 
UVW2   58420.154245    16.85     0.05    8.074    0.320    141.502 
UVW2   58421.818896    16.93     0.05    7.483    0.233    269.453 
UVW2   58421.943422    16.92     0.05    7.550    0.260    210.402 
UVW2   58423.539674    16.88     0.05    7.869    0.294    167.097 
UVW2   58425.010694    16.90     0.04    7.667    0.214    340.318 
UVW2   58425.065637    16.92     0.05    7.572    0.260    212.379 
UVW2   58426.526758    16.87     0.05    7.883    0.325    133.630 
UVW2   58427.322371    16.88     0.05    7.828    0.314    142.491 
UVW2   58428.849338    16.83     0.05    8.215    0.300    169.062 
UVW2   58429.852413    16.84     0.05    8.134    0.272    208.426 
UVW2   58430.048002    16.84     0.05    8.125    0.297    170.050 
UVW2   58431.507516    16.80     0.05    8.475    0.321    150.363 
UVW2   58434.957889    16.91     0.05    7.600    0.280    179.889 
UVW2   58439.074626    16.84     0.05    8.115    0.322    142.491 
UVW2   58440.004800    16.86     0.05    8.001    0.274    204.495 
UVW2   58441.605866    16.86     0.05    7.969    0.300    164.143 
UVW2   58443.264429    16.91     0.05    7.656    0.274    191.703 
UVW2   58445.332370    17.01     0.05    6.935    0.253    200.553 
UVW2   58447.973780    16.97     0.05    7.231    0.277    173.992 
UVW2   58449.032833    17.08     0.06    6.533    0.297    133.630 
UVW2   58451.364450    17.21     0.05    5.810    0.236    190.726 
UVW2   58455.552178    17.32     0.06    5.241    0.228    180.877 
UVW2   58459.995246    17.34     0.06    5.164    0.230    178.868 
UVW2   58464.653394    17.44     0.05    4.678    0.172    295.047 
UVW2   58467.772525    17.49     0.05    4.487    0.155    363.936 
UVW2   58470.431735    17.54     0.05    4.294    0.159    316.711 
UVW2   58473.885103    17.52     0.05    4.367    0.153    360.983 
UVW2   58475.940682    17.65     0.05    3.880    0.162    282.256 
UVW2   58476.204454    17.71     0.05    3.681    0.153    298.001 
UVW2   58476.805184    17.53     0.06    4.311    0.214    169.062 
UVW2   58479.922612    17.51     0.05    4.389    0.178    260.592 
UVW2   58482.051408    17.91     0.06    3.056    0.134    318.665 
UVW2   58485.234244    17.97     0.06    2.904    0.133    314.735 
UVW2   58491.940624    18.05     0.06    2.707    0.136    276.348 
UVW2   58562.719021    17.40     0.07    4.886    0.276    118.872 
UVW2   58562.866838    17.34     0.07    5.131    0.289    112.965 
UVW2   58573.288455    17.84     0.06    3.251    0.151    291.116 
UVW2   58576.342092    18.05     0.06    2.707    0.140    284.221 
UVW2   58582.120982    18.21     0.07    2.335    0.139    243.858 
UVW2   58585.243019    18.21     0.07    2.326    0.136    247.768 
UVW2   58588.029078    17.79     0.06    3.414    0.165    240.894 
UVW2   58590.761774    18.19     0.06    2.384    0.101    479.540 
UVW2   58590.825448    18.26     0.09    2.228    0.164    161.667 
UVW2   58590.893719    18.26     0.07    2.228    0.135    243.087 
UVW2   58590.957913    18.24     0.05    2.280    0.075    900.095 
UVW2   58591.094342    18.28     0.06    2.187    0.097    491.670 
UVW2   58591.162196    18.26     0.04    2.231    0.058   1690.732 
UVW2   58591.359614    18.23     0.07    2.295    0.132    254.696 
UVW2   58591.431174    18.42     0.07    1.926    0.106    369.257 
UVW2   58591.569972    18.30     0.12    2.144    0.234     82.962 
UVW2   58591.613833    18.41     0.05    1.939    0.071    838.058 
UVW2   58591.685717    18.47     0.06    1.848    0.077    659.190 
UVW2   58591.757240    18.38     0.06    2.008    0.088    542.109 
UVW2   58591.813963    18.41     0.05    1.948    0.062   1170.286 
UVW2   58591.874990    18.44     0.07    1.898    0.103    357.866 
UVW2   58591.948191    18.53     0.05    1.754    0.065    899.888 
UVW2   58592.153728    18.38     0.05    1.994    0.075    764.282 
UVW2   58594.741305    18.73     0.09    1.461    0.109    254.696 
UVW2   58597.195157    18.73     0.09    1.457    0.113    246.823 
UVW2   58597.726701    18.36     0.07    2.037    0.117    291.095 
UVW2   58599.327040    18.63     0.09    1.603    0.126    209.414 
UVW2   58601.772164    18.36     0.07    2.034    0.116    290.128 
UVW2   58609.015170    18.22     0.08    2.301    0.144    209.414 
UVW2   58611.537979    18.26     0.09    2.220    0.161    165.121 
UVW2   58617.713666    18.34     0.07    2.070    0.114    312.856 
UVW2   58620.306273    18.58     0.11    1.668    0.161    137.550 
UVW2   58621.298250    18.46     0.13    1.854    0.210     79.487 
UVW2   58621.963480    18.49     0.11    1.812    0.170    126.734 
UVW2   58623.230929    18.53     0.10    1.745    0.143    179.889 
UVW2   58626.948075    18.51     0.09    1.780    0.142    189.738 
UVW2   58629.811526    18.19     0.09    2.377    0.178    150.363 
UVW2   58629.875890    18.38     0.09    1.993    0.160    159.224 
UVW2   58632.983344    18.32     0.07    2.113    0.110    347.214 
UVW2   58635.708475    18.10     0.06    2.573    0.125    320.609 
UVW2   58638.028352    18.29     0.10    2.177    0.188    111.966 
UVW2   58638.160965    18.15     0.08    2.468    0.173    151.341 
UVW2   58643.546081    18.52     0.07    1.767    0.100    349.168 
UVW2   58650.842736    18.32     0.13    2.119    0.251     60.799 
UVW2   58651.326403    18.42     0.11    1.925    0.181    123.781 
UVW2   58651.512831    18.58     0.09    1.664    0.130    190.715 
UVW2   58653.430774    18.30     0.07    2.152    0.125    256.661 
UVW2   58653.503785    18.36     0.08    2.030    0.141    188.750 
UVW2   58658.680226    18.50     0.07    1.791    0.106    311.759 
UVW2   58662.076592    18.59     0.08    1.661    0.118    230.079 
UVW2   58663.066366    18.39     0.07    1.986    0.119    266.499 
UVW2   58666.195875    18.26     0.13    2.221    0.256     64.730 
UVW2   58666.776334    18.44     0.09    1.897    0.143    176.935 
UVW2   58667.439285    18.50     0.09    1.793    0.133    189.716 
UVW2   58668.842936    18.49     0.12    1.804    0.188     98.197 
UVW2   58670.896537    18.25     0.08    2.248    0.148    189.727 
UVW2   58672.228113    18.42     0.06    1.923    0.085    535.192 
UVW2   58673.483863    18.06     0.06    2.669    0.139    258.627 
UVW2   58675.023341    18.19     0.06    2.381    0.113    364.924 
UVW2   58676.009689    18.07     0.07    2.636    0.145    234.998 
UVW2   58678.473897    18.50     0.07    1.788    0.099    367.878 
UVW2   58678.873172    18.41     0.09    1.940    0.145    173.004 
UVW2   58679.199311    18.57     0.08    1.692    0.119    235.008 
UVW2   58681.269650    18.60     0.07    1.645    0.095    385.589 
UVW2   58681.400414    18.59     0.08    1.660    0.108    288.163 
UVW2   58682.187599    18.67     0.09    1.536    0.113    230.078 
UVW2   58684.062579    18.90     0.08    1.258    0.081    409.218 
UVW2   58684.189100    19.24     0.13    0.931    0.104    173.004 
UVW2   58688.777146    18.53     0.12    1.754    0.177    109.284 
UVW2   58690.759708    18.58     0.06    1.674    0.078    540.133 
UVW2   58691.624945    18.58     0.08    1.667    0.118    232.055 
UVW2   58696.679935    18.81     0.08    1.355    0.085    402.323 
UVW2   58696.728736    18.63     0.09    1.602    0.115    227.125 
UVW2   58697.461344    18.61     0.07    1.624    0.099    320.631 
UVW2   58699.527683    18.61     0.07    1.630    0.097    342.284 
UVW2   58699.724213    18.56     0.08    1.707    0.105    307.839 
UVW2   58700.921432    18.48     0.07    1.825    0.109    309.794 
UVW2   58702.640410    18.47     0.06    1.837    0.090    469.257 
UVW2   58702.702324    18.25     0.09    2.241    0.165    154.305 
UVW2   58703.975241    18.38     0.07    1.995    0.118    276.348 
UVW2   58705.562981    18.24     0.05    2.279    0.093    527.319 
UVW2   58706.617528    18.14     0.06    2.475    0.127    289.129 
UVW2   58708.550710    18.12     0.07    2.538    0.136    262.568 
UVW2   58709.413427    18.20     0.07    2.363    0.128    277.315 
UVW2   58711.014916    18.17     0.07    2.425    0.146    215.321 
UVW2   58712.008280    18.27     0.07    2.212    0.119    302.931 
UVW2   58716.263273    18.66     0.13    1.556    0.181     89.325 
UVW2   58716.587003    18.70     0.11    1.506    0.136    155.272 
UVW2   58716.794796    18.77     0.08    1.413    0.098    296.133 
UVW2   58721.172601    19.05     0.13    1.100    0.118    162.167 
UVW2   58730.003114    19.27     0.16    0.903    0.125    111.966 
UVW2   58732.797802    19.17     0.19    0.990    0.168     69.638 
UVW2   58733.000043    19.16     0.12    0.996    0.103    185.785 
UVW2   58733.261788    19.43     0.20    0.787    0.134     96.232 
UVW2   58740.499729    19.38     0.10    0.821    0.072    334.422 
UVW2   58807.228540    18.49     0.07    1.810    0.102    344.618 
UVW2   58975.529089    22.04     0.59    0.109    0.036    472.189 
UVW2   58982.645578    21.43     0.56    0.159    0.061    411.173 
UVM2   58383.703554    16.60     0.04    6.019    0.179    460.396 
UVM2   58383.760486    16.54     0.05    6.340    0.202    344.434 
UVM2   58389.951243    16.61     0.05    5.930    0.213    262.666 
UVM2   58393.121103    16.67     0.05    5.642    0.231    192.333 
UVM2   58395.460197    16.72     0.05    5.356    0.194    275.317 
UVM2   58395.861429    16.75     0.05    5.206    0.186    302.051 
UVM2   58395.927124    16.77     0.05    5.153    0.176    349.168 
UVM2   58395.994400    16.81     0.05    4.945    0.194    245.400 
UVM2   58396.251680    16.74     0.06    5.262    0.223    188.576 
UVM2   58397.852054    16.90     0.05    4.547    0.146    479.377 
UVM2   58397.986061    16.92     0.05    4.462    0.182    246.573 
UVM2   58398.981257    16.91     0.05    4.501    0.186    236.952 
UVM2   58399.645488    16.97     0.05    4.285    0.165    296.655 
UVM2   58399.711064    17.01     0.06    4.105    0.173    246.182 
UVM2   58399.777162    16.92     0.06    4.460    0.189    224.519 
UVM2   58399.844242    16.95     0.05    4.367    0.173    272.504 
UVM2   58401.155364    17.04     0.05    3.992    0.164    270.463 
UVM2   58401.351608    17.11     0.06    3.759    0.180    200.770 
UVM2   58403.750334    17.03     0.06    4.040    0.194    181.181 
UVM2   58404.478575    16.99     0.07    4.177    0.254    102.465 
UVM2   58404.609685    17.09     0.05    3.843    0.143    362.449 
UVM2   58404.677181    17.14     0.06    3.665    0.169    221.305 
UVM2   58406.136605    17.15     0.06    3.638    0.155    272.222 
UVM2   58408.457017    17.09     0.06    3.833    0.173    225.800 
UVM2   58409.996605    17.14     0.05    3.642    0.118    579.247 
UVM2   58412.376533    17.15     0.06    3.612    0.170    213.551 
UVM2   58413.914748    17.08     0.04    3.878    0.117    682.765 
UVM2   58415.966597    17.05     0.06    3.962    0.168    249.940 
UVM2   58416.170938    17.13     0.06    3.677    0.170    220.338 
UVM2   58417.365547    17.17     0.06    3.545    0.176    192.344 
UVM2   58417.838260    17.08     0.05    3.869    0.132    463.100 
UVM2   58417.892612    17.21     0.05    3.417    0.142    313.497 
UVM2   58418.635569    17.12     0.06    3.708    0.173    212.216 
UVM2   58420.156926    17.12     0.06    3.720    0.165    241.274 
UVM2   58421.823817    17.13     0.05    3.696    0.131    439.243 
UVM2   58421.947286    17.11     0.05    3.750    0.144    345.552 
UVM2   58423.542802    17.07     0.05    3.901    0.159    281.246 
UVM2   58425.016872    17.02     0.05    4.062    0.128    557.388 
UVM2   58425.069507    17.02     0.05    4.070    0.152    345.281 
UVM2   58426.528911    17.06     0.06    3.937    0.201    163.275 
UVM2   58427.325023    17.02     0.06    4.078    0.176    234.053 
UVM2   58428.852499    16.97     0.05    4.259    0.167    285.383 
UVM2   58429.856282    17.00     0.05    4.162    0.153    350.797 
UVM2   58430.051146    17.05     0.05    3.971    0.162    279.487 
UVM2   58431.510341    17.03     0.06    4.037    0.170    250.982 
UVM2   58434.960349    16.99     0.07    4.211    0.230    131.534 
UVM2   58439.076534    17.05     0.08    3.981    0.258     95.298 
UVM2   58440.007870    17.04     0.06    3.992    0.187    198.772 
UVM2   58441.608226    17.08     0.07    3.862    0.214    138.353 
UVM2   58443.267147    17.04     0.06    3.995    0.207    156.303 
UVM2   58445.335180    17.11     0.06    3.743    0.196    160.256 
UVM2   58447.975888    17.08     0.08    3.861    0.272     79.824 
UVM2   58449.034770    17.23     0.08    3.370    0.220    111.966 
UVM2   58451.367145    17.39     0.07    2.919    0.174    156.542 
UVM2   58455.554718    17.39     0.07    2.909    0.179    144.217 
UVM2   58459.997774    17.54     0.08    2.529    0.167    144.054 
UVM2   58464.657570    17.61     0.07    2.379    0.128    249.570 
UVM2   58467.777506    17.65     0.06    2.303    0.118    284.221 
UVM2   58470.436080    17.74     0.07    2.113    0.120    243.522 
UVM2   58473.890036    17.60     0.06    2.399    0.121    279.150 
UVM2   58475.944559    17.71     0.07    2.166    0.128    218.351 
UVM2   58476.208460    17.76     0.07    2.072    0.125    216.668 
UVM2   58476.807560    17.72     0.09    2.148    0.159    133.695 
UVM2   58479.926053    17.83     0.08    1.943    0.134    177.120 
UVM2   58482.055636    18.07     0.08    1.571    0.108    224.150 
UVM2   58485.238358    18.19     0.09    1.406    0.105    210.229 
UVM2   58491.944506    18.28     0.09    1.295    0.099    227.407 
UVM2   58562.721163    17.53     0.07    2.556    0.154    181.789 
UVM2   58562.869006    17.53     0.07    2.567    0.150    194.418 
UVM2   58573.293744    18.18     0.07    1.425    0.075    475.316 
UVM2   58576.347280    18.19     0.07    1.406    0.075    464.566 
UVM2   58578.286167    18.37     0.06    1.200    0.061    637.081 
UVM2   58578.343726    18.32     0.06    1.254    0.055    832.444 
UVM2   58578.402777    18.26     0.06    1.324    0.057    828.893 
UVM2   58578.476573    18.30     0.05    1.269    0.049   1151.511 
UVM2   58578.540807    18.35     0.05    1.219    0.044   1447.004 
UVM2   58578.602342    18.41     0.05    1.148    0.043   1493.404 
UVM2   58578.619509    18.34     0.07    1.233    0.072    440.676 
UVM2   58578.670447    18.32     0.05    1.255    0.048   1248.384 
UVM2   58578.741517    18.33     0.06    1.240    0.054    853.934 
UVM2   58578.812773    18.44     0.08    1.118    0.070    427.798 
UVM2   58578.872685    18.33     0.05    1.241    0.047   1222.214 
UVM2   58578.940558    18.27     0.05    1.309    0.039   2336.186 
UVM2   58579.002865    18.27     0.05    1.309    0.044   1640.607 
UVM2   58579.059403    18.21     0.17    1.377    0.207     56.162 
UVM2   58579.081396    18.34     0.06    1.224    0.051    977.389 
UVM2   58579.126071    18.43     0.18    1.137    0.185     56.010 
UVM2   58579.148639    18.35     0.06    1.215    0.054    838.384 
UVM2   58579.193332    18.31     0.15    1.260    0.170     72.831 
UVM2   58579.211702    18.33     0.05    1.237    0.045   1410.649 
UVM2   58579.278453    18.33     0.06    1.238    0.052    949.927 
UVM2   58579.399948    18.39     0.12    1.177    0.123    128.722 
UVM2   58579.415863    18.37     0.07    1.195    0.062    582.081 
UVM2   58579.466619    18.16     0.11    1.444    0.137    127.961 
UVM2   58579.482416    18.39     0.07    1.171    0.063    560.863 
UVM2   58579.542343    18.36     0.05    1.210    0.042   1667.918 
UVM2   58579.602379    18.34     0.07    1.226    0.066    542.120 
UVM2   58579.617830    18.23     0.11    1.355    0.135    126.745 
UVM2   58579.669743    18.38     0.06    1.180    0.059    659.733 
UVM2   58579.736754    18.35     0.06    1.212    0.054    837.265 
UVM2   58579.804466    18.45     0.06    1.109    0.048   1013.788 
UVM2   58579.871129    18.39     0.05    1.178    0.042   1605.305 
UVM2   58579.943734    18.40     0.05    1.163    0.047   1185.619 
UVM2   58580.003315    18.39     0.05    1.176    0.037   2351.453 
UVM2   58580.075518    18.36     0.05    1.203    0.048   1094.589 
UVM2   58580.142522    18.45     0.05    1.110    0.044   1269.037 
UVM2   58580.211483    18.50     0.06    1.066    0.051    835.962 
UVM2   58580.269263    18.56     0.05    1.003    0.033   2307.160 
UVM2   58580.332584    18.52     0.05    1.043    0.037   1757.960 
UVM2   58582.125447    18.47     0.08    1.095    0.070    398.544 
UVM2   58585.247588    18.23     0.07    1.351    0.076    412.095 
UVM2   58588.033293    18.05     0.07    1.597    0.089    362.905 
UVM2   58591.363896    18.46     0.08    1.097    0.075    354.869 
UVM2   58594.745717    18.76     0.09    0.840    0.064    375.990 
UVM2   58597.199697    18.72     0.09    0.870    0.063    407.741 
UVM2   58597.730182    18.77     0.10    0.837    0.071    291.106 
UVM2   58599.329565    18.81     0.12    0.803    0.083    209.425 
UVM2   58601.775648    18.49     0.09    1.073    0.080    290.117 
UVM2   58609.017688    18.27     0.09    1.304    0.101    209.425 
UVM2   58611.539978    18.42     0.11    1.144    0.107    165.121 
UVM2   58617.717401    18.60     0.09    0.968    0.078    312.758 
UVM2   58620.307944    18.84     0.15    0.785    0.104    137.572 
UVM2   58621.299250    19.02     0.21    0.668    0.122     79.465 
UVM2   58621.965024    18.80     0.15    0.814    0.107    126.745 
UVM2   58623.233099    18.52     0.11    1.046    0.102    179.889 
UVM2   58626.950368    18.57     0.11    1.002    0.096    189.738 
UVM2   58629.813349    18.61     0.13    0.962    0.107    150.363 
UVM2   58629.877825    18.31     0.11    1.265    0.119    159.224 
UVM2   58632.987486    18.34     0.08    1.223    0.078    347.214 
UVM2   58635.711583    18.26     0.09    1.321    0.107    198.132 
UVM2   58638.029723    18.50     0.14    1.065    0.128    111.977 
UVM2   58638.162800    18.36     0.11    1.201    0.113    151.341 
UVM2   58643.549450    18.52     0.10    1.048    0.092    213.530 
UVM2   58650.843504    18.53     0.18    1.036    0.165     60.799 
UVM2   58651.327913    18.36     0.12    1.210    0.130    123.770 
UVM2   58651.515127    18.63     0.11    0.945    0.091    190.726 
UVM2   58653.433848    18.58     0.10    0.989    0.081    256.672 
UVM2   58653.506060    18.44     0.10    1.120    0.099    188.750 
UVM2   58658.683952    18.54     0.09    1.028    0.075    311.879 
UVM2   58662.079355    18.63     0.10    0.946    0.085    230.089 
UVM2   58663.069557    18.58     0.09    0.991    0.079    266.499 
UVM2   58666.196687    18.89     0.22    0.751    0.144     64.741 
UVM2   58666.778469    18.78     0.12    0.826    0.087    176.946 
UVM2   58667.441571    18.64     0.11    0.939    0.092    189.727 
UVM2   58668.844146    18.89     0.17    0.753    0.115     98.186 
UVM2   58669.916458    21.65     0.92    0.082    0.048    155.369 
UVM2   58670.898824    18.50     0.10    1.060    0.095    189.738 
UVM2   58672.235574    18.56     0.08    1.010    0.064    447.691 
UVM2   58673.486963    18.34     0.09    1.224    0.089    258.637 
UVM2   58675.028271    18.43     0.09    1.133    0.086    272.309 
UVM2   58676.012509    18.29     0.09    1.284    0.096    235.008 
UVM2   58678.478908    18.67     0.10    0.913    0.077    281.876 
UVM2   58678.875597    18.55     0.12    1.019    0.110    136.518 
UVM2   58679.202132    18.87     0.12    0.763    0.076    234.954 
UVM2   58681.274777    18.96     0.12    0.703    0.070    275.947 
UVM2   58681.404309    18.72     0.11    0.873    0.085    213.660 
UVM2   58682.190360    18.97     0.12    0.698    0.073    230.089 
UVM2   58684.067185    18.69     0.14    0.892    0.105    149.777 
UVM2   58684.191547    19.06     0.16    0.647    0.090    140.330 
UVM2   58690.767016    18.86     0.09    0.771    0.058    414.821 
UVM2   58691.627729    18.86     0.11    0.773    0.076    232.055 
UVM2   58693.547290    22.74     1.72    0.046    0.033    226.419 
UVM2   58696.683811    18.76     0.25    0.844    0.189     38.603 
UVM2   58696.731745    18.95     0.14    0.709    0.089    153.795 
UVM2   58697.465173    18.83     0.10    0.790    0.066    320.642 
UVM2   58699.532423    18.93     0.11    0.720    0.069    274.698 
UVM2   58699.728450    18.63     0.10    0.949    0.082    241.622 
UVM2   58700.925147    18.68     0.09    0.905    0.071    309.815 
UVM2   58702.646986    18.51     0.08    1.056    0.068    396.556 
UVM2   58702.704332    18.85     0.18    0.775    0.122     92.105 
UVM2   58703.978549    18.61     0.10    0.965    0.078    276.348 
UVM2   58705.569985    18.29     0.07    1.284    0.077    382.168 
UVM2   58706.620987    18.39     0.08    1.178    0.084    289.151 
UVM2   58708.554348    18.35     0.10    1.219    0.100    206.982 
UVM2   58709.416746    18.41     0.09    1.152    0.084    277.326 
UVM2   58711.017838    18.35     0.11    1.216    0.112    157.031 
UVM2   58712.011899    18.44     0.08    1.119    0.080    302.920 
UVM2   58716.264377    19.49     0.26    0.444    0.098     89.325 
UVM2   58716.588886    19.01     0.15    0.673    0.086    155.293 
UVM2   58721.174562    19.63     0.21    0.392    0.070    162.178 
UVM2   58730.004484    19.32     0.20    0.514    0.090    111.988 
UVM2   58732.798672    19.30     0.25    0.522    0.116     69.660 
UVM2   58733.002286    19.69     0.20    0.373    0.064    185.796 
UVM2   58733.262974    19.62     0.25    0.396    0.086     96.232 
UVM2   58740.503723    19.74     0.16    0.355    0.047    334.411 
UVM2   58745.482252    19.48     0.09    0.448    0.031    894.372 
UVM2   58750.328128    19.36     0.13    0.495    0.054    296.524 
UVM2   58750.996728    19.20     0.09    0.570    0.045    558.441 
UVM2   58807.221893    18.53     0.10    1.032    0.086    251.731 
UVM2   58975.534717    21.74     0.58    0.078    0.028    472.210 
UVW1   58383.694233    16.61     0.05    8.739    0.313    170.022 
UVW1   58383.753619    16.62     0.05    8.714    0.356    122.784 
UVW1   58389.945284    16.64     0.06    8.559    0.370    110.982 
UVW1   58393.117164    16.79     0.07    7.459    0.424     68.666 
UVW1   58395.454056    16.83     0.06    7.178    0.327    113.948 
UVW1   58395.855139    16.89     0.06    6.788    0.322    113.946 
UVW1   58395.920009    16.78     0.06    7.506    0.321    128.811 
UVW1   58395.989157    16.99     0.07    6.245    0.332     95.227 
UVW1   58396.247345    16.93     0.07    6.596    0.368     79.481 
UVW1   58397.842257    16.95     0.05    6.456    0.258    179.872 
UVW1   58397.980507    16.93     0.06    6.594    0.326    103.109 
UVW1   58398.976006    17.02     0.07    6.052    0.324     96.215 
UVW1   58399.639534    17.04     0.07    5.930    0.305    106.062 
UVW1   58399.706094    17.15     0.07    5.372    0.318     87.354 
UVW1   58399.772706    17.06     0.07    5.824    0.354     77.525 
UVW1   58399.838777    17.07     0.07    5.798    0.316     96.323 
UVW1   58401.082692    17.06     0.07    5.865    0.307    108.017 
UVW1   58401.150520    17.13     0.08    5.466    0.335     80.470 
UVW1   58401.347521    17.09     0.08    5.704    0.366     71.630 
UVW1   58403.746298    17.12     0.08    5.529    0.354     72.597 
UVW1   58404.472324    17.15     0.06    5.376    0.255    144.448 
UVW1   58404.602236    17.26     0.07    4.867    0.253    135.587 
UVW1   58404.672215    17.15     0.07    5.375    0.313     91.294 
UVW1   58406.131003    17.22     0.07    5.050    0.296    100.165 
UVW1   58408.452391    17.14     0.08    5.449    0.347     81.458 
UVW1   58409.985336    17.23     0.06    5.003    0.210    203.499 
UVW1   58412.372156    17.21     0.08    5.099    0.341     76.526 
UVW1   58413.900782    17.14     0.05    5.459    0.206    259.598 
UVW1   58415.960917    17.21     0.07    5.091    0.287    106.063 
UVW1   58416.166530    17.17     0.08    5.288    0.338     76.526 
UVW1   58417.361385    17.08     0.08    5.748    0.360     73.572 
UVW1   58417.828541    17.24     0.06    4.977    0.220    180.859 
UVW1   58417.886315    17.18     0.07    5.241    0.289    112.957 
UVW1   58418.631228    17.18     0.08    5.231    0.337     75.550 
UVW1   58420.152070    17.08     0.07    5.734    0.336     84.399 
UVW1   58421.814927    17.13     0.06    5.488    0.247    161.171 
UVW1   58421.940279    17.11     0.06    5.612    0.281    126.717 
UVW1   58423.537152    17.20     0.07    5.137    0.295    100.155 
UVW1   58425.005729    17.09     0.05    5.678    0.226    204.499 
UVW1   58425.062470    17.13     0.06    5.478    0.272    127.706 
UVW1   58426.524706    17.07     0.07    5.790    0.346     80.469 
UVW1   58427.320200    17.04     0.07    5.963    0.341     85.399 
UVW1   58428.846785    17.21     0.07    5.109    0.294    101.143 
UVW1   58429.849322    16.99     0.06    6.234    0.295    124.761 
UVW1   58430.045432    17.01     0.07    6.097    0.317    102.121 
UVW1   58431.505224    17.09     0.07    5.673    0.323     90.318 
UVW1   58434.955073    17.16     0.08    5.346    0.329     90.324 
UVW1   58439.072359    17.10     0.08    5.622    0.367     70.626 
UVW1   58440.001633    16.95     0.07    6.449    0.336    102.139 
UVW1   58441.603283    17.08     0.07    5.724    0.341     82.452 
UVW1   58443.261430    17.10     0.07    5.639    0.321     95.233 
UVW1   58445.329258    17.14     0.07    5.446    0.304    100.152 
UVW1   58447.971044    17.21     0.08    5.118    0.337     87.360 
UVW1   58449.030699    17.34     0.10    4.537    0.379     66.695 
UVW1   58451.361497    17.47     0.08    4.038    0.271     95.233 
UVW1   58455.549356    17.43     0.08    4.187    0.280     90.314 
UVW1   58459.992442    17.71     0.10    3.285    0.271     89.336 
UVW1   58464.648893    17.65     0.07    3.449    0.206    147.410 
UVW1   58467.767016    17.71     0.07    3.288    0.187    181.854 
UVW1   58470.426893    17.79     0.08    3.041    0.187    158.225 
UVW1   58473.879620    17.64     0.07    3.490    0.191    180.866 
UVW1   58475.936352    17.88     0.09    2.810    0.203    140.514 
UVW1   58476.199886    17.81     0.08    3.013    0.203    149.364 
UVW1   58476.802534    17.79     0.11    3.067    0.275     84.406 
UVW1   58479.918621    17.92     0.09    2.732    0.206    130.676 
UVW1   58482.046551    18.18     0.10    2.179    0.172    159.213 
UVW1   58485.229451    18.35     0.11    1.880    0.173    157.237 
UVW1   58491.936398    18.47     0.13    1.701    0.183    137.572 
UVW1   58562.717196    17.54     0.10    3.818    0.314     70.630 
UVW1   58562.865087    17.64     0.11    3.477    0.312     67.666 
UVW1   58573.284193    18.12     0.09    2.286    0.170    173.965 
UVW1   58576.337911    18.36     0.10    1.870    0.158    171.021 
UVW1   58582.117371    18.51     0.12    1.639    0.165    146.426 
UVW1   58585.239371    18.27     0.10    2.016    0.169    148.392 
UVW1   58588.025517    18.07     0.10    2.390    0.190    134.874 
UVW1   58591.355852    18.45     0.11    1.723    0.153    152.310 
UVW1   58594.737531    18.77     0.13    1.321    0.139    152.321 
UVW1   58597.191513    18.72     0.12    1.384    0.137    148.379 
UVW1   58597.733689    18.69     0.09    1.411    0.102    295.623 
UVW1   58599.332099    19.01     0.14    1.093    0.118    211.912 
UVW1   58601.778997    18.65     0.10    1.462    0.108    266.977 
UVW1   58609.020258    18.54     0.10    1.602    0.129    217.754 
UVW1   58611.542034    18.62     0.12    1.496    0.139    175.502 
UVW1   58617.720766    18.42     0.11    1.765    0.156    249.625 
UVW1   58620.309617    18.69     0.15    1.413    0.165    137.876 
UVW1   58621.300237    18.57     0.16    1.564    0.203     79.574 
UVW1   58621.966599    18.83     0.15    1.257    0.154    131.643 
UVW1   58623.235167    18.62     0.13    1.501    0.157    162.243 
UVW1   58626.952163    18.49     0.14    1.665    0.196    106.396 
UVW1   58629.815135    18.58     0.14    1.554    0.171    144.282 
UVW1   58629.879691    18.69     0.14    1.416    0.158    148.821 
UVW1   58632.991673    18.64     0.09    1.472    0.098    354.869 
UVW1   58638.031195    18.49     0.12    1.669    0.155    129.492 
UVW1   58638.164869    18.32     0.09    1.928    0.138    189.401 
UVW1   58650.844530    18.95     0.17    1.140    0.149    105.212 
UVW1   58651.329283    19.01     0.22    1.092    0.191    100.163 
UVW1   58651.517187    18.88     0.14    1.212    0.132    149.484 
UVW1   58653.437158    18.62     0.09    1.493    0.100    296.253 
UVW1   58653.508479    18.45     0.09    1.726    0.125    213.084 
UVW1   58658.687718    18.73     0.09    1.365    0.093    318.861 
UVW1   58662.082054    18.56     0.11    1.582    0.136    219.480 
UVW1   58663.072750    18.66     0.09    1.447    0.105    266.391 
UVW1   58666.197524    18.71     0.19    1.386    0.215     68.607 
UVW1   58666.780413    18.77     0.13    1.320    0.131    144.141 
UVW1   58667.443945    18.72     0.10    1.380    0.113    204.712 
UVW1   58668.845309    19.08     0.20    1.030    0.157     90.900 
UVW1   58670.901046    18.60     0.10    1.518    0.126    178.249 
UVW1   58672.220074    18.52     0.09    1.631    0.112    267.487 
UVW1   58673.490110    18.47     0.09    1.698    0.114    266.727 
UVW1   58675.017807    18.26     0.09    2.026    0.145    181.843 
UVW1   58676.015314    18.46     0.09    1.717    0.119    232.044 
UVW1   58678.468307    18.52     0.10    1.631    0.131    183.820 
UVW1   58678.870465    18.71     0.15    1.391    0.173     86.383 
UVW1   58679.204915    18.73     0.10    1.363    0.110    228.765 
UVW1   58681.263817    18.65     0.11    1.465    0.123    192.670 
UVW1   58681.395995    18.71     0.13    1.393    0.139    144.456 
UVW1   58682.193112    19.03     0.12    1.075    0.099    228.450 
UVW1   58684.056386    19.19     0.14    0.941    0.102    204.495 
UVW1   58684.186390    19.47     0.25    0.761    0.143     86.393 
UVW1   58690.751600    18.93     0.11    1.161    0.094    270.430 
UVW1   58691.630552    18.96     0.12    1.138    0.103    238.700 
UVW1   58696.673861    19.12     0.14    1.000    0.106    200.564 
UVW1   58696.725226    19.19     0.18    0.946    0.132    113.942 
UVW1   58697.468981    18.89     0.10    1.204    0.090    316.754 
UVW1   58699.522485    19.02     0.14    1.077    0.120    171.028 
UVW1   58699.719528    18.72     0.12    1.375    0.136    153.306 
UVW1   58700.928796    18.87     0.10    1.220    0.095    300.976 
UVW1   58702.633350    18.65     0.10    1.457    0.111    234.009 
UVW1   58702.699890    19.03     0.20    1.069    0.169     77.522 
UVW1   58703.981789    18.42     0.08    1.767    0.115    264.436 
UVW1   58705.555058    18.49     0.09    1.674    0.112    263.567 
UVW1   58706.623877    18.53     0.10    1.611    0.130    192.832 
UVW1   58708.546682    18.31     0.11    1.943    0.171    130.687 
UVW1   58709.419986    18.55     0.09    1.595    0.109    263.828 
UVW1   58711.011563    18.34     0.12    1.903    0.182    107.058 
UVW1   58712.015554    18.48     0.08    1.680    0.106    309.088 
UVW1   58716.265470    19.06     0.20    1.045    0.160     87.262 
UVW1   58716.590765    19.02     0.15    1.077    0.122    155.196 
UVW1   58716.789488    18.87     0.12    1.221    0.113    192.680 
UVW1   58721.176332    19.19     0.17    0.944    0.125    129.416 
UVW1   58730.005380    19.23     0.35    0.919    0.246     31.523 
UVW1   58732.799579    19.77     0.33    0.613    0.143     73.558 
UVW1   58733.004499    19.37     0.17    0.820    0.103    181.365 
UVW1   58733.264094    19.66     0.28    0.662    0.131     85.166 
UVW1   58740.507741    19.70     0.16    0.644    0.070    338.787 
UVW1   58759.557599    18.84     0.06    1.252    0.055    953.260 
UVW1   58761.814746    18.75     0.06    1.343    0.058    918.935 
UVW1   58765.652549    18.44     0.06    1.742    0.078    631.337 
UVW1   58769.437513    18.29     0.05    1.985    0.067   1062.566 
UVW1   58779.597639    18.20     0.06    2.144    0.087    639.438 
UVW1   58783.184784    18.41     0.06    1.790    0.082    582.113 
UVW1   58783.787650    18.30     0.12    1.962    0.195     94.244 
UVW1   58783.848883    18.42     0.08    1.778    0.109    310.000 
UVW1   58787.447915    18.42     0.06    1.778    0.080    592.549 
UVW1   58795.070916    18.72     0.07    1.384    0.063    814.548 
UVW1   58799.981911    19.13     0.13    0.988    0.098    243.641 
UVW1   58803.172940    19.15     0.18    0.978    0.135    116.114 
UVW1   58807.224418    18.99     0.14    1.104    0.121    168.085 
UVW1   58814.062884    19.37     0.09    0.819    0.050    881.493 
UVW1   58815.994350    19.24     0.08    0.908    0.049    962.849 
UVW1   58817.117766    19.22     0.08    0.923    0.054    877.639 
UVW1   58818.304932    19.52     0.10    0.734    0.049   1052.641 
UVW1   58819.438949    19.63     0.10    0.676    0.044   1054.584 
UVW1   58822.900078    19.73     0.11    0.630    0.047    815.363 
UVW1   58825.422660    20.05     0.14    0.507    0.043    872.187 
UVW1   58828.267459    20.01     0.20    0.519    0.068    575.728 
UVW1   58828.401682    19.98     0.23    0.532    0.081    306.297 
UVW1   58831.128929    20.04     0.14    0.511    0.046    869.158 
UVW1   58834.454196    19.64     0.10    0.673    0.047    941.804 
UVW1   58838.634899    19.35     0.09    0.835    0.051    916.774 
UVW1   58841.088021    19.11     0.08    1.008    0.059    858.169 
UVW1   58844.674592    19.15     0.08    0.975    0.053   1016.057 
UVW1   58847.531061    18.73     0.07    1.367    0.063    978.887 
UVW1   58851.110560    18.52     0.06    1.635    0.069    922.453 
UVW1   58855.886335    18.51     0.51    1.649    0.710      7.873 
UVW1   58857.560924    18.74     0.07    1.355    0.062    978.561 
UVW1   58930.058749    22.04     0.77    0.201    0.040   1348.481 
UVW1   58930.253240    21.26     0.53    0.262    0.057    750.025 
UVW1   58947.188156    22.36     0.92    0.186    0.036   1189.430 
UVW1   58947.857605    21.56     0.72    0.233    0.060    479.812 
UVW1   58954.297352    22.28     0.74    0.189    0.030   1514.970 
UVW1   58961.724611    21.73     0.44    0.220    0.030   1367.093 
UVW1   58968.772588    21.96     1.21    0.205    0.069    293.907 
UVW1   58972.022888    21.46     0.45    0.241    0.040   1069.678 
UVW1   58975.540312    21.38     0.64    0.250    0.062    468.508 
U      58383.695618    17.01     0.07    9.974    0.512     56.857 
U      58383.754632    16.90     0.07   10.897    0.623     41.101 
U      58389.946203    17.15     0.09    8.911    0.585     37.170 
U      58393.117750    17.19     0.11    8.681    0.740     22.391 
U      58395.454999    17.21     0.09    8.514    0.565     38.147 
U      58395.856081    17.30     0.09    7.945    0.557     38.147 
U      58395.921067    17.53     0.10    6.709    0.489     43.077 
U      58395.989954    17.27     0.10    8.153    0.610     31.274 
U      58396.248015    17.23     0.10    8.396    0.667     26.344 
U      58397.843717    17.40     0.08    7.392    0.434     59.811 
U      58397.981366    17.24     0.10    8.354    0.596     34.227 
U      58398.976813    17.51     0.11    6.763    0.559     32.251 
U      58399.640423    17.51     0.11    6.783    0.530     35.194 
U      58399.706829    17.27     0.10    8.166    0.640     29.297 
U      58399.773359    17.57     0.13    6.476    0.609     25.356 
U      58399.839580    17.46     0.11    7.067    0.565     32.251 
U      58401.083588    17.48     0.11    6.961    0.557     36.193 
U      58401.151195    17.59     0.13    6.391    0.618     26.344 
U      58401.348131    17.13     0.11    9.069    0.785     23.336 
U      58403.746918    17.61     0.14    6.292    0.623     24.378 
U      58404.473505    17.76     0.11    5.654    0.427     47.899 
U      58404.603348    17.70     0.12    5.914    0.479     44.999 
U      58404.672981    17.60     0.12    6.353    0.565     30.285 
U      58406.131842    17.81     0.14    5.446    0.516     33.217 
U      58408.453079    17.50     0.14    6.840    0.716     27.310 
U      58409.986986    17.66     0.09    6.074    0.380     67.673 
U      58412.372806    17.31     0.13    7.926    0.751     25.377 
U      58413.902870    17.57     0.08    6.471    0.366     86.393 
U      58415.961797    17.44     0.11    7.136    0.577     35.194 
U      58416.167180    17.48     0.12    6.941    0.629     25.366 
U      58417.362013    17.61     0.14    6.311    0.624     24.378 
U      58417.830008    17.40     0.08    7.343    0.429     59.811 
U      58417.887250    17.76     0.14    5.656    0.548     37.170 
U      58418.631874    17.37     0.12    7.514    0.659     25.356 
U      58420.152784    17.52     0.12    6.727    0.606     28.320 
U      58421.816243    17.50     0.09    6.836    0.442     53.904 
U      58421.941324    17.58     0.11    6.445    0.492     42.089 
U      58423.537987    17.53     0.11    6.697    0.550     33.239 
U      58425.007381    17.45     0.08    7.094    0.407     67.694 
U      58425.063517    17.41     0.10    7.303    0.516     42.089 
U      58426.525382    17.48     0.12    6.919    0.631     26.355 
U      58427.320919    17.49     0.12    6.874    0.607     28.309 
U      58428.847624    17.55     0.12    6.585    0.561     33.228 
U      58429.850346    17.41     0.10    7.331    0.514     41.101 
U      58430.046285    17.50     0.11    6.826    0.550     34.216 
U      58431.505984    17.38     0.11    7.490    0.612     30.286 
U      58434.955920    17.41     0.10    7.308    0.558     45.010 
U      58439.073031    17.34     0.11    7.741    0.647     35.215 
U      58440.002581    17.49     0.10    6.887    0.519     50.950 
U      58441.604061    17.38     0.10    7.457    0.523     41.123 
U      58443.262320    17.55     0.10    6.597    0.467     47.996 
U      58445.330190    17.55     0.10    6.592    0.458     49.973 
U      58447.971864    17.71     0.13    5.876    0.520     43.088 
U      58449.031344    17.69     0.16    5.959    0.669     33.250 
U      58451.362382    17.93     0.13    5.027    0.433     47.008 
U      58455.550201    17.61     0.11    6.321    0.476     45.064 
U      58459.993281    18.20     0.18    4.203    0.461     45.043 
U      58464.650242    17.91     0.10    5.098    0.347     73.602 
U      58467.768670    17.98     0.11    4.858    0.349     90.324 
U      58470.428342    18.23     0.13    4.118    0.318     79.466 
U      58473.881265    18.28     0.13    3.982    0.308     90.324 
U      58475.937646    18.69     0.22    3.149    0.369     70.648 
U      58476.201253    18.32     0.17    3.902    0.398     74.546 
U      58476.803330    18.14     0.17    4.376    0.474     42.100 
U      58479.919820    18.05     0.15    4.632    0.453     64.741 
U      58482.048004    18.51     0.17    3.480    0.340     79.476 
U      58485.230891    18.73     0.24    3.072    0.384     78.521 
U      58491.937669    18.36     0.17    3.803    0.389     68.672 
U      58562.717797    18.14     0.22    4.364    0.628     23.390 
U      58562.865664    18.33     0.31    3.868    0.742     22.413 
U      58573.285606    18.54     0.24    3.414    0.452     57.813 
U      58576.339302    19.64     0.62    2.063    0.437     56.803 
U      58582.118569    18.79     0.31    2.975    0.468     48.974 
U      58585.240582    18.74     0.28    3.061    0.441     48.985 
U      58588.026698    19.37     0.46    2.281    0.417     47.996 
U      58591.357101    18.97     0.28    2.727    0.357     50.950 
U      58594.738789    19.24     0.33    2.406    0.331     50.950 
U      58597.192726    20.23     0.80    1.737    0.323     48.974 
U      58672.222487    19.17     0.19    2.480    0.194    133.641 
U      58675.019465    18.94     0.19    2.759    0.242     91.313 
U      58678.469982    18.95     0.19    2.751    0.242     92.301 
U      58678.871276    19.19     0.32    2.454    0.333     43.077 
U      58681.265568    19.33     0.25    2.316    0.229     96.232 
U      58681.397339    20.53     0.81    1.630    0.244     71.625 
U      58684.058241    19.51     0.28    2.159    0.209    102.139 
U      58684.187200    19.94     0.59    1.875    0.309     43.186 
U      58690.754035    19.48     0.24    2.184    0.184    134.618 
U      58696.675683    20.95     1.00    1.520    0.201    100.173 
U      58696.726279    19.56     0.38    2.123    0.281     56.868 
U      58699.524043    19.74     0.36    1.997    0.226     85.405 
U      58699.720930    19.01     0.21    2.664    0.260     76.544 
U      58702.635466    19.68     0.30    2.035    0.198    116.907 
U      58702.700627    20.23     0.82    1.737    0.330     38.115 
U      58705.557434    19.16     0.19    2.496    0.196    131.664 
U      58708.547887    18.81     0.19    2.946    0.286     65.729 
U      58711.012562    19.23     0.30    2.412    0.301     53.914 
U      58716.791240    19.82     0.37    1.942    0.213     96.232 
U      58807.225947    18.99     0.21    2.689    0.258     83.440 
B      58383.696344    17.40     0.13    7.486    0.501     56.868 
B      58383.755168    17.36     0.15    7.646    0.582     41.123 
B      58389.946694    17.29     0.15    7.963    0.627     37.181 
B      58393.118076    17.52     0.22    7.052    0.777     22.380 
B      58395.455506    18.01     0.25    5.648    0.543     38.158 
B      58395.856582    17.75     0.21    6.317    0.577     38.158 
B      58395.921624    17.46     0.16    7.275    0.565     43.088 
B      58395.990372    17.64     0.21    6.652    0.649     31.285 
B      58396.248376    17.67     0.23    6.563    0.690     26.344 
B      58397.844485    17.55     0.15    6.940    0.479     59.811 
B      58397.981821    17.85     0.24    6.036    0.592     34.227 
B      58398.977245    17.85     0.25    6.032    0.619     32.251 
B      58399.640892    18.17     0.30    5.320    0.561     35.215 
B      58399.707225    17.96     0.28    5.765    0.646     29.308 
B      58399.773710    18.05     0.32    5.572    0.688     25.366 
B      58399.840015    17.63     0.21    6.688    0.645     32.262 
B      58401.084068    17.66     0.20    6.595    0.606     36.193 
B      58401.151561    17.71     0.24    6.441    0.702     26.355 
B      58401.348457    17.51     0.24    7.088    0.825     23.401 
B      58403.747256    18.16     0.36    5.336    0.694     24.367 
B      58404.474123    18.57     0.37    4.668    0.473     48.007 
B      58404.603936    17.63     0.18    6.693    0.556     45.064 
B      58404.673389    18.13     0.31    5.407    0.616     30.296 
B      58406.132293    17.72     0.22    6.393    0.625     33.239 
B      58408.453452    17.54     0.26    6.987    0.880     27.299 
B      58409.987834    17.95     0.19    5.783    0.420     67.694 
B      58412.373155    18.18     0.43    5.303    0.808     25.377 
B      58413.903939    17.87     0.16    5.998    0.389     86.372 
B      58415.962265    17.73     0.23    6.385    0.653     35.215 
B      58416.167529    17.57     0.22    6.866    0.724     25.366 
B      58417.362357    17.40     0.20    7.509    0.762     24.389 
B      58417.830763    17.82     0.18    6.127    0.455     59.811 
B      58417.887740    17.60     0.21    6.791    0.666     37.181 
B      58418.632222    17.83     0.27    6.085    0.702     25.366 
B      58420.153184    17.55     0.20    6.954    0.678     28.320 
B      58421.816929    18.44     0.32    4.849    0.468     53.914 
B      58421.941873    17.57     0.17    6.891    0.561     42.111 
B      58423.538430    17.78     0.23    6.223    0.625     33.250 
B      58425.008230    17.71     0.16    6.429    0.441     67.684 
B      58425.064063    17.57     0.18    6.876    0.573     42.100 
B      58426.525753    18.04     0.32    5.585    0.677     26.355 
B      58427.321303    17.41     0.18    7.452    0.699     28.320 
B      58428.848068    17.78     0.23    6.243    0.623     33.239 
B      58429.850881    17.63     0.18    6.666    0.559     41.123 
B      58430.046739    17.39     0.17    7.524    0.654     34.227 
B      58431.506391    17.59     0.21    6.793    0.664     30.296 
B      58434.956502    17.75     0.23    6.311    0.648     45.054 
B      58439.073499    17.15     0.16    8.592    0.758     35.215 
B      58440.003234    17.87     0.24    5.999    0.598     50.950 
B      58441.604595    17.60     0.18    6.778    0.571     41.112 
B      58443.262937    17.69     0.18    6.491    0.531     48.018 
B      58445.330831    17.90     0.21    5.927    0.505     49.951 
B      58447.972430    17.74     0.22    6.343    0.627     43.088 
B      58449.031787    17.90     0.32    5.927    0.781     33.239 
B      58451.362987    17.86     0.22    6.020    0.538     47.008 
B      58455.550784    17.77     0.20    6.247    0.550     45.054 
B      58459.993864    18.33     0.36    5.029    0.594     45.043 
B      58464.651161    18.25     0.25    5.164    0.420     73.602 
B      58467.769789    18.33     0.27    5.024    0.430     90.324 
B      58470.429339    18.86     0.41    4.328    0.396     79.498 
B      58473.882384    18.92     0.43    4.271    0.394     90.324 
B      58475.938530    18.39     0.34    4.926    0.514     70.648 
B      58476.202188    18.24     0.30    5.181    0.532     74.579 
B      58476.803877    19.00     0.69    4.189    0.609     42.100 
B      58479.920634    18.27     0.34    5.134    0.583     64.741 
B      58482.049001    18.71     0.41    4.497    0.464     79.509 
B      58485.231867    19.37     0.83    3.909    0.518     78.521 
B      58491.938532    18.98     0.57    4.209    0.508     68.683 
B      58562.718122    19.12     0.99    4.089    0.791     23.401 
B      58562.865979    21.66    12.30    3.295    0.950     22.424 
B      58573.286337    18.33     0.38    5.032    0.625     57.835 
B      58576.340022    20.70     3.36    3.416    0.621     56.814 
B      58582.119197    18.48     0.45    4.794    0.648     48.995 
B      58585.241211    18.28     0.35    5.111    0.600     48.985 
B      58588.027315    19.54     1.07    3.806    0.573     48.007 
B      58591.357752    20.81     2.85    3.396    0.469     50.972 
B      58594.739443    19.30     0.71    3.955    0.468     50.950 
B      58597.193354    18.92     0.52    4.267    0.490     48.995 
B      58672.224113    20.46     1.25    3.466    0.265    133.630 
B      58675.020593    18.90     0.37    4.292    0.338     91.323 
B      58678.471125    19.38     0.54    3.906    0.322     92.301 
B      58678.871836    19.49     0.85    3.837    0.473     43.045 
B      58681.266753    19.30     0.50    3.954    0.319     96.221 
B      58681.398233    21.08     2.85    3.356    0.360     71.625 
B      58684.059498    19.94     0.87    3.624    0.306    102.095 
B      58684.187766    20.11     1.49    3.564    0.469     43.088 
B      58690.755673    19.58     0.56    3.788    0.268    134.618 
B      58696.676915    21.85     5.05    3.282    0.305    100.173 
B      58696.727002    18.80     0.40    4.394    0.416     56.857 
B      58699.525102    19.32     0.54    3.945    0.339     85.405 
B      58699.721888    18.82     0.37    4.366    0.369     76.544 
B      58702.636897    20.04     0.89    3.589    0.283    116.896 
B      58702.701127    19.01     0.59    4.181    0.507     38.169 
B      58705.559040    19.63     0.59    3.758    0.269    131.664 
B      58708.548714    18.91     0.43    4.281    0.396     65.729 
B      58711.013260    19.14     0.57    4.071    0.429     53.914 
B      58716.792424    19.22     0.47    4.016    0.323     96.232 
V      58383.700465    17.24     0.24    4.655    0.390     56.868 
V      58383.758171    17.60     0.38    4.146    0.441     41.112 
V      58389.949434    18.89     1.19    3.250    0.426     37.159 
V      58393.119793    17.21     0.36    4.713    0.609     22.413 
V      58395.458304    17.83     0.47    3.900    0.445     38.158 
V      58395.859381    18.91     1.25    3.245    0.443     38.169 
V      58395.924772    17.49     0.33    4.294    0.438     43.045 
V      58395.992726    18.30     0.80    3.533    0.496     31.263 
V      58396.250368    18.04     0.68    3.723    0.542     26.300 
V      58397.848836    18.61     0.75    3.367    0.349     59.811 
V      58397.984362    17.83     0.49    3.902    0.469     34.238 
V      58398.979626    19.16     1.66    3.165    0.465     32.262 
V      58399.643490    19.46     2.09    3.091    0.446     35.205 
V      58399.709395    18.98     1.45    3.219    0.480     29.308 
V      58399.775646    18.05     0.70    3.710    0.546     25.366 
V      58399.842404    18.17     0.68    3.625    0.479     32.262 
V      58401.153572    18.66     1.18    3.347    0.528     26.355 
V      58401.350243    18.09     0.77    3.679    0.577     23.412 
V      58403.749078    18.50     1.04    3.423    0.541     24.400 
V      58404.477643    18.08     0.52    3.691    0.395     47.996 
V      58404.675655    23.51    93.72    2.863    0.478     30.296 
V      58406.134750    19.57     2.37    3.068    0.456     33.228 
V      58408.455483    18.04     0.69    3.724    0.549     27.332 
V      58409.992753    18.01     0.43    3.743    0.342     67.684 
V      58412.375081    18.68     1.28    3.336    0.562     25.366 
V      58413.910176    19.26     1.15    3.138    0.290     86.383 
V      58415.964874    17.98     0.56    3.770    0.466     35.215 
V      58416.169447    18.43     1.02    3.460    0.565     25.356 
V      58417.364222    20.59     7.08    2.940    0.535     24.367 
V      58417.835136    18.71     0.81    3.322    0.342     59.811 
V      58417.890502    17.82     0.48    3.910    0.456     37.181 
V      58418.634125    18.35     0.92    3.506    0.544     25.366 
V      58420.155294    18.76     1.21    3.303    0.494     28.320 
V      58421.820859    17.55     0.33    4.217    0.403     53.914 
V      58421.944958    17.33     0.30    4.523    0.460     42.100 
V      58423.540902    18.29     0.78    3.541    0.485     33.250 
V      58425.013147    18.16     0.49    3.632    0.341     67.694 
V      58425.067184    18.27     0.67    3.557    0.424     42.089 
V      58426.527748    18.21     0.80    3.595    0.543     26.355 
V      58427.323431    17.69     0.50    4.049    0.549     28.320 
V      58428.850579    17.94     0.56    3.806    0.483     33.239 
V      58429.853931    17.34     0.31    4.499    0.457     41.112 
V      58430.049254    18.32     0.79    3.524    0.480     34.227 
V      58431.508640    18.44     0.93    3.454    0.507     30.286 
V      58434.959262    17.88     0.47    3.856    0.428     45.054 
V      58439.075720    19.17     1.74    3.162    0.485     35.215 
V      58440.006353    18.83     1.05    3.273    0.397     50.961 
V      58441.607123    17.89     0.51    3.844    0.456     41.123 
V      58443.265898    18.07     0.54    3.699    0.413     48.007 
V      58445.333897    18.84     1.03    3.272    0.387     49.984 
V      58447.975107    19.77     2.77    3.032    0.443     43.088 
V      58449.033867    17.38     0.40    4.449    0.583     33.250 
V      58451.365900    19.22     1.53    3.150    0.408     47.019 
V      58459.996615    19.84     2.97    3.022    0.447     45.054 
V      58464.655617    18.38     0.60    3.489    0.343     73.591 
V      58467.775254    19.12     1.07    3.175    0.307     90.335 
V      58473.887812    19.07     1.04    3.191    0.315     90.335 
V      58475.942811    19.15     1.29    3.167    0.364     70.648 
V      58476.206699    21.33     9.44    2.899    0.358     74.590 
V      58476.806479    18.58     0.99    3.380    0.470     42.057 
V      58479.924581    18.16     0.60    3.628    0.418     64.741 
V      58482.053803    19.94     2.56    3.006    0.347     79.509 
V      58562.719909    19.63     3.76    3.056    0.686     23.401 
V      58562.867683    17.71     0.73    4.025    0.785     22.424 
V      58576.344152    20.14     4.25    2.982    0.486     56.857 
V      58582.122768    19.40     2.16    3.103    0.486     48.995 
V      58585.244830    19.23     1.65    3.146    0.434     48.995 
V      58594.743159    18.87     1.08    3.260    0.397     50.950 
V      58597.196948    20.29     3.95    2.966    0.392     48.985 
V      58672.232106    19.29     0.95    3.130    0.231    133.641 
V      58675.026083    20.23     2.68    2.972    0.277     91.302 
V      58684.190421    18.52     0.82    3.410    0.413     43.088 
V      58690.763735    20.63     3.18    2.937    0.225    134.607 
V      58696.682946    19.41     1.35    3.102    0.298    100.163 
V      58699.530254    19.38     1.26    3.109    0.287     85.405 
V      58699.726530    19.24     1.17    3.144    0.304     76.555 
V      58702.703517    21.75    16.35    2.885    0.422     38.169 
V      58705.566915    20.83     3.89    2.923    0.229    131.664 
V      58708.552697    19.85     2.20    3.020    0.324     65.718 
V      58711.016550    18.17     0.55    3.622    0.380     53.914 
