Time	source_rate (Background-subtracted)	error_on_source_rate	Background_rate	Error_on_background_rate
660774770.57613	0.5886647572582928	0.058309518948453	0.01633524274170714	0.019364916731037084
660774970.57613	0.594308692527171	0.05958187643906493	0.020691307472829046	0.02179449471770337
660775170.57613	0.49866475725829285	0.054313902456001074	0.01633524274170714	0.019364916731037084
660775370.57613	0.5619318058066343	0.05634713834792322	0.013068194193365712	0.017320508075688773
660775570.57613	0.4758427896238538	0.052678268764263694	0.014157210376146189	0.018027756377319945
660775770.57613	0.5519318058066343	0.05590169943749474	0.013068194193365712	0.017320508075688773
660775970.57613	0.6097537734410733	0.058949130612757986	0.015246226558926665	0.01870828693386971
660776170.57613	0.55713066016161	0.05852349955359812	0.022869339838389995	0.0229128784747792
660776370.57613	0.5097537734410733	0.05454356057317857	0.015246226558926665	0.01870828693386971
660776570.57613	0.6188636116132686	0.06184658438426491	0.026136388386731425	0.02449489742783178
660776770.57613	0.6251988543549757	0.058309518948453	0.009801145645024285	0.015
660776970.57613	0.5008427896238539	0.053851648071345036	0.014157210376146189	0.018027756377319945
660777170.57613	0.5947537734410733	0.058309518948453	0.015246226558926665	0.01870828693386971
660777370.57613	0.6103977087099515	0.060000000000000005	0.01960229129004857	0.021213203435596423
660777570.57613	0.5286647572582929	0.055677643628300216	0.01633524274170714	0.019364916731037084
660777770.57613	0.5551988543549756	0.055226805085936304	0.009801145645024285	0.015
660777970.57613	0.5491098381721953	0.05522680508593631	0.010890161827804761	0.0158113883008419
660778170.57613	0.5180208219894148	0.05408326913195984	0.011979178010585236	0.016583123951777
660778370.57613	0.5125757410755124	0.05522680508593631	0.017424258924487616	0.02
660778570.57613	0.5019318058066343	0.053619026473818034	0.013068194193365712	0.017320508075688773
660778770.57613	0.6525757410755124	0.06123724356957945	0.017424258924487616	0.02
660778970.57613	0.5610416439788295	0.05894913061275798	0.02395835602117047	0.02345207879911715
660779170.57613	0.5701988543549756	0.055901699437494734	0.009801145645024285	0.015
660779370.57613	0.5247537734410733	0.055226805085936304	0.015246226558926665	0.01870828693386971
660779570.57613	0.5741098381721952	0.05634713834792323	0.010890161827804761	0.0158113883008419
660779770.57613	0.5386647572582929	0.05612486080160912	0.01633524274170714	0.019364916731037084
660779970.57613	0.5097537734410733	0.05454356057317857	0.015246226558926665	0.01870828693386971
660780170.57613	0.519308692527171	0.05634713834792323	0.020691307472829046	0.02179449471770337
660780370.57613	0.49430869252717097	0.055226805085936304	0.020691307472829046	0.02179449471770337
660780570.57613	0.5380208219894148	0.055	0.011979178010585236	0.016583123951777
660780770.57613	0.5886647572582928	0.058309518948453	0.01633524274170714	0.019364916731037084
660780970.57613	0.5297537734410733	0.05545268253204708	0.015246226558926665	0.01870828693386971
660781170.57613	0.5608427896238538	0.0565685424949238	0.014157210376146189	0.018027756377319945
660781370.57613	0.6155965630649272	0.06244997998398398	0.029403436935072854	0.02598076211353316
660781570.57613	0.5010416439788296	0.05634713834792322	0.02395835602117047	0.02345207879911715
660781770.57613	0.6597537734410733	0.06103277807866851	0.015246226558926665	0.01870828693386971
660781970.57613	0.5964867248927319	0.05916079783099616	0.018513275107268093	0.0206155281280883
660782170.57613	0.49366475725829284	0.054083269131959835	0.01633524274170714	0.019364916731037084
660782370.57613	0.5447537734410733	0.056124860801609125	0.015246226558926665	0.01870828693386971
660782570.57613	0.49648672489273193	0.054772255750516606	0.018513275107268093	0.0206155281280883
660782770.57613	0.5714867248927319	0.05809475019311125	0.018513275107268093	0.0206155281280883
660782970.57613	0.46802082198941475	0.051720402163943	0.011979178010585236	0.016583123951777
660783170.57613	0.5232196763443905	0.05678908345800274	0.021780323655609522	0.022360679774997897
660783370.57613	0.5969318058066343	0.057879184513951125	0.013068194193365712	0.017320508075688773
660783570.57613	0.5647537734410732	0.057008771254956896	0.015246226558926665	0.01870828693386971
660784770.57613	0.5038636116132686	0.0570087712549569	0.026136388386731425	0.02449489742783178
660784970.57613	0.5519318058066343	0.05590169943749474	0.013068194193365712	0.017320508075688773
660785170.57613	0.5980208219894148	0.057662812973353975	0.011979178010585236	0.016583123951777
660785370.57613	0.5253977087099515	0.05634713834792322	0.01960229129004857	0.021213203435596423
660785570.57613	0.4908427896238538	0.05338539126015656	0.014157210376146189	0.018027756377319945
660785770.57613	0.5569318058066343	0.05612486080160912	0.013068194193365712	0.017320508075688773
660785970.57613	0.61213066016161	0.0608276253029822	0.022869339838389995	0.0229128784747792
660786170.57613	0.57213066016161	0.059160797830996155	0.022869339838389995	0.0229128784747792
660786370.57613	0.5158427896238539	0.05454356057317857	0.014157210376146189	0.018027756377319945
660786570.57613	0.5958427896238538	0.05809475019311125	0.014157210376146189	0.018027756377319945
660786770.57613	0.7047537734410733	0.06284902544988268	0.015246226558926665	0.01870828693386971
660786970.57613	0.5808427896238538	0.05744562646538028	0.014157210376146189	0.018027756377319945
660791770.57613	0.5386647572582929	0.05612486080160912	0.01633524274170714	0.019364916731037084
660791970.57613	0.45519885435497576	0.05049752469181039	0.009801145645024285	0.015
660792170.57613	0.5351988543549757	0.05431390245600108	0.009801145645024285	0.015
660792370.57613	0.5647537734410732	0.057008771254956896	0.015246226558926665	0.01870828693386971
660792570.57613	0.6136647572582928	0.05937171043518959	0.01633524274170714	0.019364916731037084
660792770.57613	0.526486724892732	0.05612486080160912	0.018513275107268093	0.0206155281280883
660792970.57613	0.57713066016161	0.05937171043518959	0.022869339838389995	0.0229128784747792
660793170.57613	0.5175757410755124	0.05545268253204709	0.017424258924487616	0.02
660793370.57613	0.5062878705377563	0.052678268764263694	0.008712129462243808	0.01414213562373095
660793570.57613	0.5664867248927319	0.057879184513951125	0.018513275107268093	0.0206155281280883
660793770.57613	0.5986647572582928	0.05873670062235366	0.01633524274170714	0.019364916731037084
660793970.57613	0.44648672489273195	0.05244044240850758	0.018513275107268093	0.0206155281280883
660794170.57613	0.48213066016161	0.055226805085936304	0.022869339838389995	0.0229128784747792
660794370.57613	0.6103977087099515	0.060000000000000005	0.01960229129004857	0.021213203435596423
660794570.57613	0.5530208219894147	0.05567764362830022	0.011979178010585236	0.016583123951777
