00010883001	0.0044059483	0.0016653441712069694	0.0005891459440132499	0.00019638650753885906	7.478534611354503	58383.693929288	559329779.7527318	1950.3829518512	0.12604602272727275
00010883002	0.04949042	0.00861517588297526	0.0008519444233311913	0.00038100116005235105	58.09113473813089	58389.944777617	559867539.6021401	749.18912462796	0.12604602272727275
00010883003	0.032127663	0.008910610320720267	0.000821185144441287	0.0004741114197154773	39.12353226386634	58393.117453795	560141518.8238803	471.99287701583	0.12604602272727275
00010883005	0.0248139	0.003133150755159007	0.000519841644610543	0.00015009231314516518	47.733574306016294	58395.454082965	560373857.0824621	2984.2703705383	0.12604602272727275
00010883006	0.019731663	0.007457867707356368	0.001041340124714506	0.0005206700396929423	18.948336570518965	58396.247617568	560411982.4739	506.95458415354	0.12604602272727275
00010883007	0.04827428	0.00546695969321511	0.0006155604024920402	0.0002051880787232213	78.4233008577437	58397.84189303	560554384.3310393	1872.9678801248	0.12604602272727275
00010883008	0.04526683	0.0090533663907389	0.0010076539145666176	0.0004506365971111759	44.92299268298463	58398.975974065	560647777.4751797	634.31497728819	0.12604602272727275
00010883009	0.030909188	0.0038339142492060355	0.00021421652394419655	0.0001071084621718477	144.28946713656302	58399.639604046	560713344.1803843	2427.3790105164	0.12604602272727275
00010883010	0.02759263	0.004742518481281068	0.00044534928662482847	0.0001991666104274125	61.95727718208798	58401.082751843	560839955.5057956	1443.4485110241	0.12604602272727275
00010883011	0.051625755	0.006400375804681888	0.0007081884707541164	0.0002044364020389543	72.89832695134955	58404.472172808	561132207.2075397	2177.6438376599	0.12604602272727275
00010883013	0.03859608	0.009649020119717246	0.0005409874859575543	0.00038253593401938824	71.34375517976328	58403.746568136	561059876.8029604	476.98733928805	0.12604602272727275
00010883015	0.032748397	0.007512998580932617	0.0005684963081098184	0.00032822150512288017	57.60529483226147	58406.131090066	561265999.4976798	674.27118071055	0.12604602272727275
00010883016	0.032457884	0.008114471091880454	0.00046176512324282994	0.000326517249580189	70.29089631789766	58408.452606313	561466518.5014199	554.40267278376	0.12604602272727275
00010883017	0.02141991	0.0042007900502559915	0.0002806682143201629	0.00016204388512529598	76.31755083458157	58409.984817204	561599309.0224601	1368.5105295886	0.12604602272727275
00010883018	0.03745716	0.009084695861453102	0.00048774761768542133	0.000344889636417101	76.79619396079194	58412.372402609	561805173.9014399	524.43543162373	0.12604602272727275
00010883019	0.033258747	0.004751249438240414	0.0005350884871763729	0.00020224443285260353	62.1556024966087	58413.89995127	561937731.962863	1680.1847715654	0.12604602272727275
00010883021	0.039349124	0.008389262121115158	0.0007854172074815408	0.0003927086173194073	50.099645717895044	58415.960987776	562115300.15982	669.27665943758	0.12604602272727275
00010883022	0.031591255	0.00999003086449965	0.000723352905886449	0.0004176279911271411	43.673364633928436	58416.166770277	562133009.7679199	531.92727068326	0.12604602272727275
00010883023	0.059505064	0.006010919188459714	0.0008087564717557558	0.00023346880896688992	73.57599737191711	58417.828171185	562278769.6370693	1922.9131147966	0.12604602272727275
00010883024	0.042487934	0.009747400879859924	0.0007456269190847791	0.0004304879083057176	56.98283302849366	58418.631477148	562345955.44162	519.44087059793	0.12604602272727275
00010883025	0.026239285	0.0082975902942696	0.0005173282765836287	0.0003658063055993605	50.720763648990385	58417.361645915	562236229.5230799	494.46828437767	0.12604602272727275
00010883027	0.06338359	0.012676716869712895	0.0006570532495949672	0.00037934984471518687	96.46643821304143	58420.15226861	562477384.3239202	584.36972037956	0.12604602272727275
00010883028	0.031910148	0.005469679832458496	0.0008021567163160813	0.00023156332211451044	39.780440491064454	58421.814676017	562625979.9757127	1912.9240701584	0.12604602272727275
00010883029	0.055417296	0.01430868313593023	0.0003775365382905214	0.00026695865294074317	146.78657540345125	58423.537259344	562769895.0233	679.26574131872	0.12604602272727275
00010883031	0.059266113	0.005897208387628565	0.00031777562424275944	0.0001421149609082425	186.50301729730165	58425.006538906	562899060.3710961	2032.8028662967	0.12604602272727275
00010883032	0.06398398	0.01430725191057343	0.0010537341088008943	0.0005268670308015257	60.72117843255925	58426.524930207	563027932.28588	486.97642816248	0.12604602272727275
00010883033	0.051622856	0.014317604769831118	0.002006245594017674	0.0006687484925496486	25.731075279262573	58427.320395642	563096705.4994802	576.87790451498	0.12604602272727275
00010883034	0.080945596	0.01156365612278814	0.0005580562136628115	0.00032219392197839773	145.0491798444677	58428.846879662	563228651.2188199	689.25481973188	0.12604602272727275
00010883035	0.039312005	0.00901879228296734	0.0003061707617658117	0.00021649540713081117	128.3989523241913	58429.849277529	563315333.3945199	841.58790806416	0.12604602272727275
00010883036	0.05414305	0.010419835139365091	0.0005672118321307194	0.00032747991226660496	95.45472388947275	58430.045527819	563332211.91956	684.26034239625	0.12604602272727275
00010883037	0.06781357	0.011148481834225538	0.0008339334100580098	0.00041696670216584625	81.3177251316672	58431.505377134	563458307.90036	614.33695729365	0.12604602272727275
00010883040	0.05766972	0.01089855244285182	0.0009052519960011442	0.0004526259938816421	63.70571045249152	58434.955226729	563756352.4054003	569.38622225578	0.12604602272727275
00010883041	0.06203989	0.013226947087920113	0.00029235175711377954	0.00029235176502767884	212.20973668063792	58439.072634334	564112033.9224598	444.52297737368	0.12604602272727275
00010883042	0.030168068	0.005809609923882507	0.0004857804043370628	0.00024289018040140136	62.102273773430426	58440.003066677	564261953.5375637	1063.8642185784	0.12604602272727275
00010883043	0.042811614	0.010383340620225476	0.00020734696339773525	0.00020734696339773525	206.47330845062277	58443.261564215	564474044.96418	619.33123305637	0.12604602272727275
00010883044	0.045746192	0.013792994432151318	0.00020033481862205508	0.00020033481862205508	228.3486847205811	58445.329365181	564652712.9676	641.80684799971	0.12604602272727275
00010883045	0.045935467	0.01027148194832377	0.00025433513611668873	0.0002543351282713504	180.60999194579063	58447.971210729	564880900.9230201	504.45733140702	0.12604602272727275
00010883046	0.023332097	0.0077773657712069426	0.0002939917472130302	0.00029399175254891686	79.36310069067545	58449.030997738	564972434.0205802	442.0257100428	0.12604602272727275
00010883047	0.026609804	0.007111769381577406	0.00041851284221788366	0.0002959332727787897	63.58181111062415	58451.361620062	565173887.2893599	614.33684700197	0.12604602272727275
00010883049	0.010161134	0.005866533723370782	0.00044259747116302616	0.00031296366241068634	22.95795858858868	58455.549518552	565535704.2188998	581.87244868402	0.12604602272727275
00010883050	0.020292854	0.007669977586844872	0.0004452512957343557	0.000314840210580959	45.57618165508956	58459.992599174	565919586.38464	579.3752461516	0.12604602272727275
00010883053	0.019614348	0.004903587228373477	0.0002715796546077896	0.0001920358080640614	72.22318702912162	58464.648721661	566322060.3675201	948.97027899329	0.12604602272727275
00010883054	0.018974973	0.004353157297492548	0.0007926680638184984	0.00029960036228908915	23.938106951628278	58467.766634549	566591545.5410402	1141.2595077121	0.12604602272727275
00010883055	0.021873116	0.005018037168224852	0.0002623239615856702	0.0001854910500334851	83.38207596823646	58470.426657246	566821296.50206	993.92102688358	0.12604602272727275
00010883056	0.026583865	0.005213524801615577	0.0007899358230568893	0.0002985676804127028	33.653196258457605	58473.879251714	567119670.6640599	1131.2705685526	0.12604602272727275
00010883057	0.03799599	0.004413112680962745	0.0007617720848483839	0.00020359334251643442	49.878423115630454	58475.936212435	567323353.6128933	2357.4471759375	0.12604602272727275
00010883058	0.040672157	0.007827359925276079	0.00033578640273692814	0.00023743684117843628	121.12508615078352	58479.918550588	567641296.0868399	794.13985440448	0.12604602272727275
00010883059	0.03980705	0.00965462716258302	0.0009094356993147153	0.0003437343754598281	43.77115550907832	58482.046298638	567825226.01828	978.93746856349	0.12604602272727275
00010883060	0.057692237	0.008797983848611721	0.0009552771232929612	0.0003610608370191835	60.39319459413031	58485.229223807	568100218.2529	953.96474515114	0.12604602272727275
00010883062	0.064367674	0.009388989647903011	0.00046206555233710054	0.00026677366736530114	139.30420470767828	58491.936284849	568679673.3269799	884.04152712998	0.12604602272727275
00010883063	0.02894852	0.006037706914155379	0.00041632379204979366	0.0002403703668729951	69.53366569892837	58562.717567313	574801353.6317999	929.00240900275	0.12604602272727275
00010883064	0.036548737	0.006907062097029252	0.000663680239400128	0.00027094633148734624	55.069799079098395	58573.283865874	575708239.3275203	1151.2488567733	0.12604602272727275
00010883065	0.09261394	0.010045392323384243	0.00033935049488830957	0.00019592410841595597	272.91530236796524	58576.337596434	575972069.1479199	1128.7735527099	0.12604602272727275
00010883067	0.02566047	0.005599573942331167	0.0010452995553760875	0.0003695691934457193	24.548436853421435	58582.117205558	576471349.8762199	971.44560024311	0.12604602272727275
00010883068	0.0838111	0.01437348456838023	0.0006422656934729524	0.0002872299184527482	130.49287498739315	58585.239186777	576741099.0535202	991.42379718257	0.12604602272727275
00010883069	0.1271279	0.012406411991324477	0.0009654273243538974	0.00036489723758974127	131.68044607057473	58588.025351672	576981791.2004201	928.99201289071	0.12604602272727275
00010883070	0.08888646	0.010263724542742398	0.0013024544167840348	0.00041187225115719923	68.2453535467897	58591.355143294	577269517.6965601	993.92090792399	0.12604602272727275
00010883071	0.09785312	0.003691658256499748	0.0008540213371732866	0.0001051232230152621	114.5792410936654	58590.759638741	577280533.6590743	9871.8336805485	0.12604602272727275
00010883072	0.12741436	0.01226045290629069	0.0010440646177686923	0.0003691325959855027	122.03685334604572	58594.737330803	577561728.6973801	973.9429478883	0.12604602272727275
00010883073	0.17161322	0.013965684958178588	0.001034175256190991	0.00036563620227581466	165.9421025332026	58597.191337665	577773762.3902597	986.42910087677	0.12604602272727275
00010883074	0.18631484	0.015635193718804254	0.0017086241045718043	0.0004932372733882883	109.04378303333102	58597.72568	577819884.5679599	899.02393680254	0.12604602272727275
00010883075	0.036156807	0.008084907898536095	0.0005992249483385506	0.00034596263808139664	60.33928860115566	58599.326506483	577958070.9761	649.29856250869	0.12604602272727275
00010883077	0.06466981	0.009334282875061035	0.0007293920677382797	0.00032619407182728704	88.66261794706705	58601.771147744	578169400.4810601	871.5544389039	0.12604602272727275
00010883079	0.1450116	0.016112402195238885	0.0005833090442809573	0.00033677363997282653	248.60167222505538	58609.014629151	578795127.2746801	654.29320602909	0.12604602272727275
00010883080	0.13044854	0.017431917098852303	0.0009787331901260506	0.0004893665476557246	133.28304015921236	58611.537703953	579013053.43756	521.93796373535	0.12604602272727275
00010883082	0.3317451	0.025443683624267577	0.0017785209862028505	0.0006288021163076163	186.52863287754082	58615.054571517	579316963.29507	624.32490577083	0.12604602272727275
00010883083	0.11866596	0.012796080112457276	0.000719559757460692	0.0003217968800443818	164.9146748146399	58617.712525205	579546747.99374	896.52718458382	0.12604602272727275
00010883084	0.07108977	0.009955858629803326	0.0008281779786431634	0.00031302200388454745	85.83875537970962	58620.306157544	579843396.9091952	1083.8421758053	0.12604602272727275
00010883085	0.059520118	0.011454651753107706	0.0011925712649752812	0.0005333340575255341	49.90906597078894	58623.23056906	580023326.9827597	539.41904272923	0.12604602272727275
00010883086	0.08785615	0.016040266150295145	0.0010552287119964606	0.0005276143658775452	83.25792329641682	58626.947648036	580344465.1063203	504.457421853	0.12604602272727275
00010883087	0.073093705	0.009683770702240314	0.0009745433238633932	0.00036835544317766195	75.0030327943941	58629.811330379	580594709.0160594	946.48295757949	0.12604602272727275
00010883088	0.0697362	0.00871702460355537	0.0007122438086424321	0.0002907723091509643	97.91057043198198	58632.981986103	580866116.91534	1073.8334398863	0.12604602272727275
00010883089	0.14042704	0.017692141937759687	0.0010027146336950617	0.0005013573102028418	140.04686214267954	58635.70728221	581101309.9989201	531.92682515186	0.12604602272727275
00010883090	0.071798205	0.009864449501037598	0.0005911547719416294	0.00029557966131484747	121.45415851055793	58638.028383707	581308414.6397284	879.05714761072	0.12604602272727275
00010883091	0.11935418	0.017792268421338953	0.0013368463726444384	0.000545765251628024	89.28040157340826	58643.544725887	581778487.6326399	576.87738668208	0.12604602272727275
00010883092	0.2940193	0.017589150304379672	0.002229877299302131	0.0004986165954596677	131.85447995659032	58650.843064406	582449720.0154626	1151.2686986349	0.12604602272727275
00010883093	0.05519615	0.007022476858562893	0.0005360575375517577	0.000218844743819103	102.9668408160806	58653.429946156	582635339.3791778	1440.9404165154	0.12604602272727275
00010883094	0.07424682	0.013787288026711376	0.0002621167397594863	0.00018534452477147093	283.25858319936447	58658.679074428	583086292.8465999	966.45113683674	0.12604602272727275
00010883095	0.04214099	0.00649979945860411	0.0006026450329129479	0.00022777866877172074	69.92672003283404	58662.075935578	583425804.018321	1518.356353477	0.12604602272727275
00010883096	0.14997293	0.015387796533518823	0.0007155940464605177	0.00035779702383744594	209.57822566072716	58666.196180018	583771083.8213041	726.72371447413	0.12604602272727275
00010883097	0.06979228	0.009593637122048273	0.0010035828464844436	0.0003793199085850608	69.54311580300893	58667.438863271	583883345.2692868	904.02982098913	0.12604602272727275
00010883099	0.12743865	0.01618472389552904	0.0020114703661688097	0.0006704900546849011	63.35596669908088	58670.896117552	584141647.8724601	574.38039131353	0.12604602272727275
00010883100	0.1385855	0.013928367484430349	0.0007955567847921472	0.00035578382436558397	174.1993728389446	58673.483036426	584365272.6632202	804.12903492046	0.12604602272727275
00010883101	0.107248105	0.0148726354042689	0.0001769022883850002	0.00017690229490663944	606.2561772820552	58676.009003886	584583473.75172	719.22220537618	0.12604602272727275
00010883102	0.115264416	0.01540285348892212	0.0010616577830938202	0.0004334199791170911	108.57021685940084	58679.198613425	584859056.0159599	719.22211917613	0.12604602272727275
00010883103	0.09078107	0.01202424731053097	0.0005419286563251676	0.0003128826493980476	167.51479965570525	58682.186930445	585117241.60646	709.23292311769	0.12604602272727275
00010883105	0.19707972	0.046452137556943024	0.0	0.0	inf	58688.777200965	585686340.9794198	112.3868221898	0.12604602272727275
00010883106	0.08774735	0.012409349282582601	0.0	0.0	inf	58691.62427751	585932633.3929	721.71946152926	0.12604602272727275
00010883107	0.09382397	0.01048983777235002	0.0010354999967707873	0.00036610454377947345	90.60740671825867	58697.460154483	586436985.6633599	981.43505158727	0.12604602272727275
00010883108	0.08152222	0.01061328756746161	0.0005397187988670671	0.0002698593997440878	151.04572798680024	58700.920305851	586735922.74154	943.97575503028	0.12604602272727275
00010883109	0.037095472	0.007139027118682861	0.000621404932542249	0.00031070247605358343	59.69613415336711	58703.974312607	586999736.4252799	839.09021271787	0.12604602272727275
00010883110	0.09956008	0.01264414304419409	0.00048430634430511756	0.0002796143864320058	205.57253302477278	58706.61652265	587227998.3729602	791.64265399502	0.12604602272727275
00010883111	0.13187897	0.016111581098465694	0.0009209148082829252	0.0003759619187739037	143.20431256765255	58709.412490792	587469595.0204	839.0905643353	0.12604602272727275
00010883112	0.11687669	0.013495758960121557	0.0008400053235821279	0.00037566179234743946	139.13803674649165	58712.00862249	587693905.8648895	761.68550126694	0.12604602272727275
00010883113	0.095232174	0.01239948162179909	0.0010218643838751386	0.0004172058010214805	93.19453276111524	58716.263439365	588078876.4639148	759.1880808719	0.12604602272727275
00010883114	0.0049218214	0.0034802533844684033	0.0	0.0	inf	58721.172337423	588485460.7693601	469.49556006864	0.12604602272727275
00010883115	0.010824125	0.007654469121586193	0.0006090333111568312	0.0006090333218286046	17.772632566771648	58730.003124797	589248349.8893591	224.7737518625	0.12604602272727275
00010883116	0.02528491	0.005533495256977696	0.0003630655816672847	0.00020961601708402723	69.64281895970693	58732.798089918	589509762.7780274	1091.3337151934	0.12604602272727275
00010883118	0.015842203	0.004234007015320414	0.0002474458394594629	0.0001749706222237688	64.02291137914698	58740.498455438	590155519.8658398	1031.3796830614	0.12604602272727275
00010883119	0.03460963	0.006787507088629754	0.0007025256596598247	0.0003141790251955614	49.26457877806866	58745.477689255	590585663.1676	906.51705073067	0.12604602272727275
00010883120	0.030119376	0.006578108567870065	0.0007363536176366987	0.00032947422059184374	40.90341316408419	58750.32707769	591042632.3508718	894.0404877386	0.12604602272727275
00010883122	0.030869877	0.006436814352409127	0.00013192034635159709	0.00013192035225132742	234.00391084181436	58759.552688044	591801773.0629998	966.451368299	0.12604602272727275
00010883123	0.032473247	0.0066285745345334955	0.0008222872558221836	0.0003356973678183298	39.491366634163256	58761.810034177	591996790.2689	931.48935901073	0.12604602272727275
00010883124	0.021595044	0.006233952473849058	0.0013982348628511485	0.0005284830970403909	15.444504092471977	58765.649517817	592328374.1553601	639.30946855308	0.12604602272727275
00010883125	0.04706577	0.007016151039688675	0.0005928216442378472	0.0002651179220541522	79.3927968864959	58769.431962364	592655397.3642398	1076.3307269749	0.12604602272727275
00010883126	0.20047884	0.019202388249910794	0.0005872204039396655	0.0003390318460396485	341.403049943465	58779.594574189	593533232.02596	649.2984847964	0.12604602272727275
00010883127	0.041747805	0.0069583780837781505	0.0	0.0	inf	58783.182051034	593865862.9546329	1003.9300086117	0.12604602272727275
00010883128	0.044597324	0.009299183885256449	0.0	0.0	inf	58787.445129115	594211494.9715598	601.85054172729	0.12604602272727275
00010883129	0.1387221	0.02045346028877027	0.0017229284854854503	0.0005194824821668223	80.51530169883881	58795.066817472	594870121.3455402	824.10705084922	0.12604602272727275
00010883130	0.023193063	0.010372253096833522	0.0	0.0	inf	58799.981173672	595294431.72126	247.23912817995	0.12604602272727275
00010883131	0.019457212	0.013758326570192972	0.0	0.0	inf	58803.172944459	595570138.21726	119.87866719648	0.12604602272727275
00010883132	0.057241406	0.008629466465541295	0.000590273646306543	0.00029513682784885174	96.97435528401762	58807.221110869	595920277.2950399	874.05230494908	0.12604602272727275
00010883134	0.024442889	0.007369808266671856	0.0010205706341250337	0.0003857394489148619	23.95021763220253	58814.05848718	596511034.1083299	886.53866043786	0.12604602272727275
00010883135	0.093157716	0.010616307355919662	0.0017083865082108377	0.00047382119085435833	54.52964867593688	58815.989377427	596677908.0256798	976.44012065011	0.12604602272727275
00010883136	0.06792836	0.009804613804549313	0.0005824009190593974	0.0002912004720600393	116.63504759260198	58817.113300805	596774970.00558	889.0364844885	0.12604602272727275
00010883137	0.07099023	0.00873829215486473	0.00048816790146573286	0.00024408395018431732	145.42174311274576	58818.299439221	596877542.3646603	1066.3417062482	0.12604602272727275
00010883138	0.107373424	0.010737342255137792	0.0007287179584977408	0.0002974978519652669	147.34565358555122	58819.433446063	596975520.5558603	1068.8392494884	0.12604602272727275
00010883139	0.085412934	0.013025348836725409	0.00046872350362457595	0.00027061761647678364	182.2245604540976	58822.895980952	597274561.0702599	824.10714936533	0.12604602272727275
00010883140	0.08819803	0.010617793616601976	0.001155407038531584	0.00040849807946576825	76.33502788501276	58825.418214828	597492512.0770999	884.04136841756	0.12604602272727275
00010883141	0.054501116	0.008409809133859986	0.00043298658684189756	0.0002499930705880835	125.8725279997833	58828.264768367	597742321.3141134	896.53770037197	0.12604602272727275
00010883142	0.040716425	0.007433768023144115	0.0004369846679984635	0.00025229320701544586	93.17586534759589	58831.124514237	597985533.8460599	879.04678437696	0.12604602272727275
00010883143	0.074997276	0.009524663705476291	0.0006712981727236185	0.000300213669161217	111.71976792883517	58834.449352042	598272837.33246	953.96480235852	0.12604602272727275
00010883144	0.020833805	0.0050529401789429365	0.0006874586578178094	0.00030744088561549963	30.305539055352458	58838.630203985	598634050.4403	928.99201300945	0.12604602272727275
00010883145	0.014689657	0.004429098518415429	0.0007388840658367951	0.000330439014547741	19.880868440698737	58841.083668622	598845999.7849598	869.05792845927	0.12604602272727275
00010883146	0.02220359	0.007401196580184133	0.00027591461430036534	0.00027591462881959377	80.47268817997711	58844.669314229	599155977.6969789	594.35464374787	0.12604602272727275
00010883147	0.030611627	0.006526421062910377	0.0005122670280149165	0.00025613351135292167	59.75716790225195	58847.526001977	599402679.8868	991.42373785222	0.12604602272727275
00010883148	0.09056454	0.01098256442636092	0.0008633798047082648	0.0003524732950209166	104.89536705029819	58851.105833001	599711947.2873	933.98670542963	0.12604602272727275
00010883149	0.23711099	0.16766278445720673	0.0	0.0	inf	58855.886974371	600124575.4017	9.9991068863226	0.12604602272727275
00010883150	0.24844159	0.017063036635892474	0.0016863419328027789	0.00046770708923789267	147.32575109838035	58857.555858038	600269259.4505199	991.42373785222	0.12604602272727275
00010883151	0.0016426241	0.0009485634979507733	0.00036437426923207987	0.0001487646946933946	4.508068455439592	58930.051514154	606539067.7891146	2125.1914232736	0.12604602272727275
00010883152	0.0	0.0	0.00022837092508972012	0.00013185002093696037	0.0	58947.18185863	608029528.290324	1690.6681012556	0.12604602272727275
00010883153	0.0	0.0	0.0004994629436878976	0.00020390487277710984	0.0	58954.288750301	608627268.84202	1565.7948695961	0.12604602272727275
00010883154	0.0	0.0	0.0002747589733045475	0.00015863217282437273	0.0	58961.717268872	609269002.8465198	1385.9914204597	0.12604602272727275
00010883155	0.0	0.0	0.0	0.0	nan	58968.771553258	609877948.01748	299.6816397472	0.12604602272727275
00010883156	0.0012111177	0.001211117764222457	0.00023491073851268583	0.00016610696950484933	5.155650728866148	58972.017293791	610158772.4995803	1083.8224584021	0.12604602272727275
00010883157	0.001684263	0.0011909538074348213	0.0005278557088234018	0.00021549618517644248	3.1907640121723575	58975.527008975	610462191.89142	1443.4284708159	0.12604602272727275
00010883158	0.0	0.0	0.00016530634751053933	0.00016530635398983025	0.0	58982.643848458	611076749.3227799	769.1672252623	0.12604602272727275
00010883159	0.0004216573	0.0004216573077074821	0.00032463900716644614	9.371673755176609e-05	1.2988498146651717	59031.240280123	615304154.2955558	4727.3700804753	0.12604602272727275
00011271001	0.1517603	0.003517739330302315	0.0011719192812817217	0.00010200468353186958	129.49722515656154	58578.283113354	576174413.0286167	14464.330026159	0.12604602272727275
00011271002	0.2538472	0.004242200565655673	0.0015198032009066085	0.00010389323511543645	167.02636989310355	58579.059768613	576259047.9623595	18097.913039069	0.12604602272727275
00011271003	0.07980877	0.004776834363314375	0.0008213312943767631	0.0001451927553623057	97.17001185352368	58580.207265649	576312375.2741101	4964.5900563302	0.12604602272727275
00095144002	0.069189094	0.0076406577054192034	0.0008267790478953183	0.00024928325143269204	83.68510811098291	58672.219196584	584256524.40088	1695.652542048	0.12604602272727275
00095144003	0.08367044	0.00986065496852742	0.0008960592824492119	0.00033867855165937223	93.37600644822338	58675.018344635	584498069.5611566	1006.4172889276	0.12604602272727275
00095144004	0.189852	0.012327992671396027	0.0006782805005646714	0.00022609827569202963	279.90189770277095	58678.467921131	584807370.2208017	1705.6509471632	0.12604602272727275
00095144005	0.08425191	0.006767279826677763	0.000865032648958467	0.00023118971126492733	97.39737632968759	58681.263369985	585042547.8937378	2080.2408757913	0.12604602272727275
00095144006	0.06865634	0.006866934779170039	0.0007703918202195466	0.00024361936061000067	89.11872950814363	58684.05587995	585282591.34366	1668.1918553789	0.12604602272727275
00095144008	0.060245592	0.006534551580746968	0.0011502281656774525	0.0002969876252411103	52.377079561105084	58690.750705889	585857636.80482	1675.6743088237	0.12604602272727275
00095144009	0.0	0.0	0.0	0.0	nan	58693.538379937	586097659.34254	14.98374482961	0.12604602272727275
00095144010	0.039934784	0.005289748889296802	0.0009248119051166049	0.0002669972307397763	43.18152042920585	58696.673360294	586370805.9587929	1675.6840358628	0.12604602272727275
00095144011	0.073051326	0.007702180068858348	0.0008043914603495401	0.00022309807258168044	90.81564086359755	58699.522175803	586623208.0158021	2050.2729294229	0.12604602272727275
00095144012	0.046866987	0.006890385126580997	0.0009850300219444432	0.0002543621890075809	47.57924718685514	58702.632669032	586885406.8769724	1962.8695159676	0.12604602272727275
00095144013	0.06824259	0.006893541790752588	0.0005541203195972644	0.00020943778898664474	123.15481807045452	58705.55420128	587136626.3065798	1610.7453401132	0.12604602272727275
00095144014	0.19428423	0.012004033775086615	0.0013999245674063624	0.0003395537621087649	138.78192796530985	58708.279610657	587383884.208587	1573.2962203112	0.12604602272727275
00095144015	0.104321755	0.013817754813602992	0.0012718454551570839	0.0004807124167721865	82.0239244051556	58711.011358138	587607667.1591599	699.24372705925	0.12604602272727275
00095144016	0.05728255	0.014790291481829703	0.0001804399385500636	0.00018043993313849062	317.4604738733396	58716.789050822	588106862.3070202	704.23765084421	0.12604602272727275
