# Production date: 2020/April/16
# Data description: Example binned albedo map, Lon-Lat (v0046_0037)
# Details on the data: Lee et al. JGR:planets
#--------------------------------------
# Lon [deg], lat [deg], albedo [unitless]
#--------------------------------------
  2.5 -87.5  NaN
  2.5 -82.5  NaN
  2.5 -77.5  NaN
  2.5 -72.5  NaN
  2.5 -67.5  NaN
  2.5 -62.5  NaN
  2.5 -57.5  NaN
  2.5 -52.5  NaN
  2.5 -47.5  NaN
  2.5 -42.5  NaN
  2.5 -37.5  NaN
  2.5 -32.5  NaN
  2.5 -27.5  NaN
  2.5 -22.5  NaN
  2.5 -17.5  NaN
  2.5 -12.5  NaN
  2.5  -7.5  NaN
  2.5  -2.5  NaN
  2.5   2.5  NaN
  2.5   7.5  NaN
  2.5  12.5  NaN
  2.5  17.5  NaN
  2.5  22.5  NaN
  2.5  27.5  NaN
  2.5  32.5  NaN
  2.5  37.5  NaN
  2.5  42.5  NaN
  2.5  47.5  NaN
  2.5  52.5  NaN
  2.5  57.5  NaN
  2.5  62.5  NaN
  2.5  67.5  NaN
  2.5  72.5  NaN
  2.5  77.5  NaN
  2.5  82.5  NaN
  2.5  87.5  NaN
  7.5 -87.5  NaN
  7.5 -82.5  NaN
  7.5 -77.5  NaN
  7.5 -72.5  NaN
  7.5 -67.5  NaN
  7.5 -62.5  NaN
  7.5 -57.5  NaN
  7.5 -52.5  NaN
  7.5 -47.5  NaN
  7.5 -42.5  NaN
  7.5 -37.5  NaN
  7.5 -32.5  NaN
  7.5 -27.5  NaN
  7.5 -22.5  NaN
  7.5 -17.5  NaN
  7.5 -12.5  NaN
  7.5  -7.5  NaN
  7.5  -2.5  NaN
  7.5   2.5  NaN
  7.5   7.5  NaN
  7.5  12.5  NaN
  7.5  17.5  NaN
  7.5  22.5  NaN
  7.5  27.5  NaN
  7.5  32.5  NaN
  7.5  37.5  NaN
  7.5  42.5  NaN
  7.5  47.5  NaN
  7.5  52.5  NaN
  7.5  57.5  NaN
  7.5  62.5  NaN
  7.5  67.5  NaN
  7.5  72.5  NaN
  7.5  77.5  NaN
  7.5  82.5  NaN
  7.5  87.5  NaN
 12.5 -87.5  NaN
 12.5 -82.5  NaN
 12.5 -77.5  NaN
 12.5 -72.5  NaN
 12.5 -67.5  NaN
 12.5 -62.5  NaN
 12.5 -57.5  NaN
 12.5 -52.5  NaN
 12.5 -47.5  NaN
 12.5 -42.5  NaN
 12.5 -37.5  NaN
 12.5 -32.5  NaN
 12.5 -27.5  NaN
 12.5 -22.5  NaN
 12.5 -17.5  NaN
 12.5 -12.5  NaN
 12.5  -7.5  NaN
 12.5  -2.5  NaN
 12.5   2.5  NaN
 12.5   7.5  NaN
 12.5  12.5  NaN
 12.5  17.5  NaN
 12.5  22.5  NaN
 12.5  27.5  NaN
 12.5  32.5  NaN
 12.5  37.5  NaN
 12.5  42.5  NaN
 12.5  47.5  NaN
 12.5  52.5  NaN
 12.5  57.5  NaN
 12.5  62.5  NaN
 12.5  67.5  NaN
 12.5  72.5  NaN
 12.5  77.5  NaN
 12.5  82.5  NaN
 12.5  87.5  NaN
 17.5 -87.5  NaN
 17.5 -82.5  NaN
 17.5 -77.5  NaN
 17.5 -72.5  NaN
 17.5 -67.5  NaN
 17.5 -62.5  NaN
 17.5 -57.5  NaN
 17.5 -52.5  NaN
 17.5 -47.5  NaN
 17.5 -42.5  NaN
 17.5 -37.5  NaN
 17.5 -32.5  NaN
 17.5 -27.5  NaN
 17.5 -22.5  NaN
 17.5 -17.5  NaN
 17.5 -12.5  NaN
 17.5  -7.5  NaN
 17.5  -2.5  NaN
 17.5   2.5  NaN
 17.5   7.5  NaN
 17.5  12.5  NaN
 17.5  17.5  NaN
 17.5  22.5  NaN
 17.5  27.5  NaN
 17.5  32.5  NaN
 17.5  37.5  NaN
 17.5  42.5  NaN
 17.5  47.5  NaN
 17.5  52.5  NaN
 17.5  57.5  NaN
 17.5  62.5  NaN
 17.5  67.5  NaN
 17.5  72.5  NaN
 17.5  77.5  NaN
 17.5  82.5  NaN
 17.5  87.5  NaN
 22.5 -87.5  NaN
 22.5 -82.5  NaN
 22.5 -77.5  NaN
 22.5 -72.5  NaN
 22.5 -67.5  NaN
 22.5 -62.5  NaN
 22.5 -57.5  NaN
 22.5 -52.5  NaN
 22.5 -47.5  NaN
 22.5 -42.5  NaN
 22.5 -37.5  NaN
 22.5 -32.5  NaN
 22.5 -27.5  NaN
 22.5 -22.5  NaN
 22.5 -17.5  NaN
 22.5 -12.5  NaN
 22.5  -7.5  NaN
 22.5  -2.5  NaN
 22.5   2.5  NaN
 22.5   7.5  NaN
 22.5  12.5  NaN
 22.5  17.5  NaN
 22.5  22.5  NaN
 22.5  27.5  NaN
 22.5  32.5  NaN
 22.5  37.5  NaN
 22.5  42.5  NaN
 22.5  47.5  NaN
 22.5  52.5  NaN
 22.5  57.5  NaN
 22.5  62.5  NaN
 22.5  67.5  NaN
 22.5  72.5  NaN
 22.5  77.5  NaN
 22.5  82.5  NaN
 22.5  87.5  NaN
 27.5 -87.5  NaN
 27.5 -82.5  NaN
 27.5 -77.5  NaN
 27.5 -72.5  NaN
 27.5 -67.5  NaN
 27.5 -62.5  NaN
 27.5 -57.5  NaN
 27.5 -52.5  NaN
 27.5 -47.5  NaN
 27.5 -42.5  NaN
 27.5 -37.5  NaN
 27.5 -32.5  NaN
 27.5 -27.5  NaN
 27.5 -22.5  NaN
 27.5 -17.5  NaN
 27.5 -12.5  NaN
 27.5  -7.5  NaN
 27.5  -2.5  NaN
 27.5   2.5  NaN
 27.5   7.5  NaN
 27.5  12.5  NaN
 27.5  17.5  NaN
 27.5  22.5  NaN
 27.5  27.5  NaN
 27.5  32.5  NaN
 27.5  37.5  NaN
 27.5  42.5  NaN
 27.5  47.5  NaN
 27.5  52.5  NaN
 27.5  57.5  NaN
 27.5  62.5  NaN
 27.5  67.5  NaN
 27.5  72.5  NaN
 27.5  77.5  NaN
 27.5  82.5  NaN
 27.5  87.5  NaN
 32.5 -87.5  NaN
 32.5 -82.5  NaN
 32.5 -77.5  NaN
 32.5 -72.5  NaN
 32.5 -67.5  NaN
 32.5 -62.5  NaN
 32.5 -57.5  NaN
 32.5 -52.5  NaN
 32.5 -47.5  NaN
 32.5 -42.5  NaN
 32.5 -37.5  NaN
 32.5 -32.5  NaN
 32.5 -27.5  NaN
 32.5 -22.5  NaN
 32.5 -17.5  NaN
 32.5 -12.5  NaN
 32.5  -7.5  NaN
 32.5  -2.5  NaN
 32.5   2.5  NaN
 32.5   7.5  NaN
 32.5  12.5  NaN
 32.5  17.5  NaN
 32.5  22.5  NaN
 32.5  27.5  NaN
 32.5  32.5  NaN
 32.5  37.5  NaN
 32.5  42.5  NaN
 32.5  47.5  NaN
 32.5  52.5  NaN
 32.5  57.5  NaN
 32.5  62.5  NaN
 32.5  67.5  NaN
 32.5  72.5  NaN
 32.5  77.5  NaN
 32.5  82.5  NaN
 32.5  87.5  NaN
 37.5 -87.5  NaN
 37.5 -82.5  NaN
 37.5 -77.5  NaN
 37.5 -72.5  NaN
 37.5 -67.5  NaN
 37.5 -62.5  NaN
 37.5 -57.5  NaN
 37.5 -52.5  NaN
 37.5 -47.5  NaN
 37.5 -42.5  NaN
 37.5 -37.5  NaN
 37.5 -32.5  NaN
 37.5 -27.5  NaN
 37.5 -22.5  NaN
 37.5 -17.5  NaN
 37.5 -12.5  NaN
 37.5  -7.5  NaN
 37.5  -2.5  NaN
 37.5   2.5  NaN
 37.5   7.5  NaN
 37.5  12.5  NaN
 37.5  17.5  NaN
 37.5  22.5  NaN
 37.5  27.5  NaN
 37.5  32.5  NaN
 37.5  37.5  NaN
 37.5  42.5  NaN
 37.5  47.5  NaN
 37.5  52.5  NaN
 37.5  57.5  NaN
 37.5  62.5  NaN
 37.5  67.5  NaN
 37.5  72.5  NaN
 37.5  77.5  NaN
 37.5  82.5  NaN
 37.5  87.5  NaN
 42.5 -87.5  NaN
 42.5 -82.5  NaN
 42.5 -77.5  NaN
 42.5 -72.5  NaN
 42.5 -67.5  NaN
 42.5 -62.5  NaN
 42.5 -57.5  NaN
 42.5 -52.5  NaN
 42.5 -47.5  NaN
 42.5 -42.5  NaN
 42.5 -37.5  NaN
 42.5 -32.5  NaN
 42.5 -27.5  NaN
 42.5 -22.5  NaN
 42.5 -17.5  NaN
 42.5 -12.5  NaN
 42.5  -7.5  NaN
 42.5  -2.5  NaN
 42.5   2.5  NaN
 42.5   7.5  NaN
 42.5  12.5  NaN
 42.5  17.5  NaN
 42.5  22.5  NaN
 42.5  27.5  NaN
 42.5  32.5  NaN
 42.5  37.5  NaN
 42.5  42.5  NaN
 42.5  47.5  NaN
 42.5  52.5  NaN
 42.5  57.5  NaN
 42.5  62.5  NaN
 42.5  67.5  NaN
 42.5  72.5  NaN
 42.5  77.5  NaN
 42.5  82.5  NaN
 42.5  87.5  NaN
 47.5 -87.5  NaN
 47.5 -82.5  NaN
 47.5 -77.5  NaN
 47.5 -72.5  NaN
 47.5 -67.5  NaN
 47.5 -62.5  NaN
 47.5 -57.5  NaN
 47.5 -52.5  NaN
 47.5 -47.5  NaN
 47.5 -42.5  NaN
 47.5 -37.5  NaN
 47.5 -32.5  NaN
 47.5 -27.5  NaN
 47.5 -22.5  NaN
 47.5 -17.5  NaN
 47.5 -12.5  NaN
 47.5  -7.5  NaN
 47.5  -2.5  NaN
 47.5   2.5  NaN
 47.5   7.5  NaN
 47.5  12.5  NaN
 47.5  17.5  NaN
 47.5  22.5  NaN
 47.5  27.5  NaN
 47.5  32.5  NaN
 47.5  37.5  NaN
 47.5  42.5  NaN
 47.5  47.5  NaN
 47.5  52.5  NaN
 47.5  57.5  NaN
 47.5  62.5  NaN
 47.5  67.5  NaN
 47.5  72.5  NaN
 47.5  77.5  NaN
 47.5  82.5  NaN
 47.5  87.5  NaN
 52.5 -87.5  NaN
 52.5 -82.5  NaN
 52.5 -77.5  NaN
 52.5 -72.5  NaN
 52.5 -67.5  NaN
 52.5 -62.5  NaN
 52.5 -57.5  NaN
 52.5 -52.5  NaN
 52.5 -47.5  NaN
 52.5 -42.5  NaN
 52.5 -37.5  NaN
 52.5 -32.5  NaN
 52.5 -27.5  NaN
 52.5 -22.5  NaN
 52.5 -17.5  NaN
 52.5 -12.5  NaN
 52.5  -7.5  NaN
 52.5  -2.5  NaN
 52.5   2.5  NaN
 52.5   7.5  NaN
 52.5  12.5  NaN
 52.5  17.5  NaN
 52.5  22.5  NaN
 52.5  27.5  NaN
 52.5  32.5  NaN
 52.5  37.5  NaN
 52.5  42.5  NaN
 52.5  47.5  NaN
 52.5  52.5  NaN
 52.5  57.5  NaN
 52.5  62.5  NaN
 52.5  67.5  NaN
 52.5  72.5  NaN
 52.5  77.5  NaN
 52.5  82.5  NaN
 52.5  87.5  NaN
 57.5 -87.5  NaN
 57.5 -82.5  NaN
 57.5 -77.5  NaN
 57.5 -72.5  NaN
 57.5 -67.5  NaN
 57.5 -62.5  NaN
 57.5 -57.5  NaN
 57.5 -52.5  NaN
 57.5 -47.5  NaN
 57.5 -42.5  NaN
 57.5 -37.5  NaN
 57.5 -32.5  NaN
 57.5 -27.5  NaN
 57.5 -22.5  NaN
 57.5 -17.5  NaN
 57.5 -12.5  NaN
 57.5  -7.5  NaN
 57.5  -2.5  NaN
 57.5   2.5  NaN
 57.5   7.5  NaN
 57.5  12.5  NaN
 57.5  17.5  NaN
 57.5  22.5  NaN
 57.5  27.5  NaN
 57.5  32.5  NaN
 57.5  37.5  NaN
 57.5  42.5  NaN
 57.5  47.5  NaN
 57.5  52.5  NaN
 57.5  57.5  NaN
 57.5  62.5  NaN
 57.5  67.5  NaN
 57.5  72.5  NaN
 57.5  77.5  NaN
 57.5  82.5  NaN
 57.5  87.5  NaN
 62.5 -87.5  NaN
 62.5 -82.5  NaN
 62.5 -77.5  NaN
 62.5 -72.5  NaN
 62.5 -67.5  NaN
 62.5 -62.5  NaN
 62.5 -57.5  NaN
 62.5 -52.5  NaN
 62.5 -47.5  NaN
 62.5 -42.5  NaN
 62.5 -37.5  NaN
 62.5 -32.5  NaN
 62.5 -27.5  NaN
 62.5 -22.5  NaN
 62.5 -17.5  NaN
 62.5 -12.5  NaN
 62.5  -7.5  NaN
 62.5  -2.5  NaN
 62.5   2.5  NaN
 62.5   7.5  NaN
 62.5  12.5  NaN
 62.5  17.5  NaN
 62.5  22.5  NaN
 62.5  27.5  NaN
 62.5  32.5  NaN
 62.5  37.5  NaN
 62.5  42.5  NaN
 62.5  47.5  NaN
 62.5  52.5  NaN
 62.5  57.5  NaN
 62.5  62.5  NaN
 62.5  67.5  NaN
 62.5  72.5  NaN
 62.5  77.5  NaN
 62.5  82.5  NaN
 62.5  87.5  NaN
 67.5 -87.5  NaN
 67.5 -82.5  NaN
 67.5 -77.5  NaN
 67.5 -72.5  NaN
 67.5 -67.5  NaN
 67.5 -62.5  NaN
 67.5 -57.5  NaN
 67.5 -52.5  NaN
 67.5 -47.5  NaN
 67.5 -42.5  NaN
 67.5 -37.5  NaN
 67.5 -32.5  NaN
 67.5 -27.5  NaN
 67.5 -22.5  NaN
 67.5 -17.5  NaN
 67.5 -12.5  NaN
 67.5  -7.5  NaN
 67.5  -2.5  NaN
 67.5   2.5  NaN
 67.5   7.5  NaN
 67.5  12.5  NaN
 67.5  17.5  NaN
 67.5  22.5  NaN
 67.5  27.5  NaN
 67.5  32.5  NaN
 67.5  37.5  NaN
 67.5  42.5  NaN
 67.5  47.5  NaN
 67.5  52.5  NaN
 67.5  57.5  NaN
 67.5  62.5  NaN
 67.5  67.5  NaN
 67.5  72.5  NaN
 67.5  77.5  NaN
 67.5  82.5  NaN
 67.5  87.5  NaN
 72.5 -87.5  NaN
 72.5 -82.5  NaN
 72.5 -77.5  NaN
 72.5 -72.5  NaN
 72.5 -67.5  NaN
 72.5 -62.5  NaN
 72.5 -57.5  NaN
 72.5 -52.5  NaN
 72.5 -47.5  NaN
 72.5 -42.5  NaN
 72.5 -37.5  NaN
 72.5 -32.5  NaN
 72.5 -27.5  NaN
 72.5 -22.5  NaN
 72.5 -17.5  NaN
 72.5 -12.5  NaN
 72.5  -7.5  NaN
 72.5  -2.5  NaN
 72.5   2.5  NaN
 72.5   7.5  NaN
 72.5  12.5  NaN
 72.5  17.5  NaN
 72.5  22.5  NaN
 72.5  27.5  NaN
 72.5  32.5  NaN
 72.5  37.5  NaN
 72.5  42.5  NaN
 72.5  47.5  NaN
 72.5  52.5  NaN
 72.5  57.5  NaN
 72.5  62.5  NaN
 72.5  67.5  NaN
 72.5  72.5  NaN
 72.5  77.5  NaN
 72.5  82.5  NaN
 72.5  87.5  NaN
 77.5 -87.5  NaN
 77.5 -82.5  NaN
 77.5 -77.5  NaN
 77.5 -72.5  NaN
 77.5 -67.5  NaN
 77.5 -62.5  NaN
 77.5 -57.5  NaN
 77.5 -52.5  NaN
 77.5 -47.5  NaN
 77.5 -42.5  NaN
 77.5 -37.5  NaN
 77.5 -32.5  NaN
 77.5 -27.5  NaN
 77.5 -22.5  NaN
 77.5 -17.5  NaN
 77.5 -12.5  NaN
 77.5  -7.5  NaN
 77.5  -2.5  NaN
 77.5   2.5  NaN
 77.5   7.5  NaN
 77.5  12.5  NaN
 77.5  17.5  NaN
 77.5  22.5  NaN
 77.5  27.5  NaN
 77.5  32.5  NaN
 77.5  37.5  NaN
 77.5  42.5  NaN
 77.5  47.5  NaN
 77.5  52.5  NaN
 77.5  57.5  NaN
 77.5  62.5  NaN
 77.5  67.5  NaN
 77.5  72.5  NaN
 77.5  77.5  NaN
 77.5  82.5  NaN
 77.5  87.5  NaN
 82.5 -87.5  NaN
 82.5 -82.5  NaN
 82.5 -77.5  NaN
 82.5 -72.5  NaN
 82.5 -67.5  NaN
 82.5 -62.5  NaN
 82.5 -57.5  NaN
 82.5 -52.5  NaN
 82.5 -47.5  NaN
 82.5 -42.5  NaN
 82.5 -37.5  NaN
 82.5 -32.5  NaN
 82.5 -27.5  NaN
 82.5 -22.5  NaN
 82.5 -17.5  NaN
 82.5 -12.5  NaN
 82.5  -7.5  NaN
 82.5  -2.5  NaN
 82.5   2.5  NaN
 82.5   7.5  NaN
 82.5  12.5  NaN
 82.5  17.5  NaN
 82.5  22.5  NaN
 82.5  27.5  NaN
 82.5  32.5  NaN
 82.5  37.5  NaN
 82.5  42.5  NaN
 82.5  47.5  NaN
 82.5  52.5  NaN
 82.5  57.5  NaN
 82.5  62.5  NaN
 82.5  67.5  NaN
 82.5  72.5  NaN
 82.5  77.5  NaN
 82.5  82.5  NaN
 82.5  87.5  NaN
 87.5 -87.5  NaN
 87.5 -82.5  NaN
 87.5 -77.5  NaN
 87.5 -72.5  NaN
 87.5 -67.5  NaN
 87.5 -62.5  NaN
 87.5 -57.5  NaN
 87.5 -52.5  NaN
 87.5 -47.5  NaN
 87.5 -42.5  NaN
 87.5 -37.5  NaN
 87.5 -32.5  NaN
 87.5 -27.5  NaN
 87.5 -22.5  NaN
 87.5 -17.5  NaN
 87.5 -12.5  NaN
 87.5  -7.5  NaN
 87.5  -2.5  NaN
 87.5   2.5  NaN
 87.5   7.5  NaN
 87.5  12.5  NaN
 87.5  17.5  NaN
 87.5  22.5  NaN
 87.5  27.5  NaN
 87.5  32.5  NaN
 87.5  37.5  NaN
 87.5  42.5  NaN
 87.5  47.5  NaN
 87.5  52.5  NaN
 87.5  57.5  NaN
 87.5  62.5  NaN
 87.5  67.5  NaN
 87.5  72.5  NaN
 87.5  77.5  NaN
 87.5  82.5  NaN
 87.5  87.5  NaN
 92.5 -87.5  NaN
 92.5 -82.5  NaN
 92.5 -77.5  NaN
 92.5 -72.5  NaN
 92.5 -67.5  NaN
 92.5 -62.5  NaN
 92.5 -57.5  NaN
 92.5 -52.5  NaN
 92.5 -47.5  NaN
 92.5 -42.5  NaN
 92.5 -37.5  NaN
 92.5 -32.5  NaN
 92.5 -27.5  NaN
 92.5 -22.5  NaN
 92.5 -17.5  NaN
 92.5 -12.5  NaN
 92.5  -7.5  NaN
 92.5  -2.5  NaN
 92.5   2.5  NaN
 92.5   7.5  NaN
 92.5  12.5  NaN
 92.5  17.5  NaN
 92.5  22.5  NaN
 92.5  27.5  NaN
 92.5  32.5  NaN
 92.5  37.5  NaN
 92.5  42.5  NaN
 92.5  47.5  NaN
 92.5  52.5  NaN
 92.5  57.5  NaN
 92.5  62.5  NaN
 92.5  67.5  NaN
 92.5  72.5  NaN
 92.5  77.5  NaN
 92.5  82.5  NaN
 92.5  87.5  NaN
 97.5 -87.5  NaN
 97.5 -82.5  NaN
 97.5 -77.5  NaN
 97.5 -72.5  NaN
 97.5 -67.5  NaN
 97.5 -62.5  NaN
 97.5 -57.5  NaN
 97.5 -52.5  NaN
 97.5 -47.5  NaN
 97.5 -42.5  NaN
 97.5 -37.5  NaN
 97.5 -32.5  NaN
 97.5 -27.5  NaN
 97.5 -22.5  NaN
 97.5 -17.5  NaN
 97.5 -12.5  NaN
 97.5  -7.5  NaN
 97.5  -2.5  NaN
 97.5   2.5  NaN
 97.5   7.5  NaN
 97.5  12.5  NaN
 97.5  17.5  NaN
 97.5  22.5  NaN
 97.5  27.5  NaN
 97.5  32.5  NaN
 97.5  37.5  NaN
 97.5  42.5  NaN
 97.5  47.5  NaN
 97.5  52.5  NaN
 97.5  57.5  NaN
 97.5  62.5  NaN
 97.5  67.5  NaN
 97.5  72.5  NaN
 97.5  77.5  NaN
 97.5  82.5  NaN
 97.5  87.5  NaN
102.5 -87.5  NaN
102.5 -82.5  NaN
102.5 -77.5  NaN
102.5 -72.5  NaN
102.5 -67.5  NaN
102.5 -62.5  NaN
102.5 -57.5  NaN
102.5 -52.5  NaN
102.5 -47.5  NaN
102.5 -42.5  NaN
102.5 -37.5  NaN
102.5 -32.5  NaN
102.5 -27.5  NaN
102.5 -22.5  NaN
102.5 -17.5  NaN
102.5 -12.5  NaN
102.5  -7.5  NaN
102.5  -2.5  NaN
102.5   2.5  NaN
102.5   7.5  NaN
102.5  12.5  NaN
102.5  17.5  NaN
102.5  22.5  NaN
102.5  27.5  NaN
102.5  32.5  NaN
102.5  37.5  NaN
102.5  42.5  NaN
102.5  47.5  NaN
102.5  52.5  NaN
102.5  57.5  NaN
102.5  62.5  NaN
102.5  67.5  NaN
102.5  72.5  NaN
102.5  77.5  NaN
102.5  82.5  NaN
102.5  87.5  NaN
107.5 -87.5  NaN
107.5 -82.5  NaN
107.5 -77.5  NaN
107.5 -72.5  NaN
107.5 -67.5  NaN
107.5 -62.5  NaN
107.5 -57.5  NaN
107.5 -52.5  NaN
107.5 -47.5  NaN
107.5 -42.5  NaN
107.5 -37.5  NaN
107.5 -32.5  NaN
107.5 -27.5  NaN
107.5 -22.5  NaN
107.5 -17.5  NaN
107.5 -12.5  NaN
107.5  -7.5  NaN
107.5  -2.5  NaN
107.5   2.5  NaN
107.5   7.5  NaN
107.5  12.5  NaN
107.5  17.5  NaN
107.5  22.5  NaN
107.5  27.5  NaN
107.5  32.5  NaN
107.5  37.5  NaN
107.5  42.5  NaN
107.5  47.5  NaN
107.5  52.5  NaN
107.5  57.5  NaN
107.5  62.5  NaN
107.5  67.5  NaN
107.5  72.5  NaN
107.5  77.5  NaN
107.5  82.5  NaN
107.5  87.5  NaN
112.5 -87.5  NaN
112.5 -82.5  NaN
112.5 -77.5  NaN
112.5 -72.5  NaN
112.5 -67.5  NaN
112.5 -62.5  NaN
112.5 -57.5  NaN
112.5 -52.5  NaN
112.5 -47.5  NaN
112.5 -42.5  NaN
112.5 -37.5  NaN
112.5 -32.5  NaN
112.5 -27.5  NaN
112.5 -22.5  NaN
112.5 -17.5  NaN
112.5 -12.5  NaN
112.5  -7.5  NaN
112.5  -2.5  NaN
112.5   2.5  NaN
112.5   7.5  NaN
112.5  12.5  NaN
112.5  17.5  NaN
112.5  22.5  NaN
112.5  27.5  NaN
112.5  32.5  NaN
112.5  37.5  NaN
112.5  42.5  NaN
112.5  47.5  NaN
112.5  52.5  NaN
112.5  57.5  NaN
112.5  62.5  NaN
112.5  67.5  NaN
112.5  72.5  NaN
112.5  77.5  NaN
112.5  82.5  NaN
112.5  87.5  NaN
117.5 -87.5  NaN
117.5 -82.5  NaN
117.5 -77.5  NaN
117.5 -72.5  NaN
117.5 -67.5  NaN
117.5 -62.5  NaN
117.5 -57.5  NaN
117.5 -52.5  NaN
117.5 -47.5  NaN
117.5 -42.5  NaN
117.5 -37.5  NaN
117.5 -32.5  NaN
117.5 -27.5  NaN
117.5 -22.5  NaN
117.5 -17.5  NaN
117.5 -12.5  NaN
117.5  -7.5  NaN
117.5  -2.5  NaN
117.5   2.5  NaN
117.5   7.5  NaN
117.5  12.5  NaN
117.5  17.5  NaN
117.5  22.5  NaN
117.5  27.5  NaN
117.5  32.5  NaN
117.5  37.5  NaN
117.5  42.5  NaN
117.5  47.5  NaN
117.5  52.5  NaN
117.5  57.5  NaN
117.5  62.5  NaN
117.5  67.5  NaN
117.5  72.5  NaN
117.5  77.5  NaN
117.5  82.5  NaN
117.5  87.5  NaN
122.5 -87.5  NaN
122.5 -82.5  NaN
122.5 -77.5  NaN
122.5 -72.5  NaN
122.5 -67.5  NaN
122.5 -62.5  NaN
122.5 -57.5  NaN
122.5 -52.5  NaN
122.5 -47.5  NaN
122.5 -42.5  NaN
122.5 -37.5  NaN
122.5 -32.5  NaN
122.5 -27.5  NaN
122.5 -22.5  NaN
122.5 -17.5  NaN
122.5 -12.5  NaN
122.5  -7.5  NaN
122.5  -2.5  NaN
122.5   2.5  NaN
122.5   7.5  NaN
122.5  12.5  NaN
122.5  17.5  NaN
122.5  22.5  NaN
122.5  27.5  NaN
122.5  32.5  NaN
122.5  37.5  NaN
122.5  42.5  NaN
122.5  47.5  NaN
122.5  52.5  NaN
122.5  57.5  NaN
122.5  62.5  NaN
122.5  67.5  NaN
122.5  72.5  NaN
122.5  77.5  NaN
122.5  82.5  NaN
122.5  87.5  NaN
127.5 -87.5  NaN
127.5 -82.5  NaN
127.5 -77.5  NaN
127.5 -72.5  NaN
127.5 -67.5  NaN
127.5 -62.5  NaN
127.5 -57.5  NaN
127.5 -52.5  NaN
127.5 -47.5  NaN
127.5 -42.5  NaN
127.5 -37.5  NaN
127.5 -32.5  NaN
127.5 -27.5  NaN
127.5 -22.5  NaN
127.5 -17.5  NaN
127.5 -12.5  NaN
127.5  -7.5  NaN
127.5  -2.5  NaN
127.5   2.5  NaN
127.5   7.5  NaN
127.5  12.5  NaN
127.5  17.5  NaN
127.5  22.5  NaN
127.5  27.5  NaN
127.5  32.5  NaN
127.5  37.5  NaN
127.5  42.5  NaN
127.5  47.5  NaN
127.5  52.5  NaN
127.5  57.5  NaN
127.5  62.5  NaN
127.5  67.5  NaN
127.5  72.5  NaN
127.5  77.5  NaN
127.5  82.5  NaN
127.5  87.5  NaN
132.5 -87.5  NaN
132.5 -82.5  NaN
132.5 -77.5  NaN
132.5 -72.5  NaN
132.5 -67.5  NaN
132.5 -62.5  NaN
132.5 -57.5  NaN
132.5 -52.5  NaN
132.5 -47.5  NaN
132.5 -42.5  NaN
132.5 -37.5  NaN
132.5 -32.5  NaN
132.5 -27.5  NaN
132.5 -22.5  NaN
132.5 -17.5  NaN
132.5 -12.5  NaN
132.5  -7.5  NaN
132.5  -2.5  NaN
132.5   2.5  NaN
132.5   7.5  NaN
132.5  12.5  NaN
132.5  17.5  NaN
132.5  22.5  NaN
132.5  27.5  NaN
132.5  32.5  NaN
132.5  37.5  NaN
132.5  42.5  NaN
132.5  47.5  NaN
132.5  52.5  NaN
132.5  57.5  NaN
132.5  62.5  NaN
132.5  67.5  NaN
132.5  72.5  NaN
132.5  77.5  NaN
132.5  82.5  NaN
132.5  87.5  NaN
137.5 -87.5  NaN
137.5 -82.5  NaN
137.5 -77.5  NaN
137.5 -72.5  NaN
137.5 -67.5  NaN
137.5 -62.5  NaN
137.5 -57.5  NaN
137.5 -52.5  NaN
137.5 -47.5  NaN
137.5 -42.5  NaN
137.5 -37.5  NaN
137.5 -32.5  NaN
137.5 -27.5  NaN
137.5 -22.5  NaN
137.5 -17.5  NaN
137.5 -12.5  NaN
137.5  -7.5  NaN
137.5  -2.5  NaN
137.5   2.5  NaN
137.5   7.5  NaN
137.5  12.5  NaN
137.5  17.5  NaN
137.5  22.5  NaN
137.5  27.5  NaN
137.5  32.5  NaN
137.5  37.5  NaN
137.5  42.5  NaN
137.5  47.5  NaN
137.5  52.5  NaN
137.5  57.5  NaN
137.5  62.5  NaN
137.5  67.5  NaN
137.5  72.5  NaN
137.5  77.5  NaN
137.5  82.5  NaN
137.5  87.5  NaN
142.5 -87.5  NaN
142.5 -82.5  NaN
142.5 -77.5  NaN
142.5 -72.5  NaN
142.5 -67.5  NaN
142.5 -62.5  NaN
142.5 -57.5  NaN
142.5 -52.5  NaN
142.5 -47.5  NaN
142.5 -42.5  NaN
142.5 -37.5  NaN
142.5 -32.5  NaN
142.5 -27.5  NaN
142.5 -22.5  NaN
142.5 -17.5  NaN
142.5 -12.5  NaN
142.5  -7.5  NaN
142.5  -2.5  NaN
142.5   2.5  NaN
142.5   7.5  NaN
142.5  12.5  NaN
142.5  17.5  NaN
142.5  22.5  NaN
142.5  27.5  NaN
142.5  32.5  NaN
142.5  37.5  NaN
142.5  42.5  NaN
142.5  47.5  NaN
142.5  52.5  NaN
142.5  57.5  NaN
142.5  62.5  NaN
142.5  67.5  NaN
142.5  72.5  NaN
142.5  77.5  NaN
142.5  82.5  NaN
142.5  87.5  NaN
147.5 -87.5  NaN
147.5 -82.5  NaN
147.5 -77.5  NaN
147.5 -72.5  NaN
147.5 -67.5  NaN
147.5 -62.5  NaN
147.5 -57.5  NaN
147.5 -52.5  NaN
147.5 -47.5  NaN
147.5 -42.5  NaN
147.5 -37.5  NaN
147.5 -32.5  NaN
147.5 -27.5  NaN
147.5 -22.5  NaN
147.5 -17.5  NaN
147.5 -12.5  NaN
147.5  -7.5  NaN
147.5  -2.5  NaN
147.5   2.5  NaN
147.5   7.5  NaN
147.5  12.5  NaN
147.5  17.5  NaN
147.5  22.5  NaN
147.5  27.5  NaN
147.5  32.5  NaN
147.5  37.5  NaN
147.5  42.5  NaN
147.5  47.5  NaN
147.5  52.5  NaN
147.5  57.5  NaN
147.5  62.5  NaN
147.5  67.5  NaN
147.5  72.5  NaN
147.5  77.5  NaN
147.5  82.5  NaN
147.5  87.5  NaN
152.5 -87.5  NaN
152.5 -82.5  NaN
152.5 -77.5  NaN
152.5 -72.5  NaN
152.5 -67.5  NaN
152.5 -62.5  NaN
152.5 -57.5  NaN
152.5 -52.5  NaN
152.5 -47.5  NaN
152.5 -42.5  NaN
152.5 -37.5  NaN
152.5 -32.5  NaN
152.5 -27.5  NaN
152.5 -22.5  NaN
152.5 -17.5  NaN
152.5 -12.5 0.30
152.5  -7.5 0.30
152.5  -2.5 0.29
152.5   2.5 0.28
152.5   7.5  NaN
152.5  12.5  NaN
152.5  17.5  NaN
152.5  22.5  NaN
152.5  27.5  NaN
152.5  32.5  NaN
152.5  37.5  NaN
152.5  42.5  NaN
152.5  47.5  NaN
152.5  52.5  NaN
152.5  57.5  NaN
152.5  62.5  NaN
152.5  67.5  NaN
152.5  72.5  NaN
152.5  77.5  NaN
152.5  82.5  NaN
152.5  87.5  NaN
157.5 -87.5  NaN
157.5 -82.5  NaN
157.5 -77.5  NaN
157.5 -72.5  NaN
157.5 -67.5  NaN
157.5 -62.5  NaN
157.5 -57.5  NaN
157.5 -52.5  NaN
157.5 -47.5 0.30
157.5 -42.5 0.28
157.5 -37.5 0.28
157.5 -32.5 0.29
157.5 -27.5 0.28
157.5 -22.5 0.29
157.5 -17.5 0.31
157.5 -12.5 0.32
157.5  -7.5 0.33
157.5  -2.5 0.33
157.5   2.5 0.31
157.5   7.5 0.29
157.5  12.5 0.27
157.5  17.5  NaN
157.5  22.5  NaN
157.5  27.5  NaN
157.5  32.5  NaN
157.5  37.5  NaN
157.5  42.5  NaN
157.5  47.5  NaN
157.5  52.5  NaN
157.5  57.5  NaN
157.5  62.5  NaN
157.5  67.5  NaN
157.5  72.5  NaN
157.5  77.5  NaN
157.5  82.5  NaN
157.5  87.5  NaN
162.5 -87.5  NaN
162.5 -82.5  NaN
162.5 -77.5  NaN
162.5 -72.5  NaN
162.5 -67.5  NaN
162.5 -62.5  NaN
162.5 -57.5 0.40
162.5 -52.5 0.37
162.5 -47.5 0.33
162.5 -42.5 0.30
162.5 -37.5 0.30
162.5 -32.5 0.32
162.5 -27.5 0.31
162.5 -22.5 0.32
162.5 -17.5 0.34
162.5 -12.5 0.36
162.5  -7.5 0.36
162.5  -2.5 0.35
162.5   2.5 0.34
162.5   7.5 0.32
162.5  12.5 0.30
162.5  17.5  NaN
162.5  22.5  NaN
162.5  27.5  NaN
162.5  32.5  NaN
162.5  37.5  NaN
162.5  42.5  NaN
162.5  47.5  NaN
162.5  52.5  NaN
162.5  57.5  NaN
162.5  62.5  NaN
162.5  67.5  NaN
162.5  72.5  NaN
162.5  77.5  NaN
162.5  82.5  NaN
162.5  87.5  NaN
167.5 -87.5  NaN
167.5 -82.5  NaN
167.5 -77.5  NaN
167.5 -72.5  NaN
167.5 -67.5  NaN
167.5 -62.5 0.38
167.5 -57.5 0.42
167.5 -52.5 0.39
167.5 -47.5 0.35
167.5 -42.5 0.32
167.5 -37.5 0.32
167.5 -32.5 0.34
167.5 -27.5 0.34
167.5 -22.5 0.33
167.5 -17.5 0.35
167.5 -12.5 0.37
167.5  -7.5 0.39
167.5  -2.5 0.39
167.5   2.5 0.37
167.5   7.5 0.35
167.5  12.5 0.33
167.5  17.5  NaN
167.5  22.5  NaN
167.5  27.5  NaN
167.5  32.5  NaN
167.5  37.5  NaN
167.5  42.5  NaN
167.5  47.5  NaN
167.5  52.5  NaN
167.5  57.5  NaN
167.5  62.5  NaN
167.5  67.5  NaN
167.5  72.5  NaN
167.5  77.5  NaN
167.5  82.5  NaN
167.5  87.5  NaN
172.5 -87.5  NaN
172.5 -82.5  NaN
172.5 -77.5  NaN
172.5 -72.5  NaN
172.5 -67.5 0.35
172.5 -62.5 0.40
172.5 -57.5 0.45
172.5 -52.5 0.42
172.5 -47.5 0.37
172.5 -42.5 0.34
172.5 -37.5 0.34
172.5 -32.5 0.36
172.5 -27.5 0.36
172.5 -22.5 0.35
172.5 -17.5 0.37
172.5 -12.5 0.39
172.5  -7.5 0.40
172.5  -2.5 0.40
172.5   2.5 0.37
172.5   7.5 0.37
172.5  12.5 0.36
172.5  17.5  NaN
172.5  22.5  NaN
172.5  27.5  NaN
172.5  32.5  NaN
172.5  37.5  NaN
172.5  42.5  NaN
172.5  47.5  NaN
172.5  52.5  NaN
172.5  57.5  NaN
172.5  62.5  NaN
172.5  67.5  NaN
172.5  72.5  NaN
172.5  77.5  NaN
172.5  82.5  NaN
172.5  87.5  NaN
177.5 -87.5  NaN
177.5 -82.5  NaN
177.5 -77.5  NaN
177.5 -72.5 0.37
177.5 -67.5 0.38
177.5 -62.5 0.42
177.5 -57.5 0.49
177.5 -52.5 0.45
177.5 -47.5 0.39
177.5 -42.5 0.35
177.5 -37.5 0.36
177.5 -32.5 0.37
177.5 -27.5 0.38
177.5 -22.5 0.36
177.5 -17.5 0.38
177.5 -12.5 0.41
177.5  -7.5 0.40
177.5  -2.5 0.39
177.5   2.5 0.38
177.5   7.5 0.39
177.5  12.5 0.37
177.5  17.5  NaN
177.5  22.5  NaN
177.5  27.5  NaN
177.5  32.5  NaN
177.5  37.5  NaN
177.5  42.5  NaN
177.5  47.5  NaN
177.5  52.5  NaN
177.5  57.5  NaN
177.5  62.5  NaN
177.5  67.5  NaN
177.5  72.5  NaN
177.5  77.5  NaN
177.5  82.5  NaN
177.5  87.5  NaN
182.5 -87.5  NaN
182.5 -82.5  NaN
182.5 -77.5  NaN
182.5 -72.5 0.38
182.5 -67.5 0.39
182.5 -62.5 0.45
182.5 -57.5 0.52
182.5 -52.5 0.47
182.5 -47.5 0.40
182.5 -42.5 0.36
182.5 -37.5 0.38
182.5 -32.5 0.38
182.5 -27.5 0.39
182.5 -22.5 0.38
182.5 -17.5 0.38
182.5 -12.5 0.42
182.5  -7.5 0.43
182.5  -2.5 0.40
182.5   2.5 0.41
182.5   7.5 0.41
182.5  12.5 0.37
182.5  17.5  NaN
182.5  22.5  NaN
182.5  27.5  NaN
182.5  32.5  NaN
182.5  37.5  NaN
182.5  42.5  NaN
182.5  47.5  NaN
182.5  52.5  NaN
182.5  57.5  NaN
182.5  62.5  NaN
182.5  67.5  NaN
182.5  72.5  NaN
182.5  77.5  NaN
182.5  82.5  NaN
182.5  87.5  NaN
187.5 -87.5  NaN
187.5 -82.5  NaN
187.5 -77.5  NaN
187.5 -72.5 0.40
187.5 -67.5 0.41
187.5 -62.5 0.48
187.5 -57.5 0.55
187.5 -52.5 0.50
187.5 -47.5 0.42
187.5 -42.5 0.37
187.5 -37.5 0.38
187.5 -32.5 0.39
187.5 -27.5 0.40
187.5 -22.5 0.39
187.5 -17.5 0.40
187.5 -12.5 0.44
187.5  -7.5 0.45
187.5  -2.5 0.42
187.5   2.5 0.42
187.5   7.5 0.41
187.5  12.5 0.37
187.5  17.5  NaN
187.5  22.5  NaN
187.5  27.5  NaN
187.5  32.5  NaN
187.5  37.5  NaN
187.5  42.5  NaN
187.5  47.5  NaN
187.5  52.5  NaN
187.5  57.5  NaN
187.5  62.5  NaN
187.5  67.5  NaN
187.5  72.5  NaN
187.5  77.5  NaN
187.5  82.5  NaN
187.5  87.5  NaN
192.5 -87.5  NaN
192.5 -82.5  NaN
192.5 -77.5 0.41
192.5 -72.5 0.41
192.5 -67.5 0.43
192.5 -62.5 0.50
192.5 -57.5 0.57
192.5 -52.5 0.52
192.5 -47.5 0.43
192.5 -42.5 0.38
192.5 -37.5 0.39
192.5 -32.5 0.41
192.5 -27.5 0.41
192.5 -22.5 0.41
192.5 -17.5 0.41
192.5 -12.5 0.44
192.5  -7.5 0.44
192.5  -2.5 0.42
192.5   2.5 0.41
192.5   7.5 0.40
192.5  12.5 0.35
192.5  17.5  NaN
192.5  22.5  NaN
192.5  27.5  NaN
192.5  32.5  NaN
192.5  37.5  NaN
192.5  42.5  NaN
192.5  47.5  NaN
192.5  52.5  NaN
192.5  57.5  NaN
192.5  62.5  NaN
192.5  67.5  NaN
192.5  72.5  NaN
192.5  77.5  NaN
192.5  82.5  NaN
192.5  87.5  NaN
197.5 -87.5  NaN
197.5 -82.5  NaN
197.5 -77.5 0.41
197.5 -72.5 0.42
197.5 -67.5 0.45
197.5 -62.5 0.52
197.5 -57.5 0.60
197.5 -52.5 0.54
197.5 -47.5 0.46
197.5 -42.5 0.39
197.5 -37.5 0.40
197.5 -32.5 0.41
197.5 -27.5 0.40
197.5 -22.5 0.41
197.5 -17.5 0.42
197.5 -12.5 0.44
197.5  -7.5 0.43
197.5  -2.5 0.41
197.5   2.5 0.38
197.5   7.5 0.38
197.5  12.5 0.34
197.5  17.5  NaN
197.5  22.5  NaN
197.5  27.5  NaN
197.5  32.5  NaN
197.5  37.5  NaN
197.5  42.5  NaN
197.5  47.5  NaN
197.5  52.5  NaN
197.5  57.5  NaN
197.5  62.5  NaN
197.5  67.5  NaN
197.5  72.5  NaN
197.5  77.5  NaN
197.5  82.5  NaN
197.5  87.5  NaN
202.5 -87.5  NaN
202.5 -82.5  NaN
202.5 -77.5 0.42
202.5 -72.5 0.44
202.5 -67.5 0.47
202.5 -62.5 0.54
202.5 -57.5 0.62
202.5 -52.5 0.55
202.5 -47.5 0.48
202.5 -42.5 0.42
202.5 -37.5 0.40
202.5 -32.5 0.42
202.5 -27.5 0.41
202.5 -22.5 0.41
202.5 -17.5 0.42
202.5 -12.5 0.43
202.5  -7.5 0.43
202.5  -2.5 0.42
202.5   2.5 0.40
202.5   7.5 0.36
202.5  12.5 0.32
202.5  17.5  NaN
202.5  22.5  NaN
202.5  27.5  NaN
202.5  32.5  NaN
202.5  37.5  NaN
202.5  42.5  NaN
202.5  47.5  NaN
202.5  52.5  NaN
202.5  57.5  NaN
202.5  62.5  NaN
202.5  67.5  NaN
202.5  72.5  NaN
202.5  77.5  NaN
202.5  82.5  NaN
202.5  87.5  NaN
207.5 -87.5  NaN
207.5 -82.5  NaN
207.5 -77.5 0.43
207.5 -72.5 0.45
207.5 -67.5 0.48
207.5 -62.5 0.55
207.5 -57.5 0.64
207.5 -52.5 0.56
207.5 -47.5 0.50
207.5 -42.5 0.44
207.5 -37.5 0.41
207.5 -32.5 0.42
207.5 -27.5 0.42
207.5 -22.5 0.40
207.5 -17.5 0.42
207.5 -12.5 0.43
207.5  -7.5 0.42
207.5  -2.5 0.40
207.5   2.5 0.38
207.5   7.5 0.35
207.5  12.5 0.31
207.5  17.5  NaN
207.5  22.5  NaN
207.5  27.5  NaN
207.5  32.5  NaN
207.5  37.5  NaN
207.5  42.5  NaN
207.5  47.5  NaN
207.5  52.5  NaN
207.5  57.5  NaN
207.5  62.5  NaN
207.5  67.5  NaN
207.5  72.5  NaN
207.5  77.5  NaN
207.5  82.5  NaN
207.5  87.5  NaN
212.5 -87.5  NaN
212.5 -82.5  NaN
212.5 -77.5 0.44
212.5 -72.5 0.45
212.5 -67.5 0.50
212.5 -62.5 0.57
212.5 -57.5 0.66
212.5 -52.5 0.56
212.5 -47.5 0.51
212.5 -42.5 0.46
212.5 -37.5 0.42
212.5 -32.5 0.42
212.5 -27.5 0.42
212.5 -22.5 0.40
212.5 -17.5 0.40
212.5 -12.5 0.40
212.5  -7.5 0.40
212.5  -2.5 0.38
212.5   2.5 0.35
212.5   7.5 0.33
212.5  12.5 0.30
212.5  17.5  NaN
212.5  22.5  NaN
212.5  27.5  NaN
212.5  32.5  NaN
212.5  37.5  NaN
212.5  42.5  NaN
212.5  47.5  NaN
212.5  52.5  NaN
212.5  57.5  NaN
212.5  62.5  NaN
212.5  67.5  NaN
212.5  72.5  NaN
212.5  77.5  NaN
212.5  82.5  NaN
212.5  87.5  NaN
217.5 -87.5  NaN
217.5 -82.5  NaN
217.5 -77.5 0.45
217.5 -72.5 0.46
217.5 -67.5 0.50
217.5 -62.5 0.59
217.5 -57.5 0.67
217.5 -52.5 0.57
217.5 -47.5 0.52
217.5 -42.5 0.48
217.5 -37.5 0.42
217.5 -32.5 0.41
217.5 -27.5 0.42
217.5 -22.5 0.39
217.5 -17.5 0.39
217.5 -12.5 0.39
217.5  -7.5 0.38
217.5  -2.5 0.37
217.5   2.5 0.34
217.5   7.5 0.30
217.5  12.5  NaN
217.5  17.5  NaN
217.5  22.5  NaN
217.5  27.5  NaN
217.5  32.5  NaN
217.5  37.5  NaN
217.5  42.5  NaN
217.5  47.5  NaN
217.5  52.5  NaN
217.5  57.5  NaN
217.5  62.5  NaN
217.5  67.5  NaN
217.5  72.5  NaN
217.5  77.5  NaN
217.5  82.5  NaN
217.5  87.5  NaN
222.5 -87.5  NaN
222.5 -82.5  NaN
222.5 -77.5 0.46
222.5 -72.5 0.46
222.5 -67.5 0.51
222.5 -62.5 0.61
222.5 -57.5 0.68
222.5 -52.5 0.56
222.5 -47.5 0.53
222.5 -42.5 0.49
222.5 -37.5 0.44
222.5 -32.5 0.40
222.5 -27.5 0.41
222.5 -22.5 0.39
222.5 -17.5 0.38
222.5 -12.5 0.37
222.5  -7.5 0.36
222.5  -2.5 0.34
222.5   2.5 0.31
222.5   7.5 0.29
222.5  12.5  NaN
222.5  17.5  NaN
222.5  22.5  NaN
222.5  27.5  NaN
222.5  32.5  NaN
222.5  37.5  NaN
222.5  42.5  NaN
222.5  47.5  NaN
222.5  52.5  NaN
222.5  57.5  NaN
222.5  62.5  NaN
222.5  67.5  NaN
222.5  72.5  NaN
222.5  77.5  NaN
222.5  82.5  NaN
222.5  87.5  NaN
227.5 -87.5  NaN
227.5 -82.5  NaN
227.5 -77.5 0.47
227.5 -72.5 0.46
227.5 -67.5 0.52
227.5 -62.5 0.62
227.5 -57.5 0.68
227.5 -52.5 0.56
227.5 -47.5 0.53
227.5 -42.5 0.50
227.5 -37.5 0.45
227.5 -32.5 0.39
227.5 -27.5 0.38
227.5 -22.5 0.36
227.5 -17.5 0.37
227.5 -12.5 0.35
227.5  -7.5 0.34
227.5  -2.5 0.32
227.5   2.5 0.30
227.5   7.5 0.28
227.5  12.5  NaN
227.5  17.5  NaN
227.5  22.5  NaN
227.5  27.5  NaN
227.5  32.5  NaN
227.5  37.5  NaN
227.5  42.5  NaN
227.5  47.5  NaN
227.5  52.5  NaN
227.5  57.5  NaN
227.5  62.5  NaN
227.5  67.5  NaN
227.5  72.5  NaN
227.5  77.5  NaN
227.5  82.5  NaN
227.5  87.5  NaN
232.5 -87.5  NaN
232.5 -82.5  NaN
232.5 -77.5 0.48
232.5 -72.5 0.46
232.5 -67.5 0.52
232.5 -62.5 0.63
232.5 -57.5 0.69
232.5 -52.5 0.55
232.5 -47.5 0.53
232.5 -42.5 0.49
232.5 -37.5 0.46
232.5 -32.5 0.40
232.5 -27.5 0.37
232.5 -22.5 0.35
232.5 -17.5 0.33
232.5 -12.5 0.34
232.5  -7.5 0.32
232.5  -2.5 0.31
232.5   2.5 0.28
232.5   7.5  NaN
232.5  12.5  NaN
232.5  17.5  NaN
232.5  22.5  NaN
232.5  27.5  NaN
232.5  32.5  NaN
232.5  37.5  NaN
232.5  42.5  NaN
232.5  47.5  NaN
232.5  52.5  NaN
232.5  57.5  NaN
232.5  62.5  NaN
232.5  67.5  NaN
232.5  72.5  NaN
232.5  77.5  NaN
232.5  82.5  NaN
232.5  87.5  NaN
237.5 -87.5  NaN
237.5 -82.5  NaN
237.5 -77.5 0.47
237.5 -72.5 0.47
237.5 -67.5 0.51
237.5 -62.5 0.63
237.5 -57.5 0.69
237.5 -52.5 0.56
237.5 -47.5 0.52
237.5 -42.5 0.49
237.5 -37.5 0.47
237.5 -32.5 0.40
237.5 -27.5 0.35
237.5 -22.5 0.34
237.5 -17.5 0.32
237.5 -12.5 0.31
237.5  -7.5 0.30
237.5  -2.5 0.29
237.5   2.5 0.26
237.5   7.5  NaN
237.5  12.5  NaN
237.5  17.5  NaN
237.5  22.5  NaN
237.5  27.5  NaN
237.5  32.5  NaN
237.5  37.5  NaN
237.5  42.5  NaN
237.5  47.5  NaN
237.5  52.5  NaN
237.5  57.5  NaN
237.5  62.5  NaN
237.5  67.5  NaN
237.5  72.5  NaN
237.5  77.5  NaN
237.5  82.5  NaN
237.5  87.5  NaN
242.5 -87.5  NaN
242.5 -82.5  NaN
242.5 -77.5 0.46
242.5 -72.5 0.47
242.5 -67.5 0.51
242.5 -62.5 0.63
242.5 -57.5 0.70
242.5 -52.5 0.56
242.5 -47.5 0.52
242.5 -42.5 0.50
242.5 -37.5 0.47
242.5 -32.5 0.40
242.5 -27.5 0.35
242.5 -22.5 0.33
242.5 -17.5 0.31
242.5 -12.5 0.30
242.5  -7.5 0.28
242.5  -2.5 0.27
242.5   2.5  NaN
242.5   7.5  NaN
242.5  12.5  NaN
242.5  17.5  NaN
242.5  22.5  NaN
242.5  27.5  NaN
242.5  32.5  NaN
242.5  37.5  NaN
242.5  42.5  NaN
242.5  47.5  NaN
242.5  52.5  NaN
242.5  57.5  NaN
242.5  62.5  NaN
242.5  67.5  NaN
242.5  72.5  NaN
242.5  77.5  NaN
242.5  82.5  NaN
242.5  87.5  NaN
247.5 -87.5  NaN
247.5 -82.5  NaN
247.5 -77.5 0.46
247.5 -72.5 0.48
247.5 -67.5 0.50
247.5 -62.5 0.62
247.5 -57.5 0.70
247.5 -52.5 0.56
247.5 -47.5 0.52
247.5 -42.5 0.49
247.5 -37.5 0.46
247.5 -32.5 0.42
247.5 -27.5 0.36
247.5 -22.5 0.33
247.5 -17.5 0.30
247.5 -12.5 0.28
247.5  -7.5 0.26
247.5  -2.5 0.24
247.5   2.5  NaN
247.5   7.5  NaN
247.5  12.5  NaN
247.5  17.5  NaN
247.5  22.5  NaN
247.5  27.5  NaN
247.5  32.5  NaN
247.5  37.5  NaN
247.5  42.5  NaN
247.5  47.5  NaN
247.5  52.5  NaN
247.5  57.5  NaN
247.5  62.5  NaN
247.5  67.5  NaN
247.5  72.5  NaN
247.5  77.5  NaN
247.5  82.5  NaN
247.5  87.5  NaN
252.5 -87.5  NaN
252.5 -82.5  NaN
252.5 -77.5 0.46
252.5 -72.5 0.49
252.5 -67.5 0.49
252.5 -62.5 0.60
252.5 -57.5 0.69
252.5 -52.5 0.55
252.5 -47.5 0.50
252.5 -42.5 0.49
252.5 -37.5 0.46
252.5 -32.5 0.43
252.5 -27.5 0.37
252.5 -22.5 0.33
252.5 -17.5 0.29
252.5 -12.5 0.26
252.5  -7.5 0.24
252.5  -2.5  NaN
252.5   2.5  NaN
252.5   7.5  NaN
252.5  12.5  NaN
252.5  17.5  NaN
252.5  22.5  NaN
252.5  27.5  NaN
252.5  32.5  NaN
252.5  37.5  NaN
252.5  42.5  NaN
252.5  47.5  NaN
252.5  52.5  NaN
252.5  57.5  NaN
252.5  62.5  NaN
252.5  67.5  NaN
252.5  72.5  NaN
252.5  77.5  NaN
252.5  82.5  NaN
252.5  87.5  NaN
257.5 -87.5  NaN
257.5 -82.5  NaN
257.5 -77.5 0.47
257.5 -72.5 0.48
257.5 -67.5 0.48
257.5 -62.5 0.58
257.5 -57.5 0.67
257.5 -52.5 0.54
257.5 -47.5 0.49
257.5 -42.5 0.49
257.5 -37.5 0.45
257.5 -32.5 0.43
257.5 -27.5 0.38
257.5 -22.5 0.34
257.5 -17.5 0.29
257.5 -12.5 0.25
257.5  -7.5  NaN
257.5  -2.5  NaN
257.5   2.5  NaN
257.5   7.5  NaN
257.5  12.5  NaN
257.5  17.5  NaN
257.5  22.5  NaN
257.5  27.5  NaN
257.5  32.5  NaN
257.5  37.5  NaN
257.5  42.5  NaN
257.5  47.5  NaN
257.5  52.5  NaN
257.5  57.5  NaN
257.5  62.5  NaN
257.5  67.5  NaN
257.5  72.5  NaN
257.5  77.5  NaN
257.5  82.5  NaN
257.5  87.5  NaN
262.5 -87.5  NaN
262.5 -82.5  NaN
262.5 -77.5 0.48
262.5 -72.5 0.47
262.5 -67.5 0.47
262.5 -62.5 0.55
262.5 -57.5 0.65
262.5 -52.5 0.55
262.5 -47.5 0.48
262.5 -42.5 0.48
262.5 -37.5 0.44
262.5 -32.5 0.41
262.5 -27.5 0.39
262.5 -22.5 0.34
262.5 -17.5 0.29
262.5 -12.5 0.25
262.5  -7.5  NaN
262.5  -2.5  NaN
262.5   2.5  NaN
262.5   7.5  NaN
262.5  12.5  NaN
262.5  17.5  NaN
262.5  22.5  NaN
262.5  27.5  NaN
262.5  32.5  NaN
262.5  37.5  NaN
262.5  42.5  NaN
262.5  47.5  NaN
262.5  52.5  NaN
262.5  57.5  NaN
262.5  62.5  NaN
262.5  67.5  NaN
262.5  72.5  NaN
262.5  77.5  NaN
262.5  82.5  NaN
262.5  87.5  NaN
267.5 -87.5  NaN
267.5 -82.5  NaN
267.5 -77.5 0.48
267.5 -72.5 0.47
267.5 -67.5 0.47
267.5 -62.5 0.53
267.5 -57.5 0.63
267.5 -52.5 0.55
267.5 -47.5 0.46
267.5 -42.5 0.46
267.5 -37.5 0.45
267.5 -32.5 0.40
267.5 -27.5 0.38
267.5 -22.5 0.33
267.5 -17.5 0.28
267.5 -12.5  NaN
267.5  -7.5  NaN
267.5  -2.5  NaN
267.5   2.5  NaN
267.5   7.5  NaN
267.5  12.5  NaN
267.5  17.5  NaN
267.5  22.5  NaN
267.5  27.5  NaN
267.5  32.5  NaN
267.5  37.5  NaN
267.5  42.5  NaN
267.5  47.5  NaN
267.5  52.5  NaN
267.5  57.5  NaN
267.5  62.5  NaN
267.5  67.5  NaN
267.5  72.5  NaN
267.5  77.5  NaN
267.5  82.5  NaN
267.5  87.5  NaN
272.5 -87.5  NaN
272.5 -82.5  NaN
272.5 -77.5 0.48
272.5 -72.5 0.46
272.5 -67.5 0.47
272.5 -62.5 0.50
272.5 -57.5 0.61
272.5 -52.5 0.54
272.5 -47.5 0.45
272.5 -42.5 0.44
272.5 -37.5 0.45
272.5 -32.5 0.39
272.5 -27.5 0.36
272.5 -22.5 0.32
272.5 -17.5  NaN
272.5 -12.5  NaN
272.5  -7.5  NaN
272.5  -2.5  NaN
272.5   2.5  NaN
272.5   7.5  NaN
272.5  12.5  NaN
272.5  17.5  NaN
272.5  22.5  NaN
272.5  27.5  NaN
272.5  32.5  NaN
272.5  37.5  NaN
272.5  42.5  NaN
272.5  47.5  NaN
272.5  52.5  NaN
272.5  57.5  NaN
272.5  62.5  NaN
272.5  67.5  NaN
272.5  72.5  NaN
272.5  77.5  NaN
272.5  82.5  NaN
272.5  87.5  NaN
277.5 -87.5  NaN
277.5 -82.5  NaN
277.5 -77.5 0.48
277.5 -72.5 0.46
277.5 -67.5 0.47
277.5 -62.5 0.48
277.5 -57.5 0.57
277.5 -52.5 0.53
277.5 -47.5 0.45
277.5 -42.5 0.43
277.5 -37.5 0.44
277.5 -32.5 0.39
277.5 -27.5 0.34
277.5 -22.5 0.30
277.5 -17.5  NaN
277.5 -12.5  NaN
277.5  -7.5  NaN
277.5  -2.5  NaN
277.5   2.5  NaN
277.5   7.5  NaN
277.5  12.5  NaN
277.5  17.5  NaN
277.5  22.5  NaN
277.5  27.5  NaN
277.5  32.5  NaN
277.5  37.5  NaN
277.5  42.5  NaN
277.5  47.5  NaN
277.5  52.5  NaN
277.5  57.5  NaN
277.5  62.5  NaN
277.5  67.5  NaN
277.5  72.5  NaN
277.5  77.5  NaN
277.5  82.5  NaN
277.5  87.5  NaN
282.5 -87.5  NaN
282.5 -82.5  NaN
282.5 -77.5  NaN
282.5 -72.5 0.46
282.5 -67.5 0.46
282.5 -62.5 0.46
282.5 -57.5 0.54
282.5 -52.5 0.51
282.5 -47.5 0.44
282.5 -42.5 0.42
282.5 -37.5 0.42
282.5 -32.5 0.38
282.5 -27.5 0.32
282.5 -22.5  NaN
282.5 -17.5  NaN
282.5 -12.5  NaN
282.5  -7.5  NaN
282.5  -2.5  NaN
282.5   2.5  NaN
282.5   7.5  NaN
282.5  12.5  NaN
282.5  17.5  NaN
282.5  22.5  NaN
282.5  27.5  NaN
282.5  32.5  NaN
282.5  37.5  NaN
282.5  42.5  NaN
282.5  47.5  NaN
282.5  52.5  NaN
282.5  57.5  NaN
282.5  62.5  NaN
282.5  67.5  NaN
282.5  72.5  NaN
282.5  77.5  NaN
282.5  82.5  NaN
282.5  87.5  NaN
287.5 -87.5  NaN
287.5 -82.5  NaN
287.5 -77.5  NaN
287.5 -72.5 0.46
287.5 -67.5 0.45
287.5 -62.5 0.45
287.5 -57.5 0.51
287.5 -52.5 0.50
287.5 -47.5 0.43
287.5 -42.5 0.41
287.5 -37.5 0.40
287.5 -32.5 0.36
287.5 -27.5  NaN
287.5 -22.5  NaN
287.5 -17.5  NaN
287.5 -12.5  NaN
287.5  -7.5  NaN
287.5  -2.5  NaN
287.5   2.5  NaN
287.5   7.5  NaN
287.5  12.5  NaN
287.5  17.5  NaN
287.5  22.5  NaN
287.5  27.5  NaN
287.5  32.5  NaN
287.5  37.5  NaN
287.5  42.5  NaN
287.5  47.5  NaN
287.5  52.5  NaN
287.5  57.5  NaN
287.5  62.5  NaN
287.5  67.5  NaN
287.5  72.5  NaN
287.5  77.5  NaN
287.5  82.5  NaN
287.5  87.5  NaN
292.5 -87.5  NaN
292.5 -82.5  NaN
292.5 -77.5  NaN
292.5 -72.5 0.45
292.5 -67.5 0.44
292.5 -62.5 0.43
292.5 -57.5 0.48
292.5 -52.5 0.47
292.5 -47.5 0.42
292.5 -42.5 0.39
292.5 -37.5 0.37
292.5 -32.5 0.33
292.5 -27.5  NaN
292.5 -22.5  NaN
292.5 -17.5  NaN
292.5 -12.5  NaN
292.5  -7.5  NaN
292.5  -2.5  NaN
292.5   2.5  NaN
292.5   7.5  NaN
292.5  12.5  NaN
292.5  17.5  NaN
292.5  22.5  NaN
292.5  27.5  NaN
292.5  32.5  NaN
292.5  37.5  NaN
292.5  42.5  NaN
292.5  47.5  NaN
292.5  52.5  NaN
292.5  57.5  NaN
292.5  62.5  NaN
292.5  67.5  NaN
292.5  72.5  NaN
292.5  77.5  NaN
292.5  82.5  NaN
292.5  87.5  NaN
297.5 -87.5  NaN
297.5 -82.5  NaN
297.5 -77.5  NaN
297.5 -72.5  NaN
297.5 -67.5 0.43
297.5 -62.5 0.41
297.5 -57.5 0.45
297.5 -52.5 0.45
297.5 -47.5 0.40
297.5 -42.5 0.37
297.5 -37.5 0.35
297.5 -32.5  NaN
297.5 -27.5  NaN
297.5 -22.5  NaN
297.5 -17.5  NaN
297.5 -12.5  NaN
297.5  -7.5  NaN
297.5  -2.5  NaN
297.5   2.5  NaN
297.5   7.5  NaN
297.5  12.5  NaN
297.5  17.5  NaN
297.5  22.5  NaN
297.5  27.5  NaN
297.5  32.5  NaN
297.5  37.5  NaN
297.5  42.5  NaN
297.5  47.5  NaN
297.5  52.5  NaN
297.5  57.5  NaN
297.5  62.5  NaN
297.5  67.5  NaN
297.5  72.5  NaN
297.5  77.5  NaN
297.5  82.5  NaN
297.5  87.5  NaN
302.5 -87.5  NaN
302.5 -82.5  NaN
302.5 -77.5  NaN
302.5 -72.5  NaN
302.5 -67.5 0.42
302.5 -62.5 0.40
302.5 -57.5 0.41
302.5 -52.5 0.41
302.5 -47.5 0.38
302.5 -42.5 0.35
302.5 -37.5 0.32
302.5 -32.5  NaN
302.5 -27.5  NaN
302.5 -22.5  NaN
302.5 -17.5  NaN
302.5 -12.5  NaN
302.5  -7.5  NaN
302.5  -2.5  NaN
302.5   2.5  NaN
302.5   7.5  NaN
302.5  12.5  NaN
302.5  17.5  NaN
302.5  22.5  NaN
302.5  27.5  NaN
302.5  32.5  NaN
302.5  37.5  NaN
302.5  42.5  NaN
302.5  47.5  NaN
302.5  52.5  NaN
302.5  57.5  NaN
302.5  62.5  NaN
302.5  67.5  NaN
302.5  72.5  NaN
302.5  77.5  NaN
302.5  82.5  NaN
302.5  87.5  NaN
307.5 -87.5  NaN
307.5 -82.5  NaN
307.5 -77.5  NaN
307.5 -72.5  NaN
307.5 -67.5  NaN
307.5 -62.5 0.38
307.5 -57.5 0.38
307.5 -52.5 0.38
307.5 -47.5 0.34
307.5 -42.5 0.32
307.5 -37.5  NaN
307.5 -32.5  NaN
307.5 -27.5  NaN
307.5 -22.5  NaN
307.5 -17.5  NaN
307.5 -12.5  NaN
307.5  -7.5  NaN
307.5  -2.5  NaN
307.5   2.5  NaN
307.5   7.5  NaN
307.5  12.5  NaN
307.5  17.5  NaN
307.5  22.5  NaN
307.5  27.5  NaN
307.5  32.5  NaN
307.5  37.5  NaN
307.5  42.5  NaN
307.5  47.5  NaN
307.5  52.5  NaN
307.5  57.5  NaN
307.5  62.5  NaN
307.5  67.5  NaN
307.5  72.5  NaN
307.5  77.5  NaN
307.5  82.5  NaN
307.5  87.5  NaN
312.5 -87.5  NaN
312.5 -82.5  NaN
312.5 -77.5  NaN
312.5 -72.5  NaN
312.5 -67.5  NaN
312.5 -62.5  NaN
312.5 -57.5  NaN
312.5 -52.5 0.35
312.5 -47.5 0.32
312.5 -42.5 0.29
312.5 -37.5  NaN
312.5 -32.5  NaN
312.5 -27.5  NaN
312.5 -22.5  NaN
312.5 -17.5  NaN
312.5 -12.5  NaN
312.5  -7.5  NaN
312.5  -2.5  NaN
312.5   2.5  NaN
312.5   7.5  NaN
312.5  12.5  NaN
312.5  17.5  NaN
312.5  22.5  NaN
312.5  27.5  NaN
312.5  32.5  NaN
312.5  37.5  NaN
312.5  42.5  NaN
312.5  47.5  NaN
312.5  52.5  NaN
312.5  57.5  NaN
312.5  62.5  NaN
312.5  67.5  NaN
312.5  72.5  NaN
312.5  77.5  NaN
312.5  82.5  NaN
312.5  87.5  NaN
317.5 -87.5  NaN
317.5 -82.5  NaN
317.5 -77.5  NaN
317.5 -72.5  NaN
317.5 -67.5  NaN
317.5 -62.5  NaN
317.5 -57.5  NaN
317.5 -52.5  NaN
317.5 -47.5  NaN
317.5 -42.5  NaN
317.5 -37.5  NaN
317.5 -32.5  NaN
317.5 -27.5  NaN
317.5 -22.5  NaN
317.5 -17.5  NaN
317.5 -12.5  NaN
317.5  -7.5  NaN
317.5  -2.5  NaN
317.5   2.5  NaN
317.5   7.5  NaN
317.5  12.5  NaN
317.5  17.5  NaN
317.5  22.5  NaN
317.5  27.5  NaN
317.5  32.5  NaN
317.5  37.5  NaN
317.5  42.5  NaN
317.5  47.5  NaN
317.5  52.5  NaN
317.5  57.5  NaN
317.5  62.5  NaN
317.5  67.5  NaN
317.5  72.5  NaN
317.5  77.5  NaN
317.5  82.5  NaN
317.5  87.5  NaN
322.5 -87.5  NaN
322.5 -82.5  NaN
322.5 -77.5  NaN
322.5 -72.5  NaN
322.5 -67.5  NaN
322.5 -62.5  NaN
322.5 -57.5  NaN
322.5 -52.5  NaN
322.5 -47.5  NaN
322.5 -42.5  NaN
322.5 -37.5  NaN
322.5 -32.5  NaN
322.5 -27.5  NaN
322.5 -22.5  NaN
322.5 -17.5  NaN
322.5 -12.5  NaN
322.5  -7.5  NaN
322.5  -2.5  NaN
322.5   2.5  NaN
322.5   7.5  NaN
322.5  12.5  NaN
322.5  17.5  NaN
322.5  22.5  NaN
322.5  27.5  NaN
322.5  32.5  NaN
322.5  37.5  NaN
322.5  42.5  NaN
322.5  47.5  NaN
322.5  52.5  NaN
322.5  57.5  NaN
322.5  62.5  NaN
322.5  67.5  NaN
322.5  72.5  NaN
322.5  77.5  NaN
322.5  82.5  NaN
322.5  87.5  NaN
327.5 -87.5  NaN
327.5 -82.5  NaN
327.5 -77.5  NaN
327.5 -72.5  NaN
327.5 -67.5  NaN
327.5 -62.5  NaN
327.5 -57.5  NaN
327.5 -52.5  NaN
327.5 -47.5  NaN
327.5 -42.5  NaN
327.5 -37.5  NaN
327.5 -32.5  NaN
327.5 -27.5  NaN
327.5 -22.5  NaN
327.5 -17.5  NaN
327.5 -12.5  NaN
327.5  -7.5  NaN
327.5  -2.5  NaN
327.5   2.5  NaN
327.5   7.5  NaN
327.5  12.5  NaN
327.5  17.5  NaN
327.5  22.5  NaN
327.5  27.5  NaN
327.5  32.5  NaN
327.5  37.5  NaN
327.5  42.5  NaN
327.5  47.5  NaN
327.5  52.5  NaN
327.5  57.5  NaN
327.5  62.5  NaN
327.5  67.5  NaN
327.5  72.5  NaN
327.5  77.5  NaN
327.5  82.5  NaN
327.5  87.5  NaN
332.5 -87.5  NaN
332.5 -82.5  NaN
332.5 -77.5  NaN
332.5 -72.5  NaN
332.5 -67.5  NaN
332.5 -62.5  NaN
332.5 -57.5  NaN
332.5 -52.5  NaN
332.5 -47.5  NaN
332.5 -42.5  NaN
332.5 -37.5  NaN
332.5 -32.5  NaN
332.5 -27.5  NaN
332.5 -22.5  NaN
332.5 -17.5  NaN
332.5 -12.5  NaN
332.5  -7.5  NaN
332.5  -2.5  NaN
332.5   2.5  NaN
332.5   7.5  NaN
332.5  12.5  NaN
332.5  17.5  NaN
332.5  22.5  NaN
332.5  27.5  NaN
332.5  32.5  NaN
332.5  37.5  NaN
332.5  42.5  NaN
332.5  47.5  NaN
332.5  52.5  NaN
332.5  57.5  NaN
332.5  62.5  NaN
332.5  67.5  NaN
332.5  72.5  NaN
332.5  77.5  NaN
332.5  82.5  NaN
332.5  87.5  NaN
337.5 -87.5  NaN
337.5 -82.5  NaN
337.5 -77.5  NaN
337.5 -72.5  NaN
337.5 -67.5  NaN
337.5 -62.5  NaN
337.5 -57.5  NaN
337.5 -52.5  NaN
337.5 -47.5  NaN
337.5 -42.5  NaN
337.5 -37.5  NaN
337.5 -32.5  NaN
337.5 -27.5  NaN
337.5 -22.5  NaN
337.5 -17.5  NaN
337.5 -12.5  NaN
337.5  -7.5  NaN
337.5  -2.5  NaN
337.5   2.5  NaN
337.5   7.5  NaN
337.5  12.5  NaN
337.5  17.5  NaN
337.5  22.5  NaN
337.5  27.5  NaN
337.5  32.5  NaN
337.5  37.5  NaN
337.5  42.5  NaN
337.5  47.5  NaN
337.5  52.5  NaN
337.5  57.5  NaN
337.5  62.5  NaN
337.5  67.5  NaN
337.5  72.5  NaN
337.5  77.5  NaN
337.5  82.5  NaN
337.5  87.5  NaN
342.5 -87.5  NaN
342.5 -82.5  NaN
342.5 -77.5  NaN
342.5 -72.5  NaN
342.5 -67.5  NaN
342.5 -62.5  NaN
342.5 -57.5  NaN
342.5 -52.5  NaN
342.5 -47.5  NaN
342.5 -42.5  NaN
342.5 -37.5  NaN
342.5 -32.5  NaN
342.5 -27.5  NaN
342.5 -22.5  NaN
342.5 -17.5  NaN
342.5 -12.5  NaN
342.5  -7.5  NaN
342.5  -2.5  NaN
342.5   2.5  NaN
342.5   7.5  NaN
342.5  12.5  NaN
342.5  17.5  NaN
342.5  22.5  NaN
342.5  27.5  NaN
342.5  32.5  NaN
342.5  37.5  NaN
342.5  42.5  NaN
342.5  47.5  NaN
342.5  52.5  NaN
342.5  57.5  NaN
342.5  62.5  NaN
342.5  67.5  NaN
342.5  72.5  NaN
342.5  77.5  NaN
342.5  82.5  NaN
342.5  87.5  NaN
347.5 -87.5  NaN
347.5 -82.5  NaN
347.5 -77.5  NaN
347.5 -72.5  NaN
347.5 -67.5  NaN
347.5 -62.5  NaN
347.5 -57.5  NaN
347.5 -52.5  NaN
347.5 -47.5  NaN
347.5 -42.5  NaN
347.5 -37.5  NaN
347.5 -32.5  NaN
347.5 -27.5  NaN
347.5 -22.5  NaN
347.5 -17.5  NaN
347.5 -12.5  NaN
347.5  -7.5  NaN
347.5  -2.5  NaN
347.5   2.5  NaN
347.5   7.5  NaN
347.5  12.5  NaN
347.5  17.5  NaN
347.5  22.5  NaN
347.5  27.5  NaN
347.5  32.5  NaN
347.5  37.5  NaN
347.5  42.5  NaN
347.5  47.5  NaN
347.5  52.5  NaN
347.5  57.5  NaN
347.5  62.5  NaN
347.5  67.5  NaN
347.5  72.5  NaN
347.5  77.5  NaN
347.5  82.5  NaN
347.5  87.5  NaN
352.5 -87.5  NaN
352.5 -82.5  NaN
352.5 -77.5  NaN
352.5 -72.5  NaN
352.5 -67.5  NaN
352.5 -62.5  NaN
352.5 -57.5  NaN
352.5 -52.5  NaN
352.5 -47.5  NaN
352.5 -42.5  NaN
352.5 -37.5  NaN
352.5 -32.5  NaN
352.5 -27.5  NaN
352.5 -22.5  NaN
352.5 -17.5  NaN
352.5 -12.5  NaN
352.5  -7.5  NaN
352.5  -2.5  NaN
352.5   2.5  NaN
352.5   7.5  NaN
352.5  12.5  NaN
352.5  17.5  NaN
352.5  22.5  NaN
352.5  27.5  NaN
352.5  32.5  NaN
352.5  37.5  NaN
352.5  42.5  NaN
352.5  47.5  NaN
352.5  52.5  NaN
352.5  57.5  NaN
352.5  62.5  NaN
352.5  67.5  NaN
352.5  72.5  NaN
352.5  77.5  NaN
352.5  82.5  NaN
352.5  87.5  NaN
357.5 -87.5  NaN
357.5 -82.5  NaN
357.5 -77.5  NaN
357.5 -72.5  NaN
357.5 -67.5  NaN
357.5 -62.5  NaN
357.5 -57.5  NaN
357.5 -52.5  NaN
357.5 -47.5  NaN
357.5 -42.5  NaN
357.5 -37.5  NaN
357.5 -32.5  NaN
357.5 -27.5  NaN
357.5 -22.5  NaN
357.5 -17.5  NaN
357.5 -12.5  NaN
357.5  -7.5  NaN
357.5  -2.5  NaN
357.5   2.5  NaN
357.5   7.5  NaN
357.5  12.5  NaN
357.5  17.5  NaN
357.5  22.5  NaN
357.5  27.5  NaN
357.5  32.5  NaN
357.5  37.5  NaN
357.5  42.5  NaN
357.5  47.5  NaN
357.5  52.5  NaN
357.5  57.5  NaN
357.5  62.5  NaN
357.5  67.5  NaN
357.5  72.5  NaN
357.5  77.5  NaN
357.5  82.5  NaN
357.5  87.5  NaN
