# Production date: 2020/April/16
# Data description: Example binned albedo map, LST-Lat (v0241_0044)
# Details on the data: Lee et al. JGR:planets
#--------------------------------------
# LST [hr], lat [deg], albedo [unitless]
#--------------------------------------
 6.25 -87.50  NaN
 6.25 -82.50  NaN
 6.25 -77.50  NaN
 6.25 -72.50  NaN
 6.25 -67.50  NaN
 6.25 -62.50  NaN
 6.25 -57.50  NaN
 6.25 -52.50  NaN
 6.25 -47.50  NaN
 6.25 -42.50  NaN
 6.25 -37.50  NaN
 6.25 -32.50  NaN
 6.25 -27.50  NaN
 6.25 -22.50  NaN
 6.25 -17.50  NaN
 6.25 -12.50  NaN
 6.25  -7.50  NaN
 6.25  -2.50  NaN
 6.25   2.50  NaN
 6.25   7.50  NaN
 6.25  12.50  NaN
 6.25  17.50  NaN
 6.25  22.50  NaN
 6.25  27.50  NaN
 6.25  32.50  NaN
 6.25  37.50  NaN
 6.25  42.50  NaN
 6.25  47.50  NaN
 6.25  52.50  NaN
 6.25  57.50  NaN
 6.25  62.50  NaN
 6.25  67.50  NaN
 6.25  72.50  NaN
 6.25  77.50  NaN
 6.25  82.50  NaN
 6.25  87.50  NaN
 6.75 -87.50  NaN
 6.75 -82.50  NaN
 6.75 -77.50  NaN
 6.75 -72.50  NaN
 6.75 -67.50  NaN
 6.75 -62.50  NaN
 6.75 -57.50  NaN
 6.75 -52.50  NaN
 6.75 -47.50 0.42
 6.75 -42.50 0.41
 6.75 -37.50 0.38
 6.75 -32.50 0.39
 6.75 -27.50 0.38
 6.75 -22.50 0.37
 6.75 -17.50 0.34
 6.75 -12.50  NaN
 6.75  -7.50  NaN
 6.75  -2.50  NaN
 6.75   2.50  NaN
 6.75   7.50  NaN
 6.75  12.50  NaN
 6.75  17.50  NaN
 6.75  22.50  NaN
 6.75  27.50  NaN
 6.75  32.50  NaN
 6.75  37.50  NaN
 6.75  42.50  NaN
 6.75  47.50  NaN
 6.75  52.50  NaN
 6.75  57.50  NaN
 6.75  62.50  NaN
 6.75  67.50  NaN
 6.75  72.50  NaN
 6.75  77.50  NaN
 6.75  82.50  NaN
 6.75  87.50  NaN
 7.25 -87.50  NaN
 7.25 -82.50  NaN
 7.25 -77.50  NaN
 7.25 -72.50  NaN
 7.25 -67.50  NaN
 7.25 -62.50 0.40
 7.25 -57.50 0.39
 7.25 -52.50 0.42
 7.25 -47.50 0.47
 7.25 -42.50 0.45
 7.25 -37.50 0.42
 7.25 -32.50 0.43
 7.25 -27.50 0.41
 7.25 -22.50 0.39
 7.25 -17.50 0.35
 7.25 -12.50  NaN
 7.25  -7.50  NaN
 7.25  -2.50  NaN
 7.25   2.50  NaN
 7.25   7.50  NaN
 7.25  12.50  NaN
 7.25  17.50  NaN
 7.25  22.50  NaN
 7.25  27.50  NaN
 7.25  32.50  NaN
 7.25  37.50  NaN
 7.25  42.50  NaN
 7.25  47.50  NaN
 7.25  52.50  NaN
 7.25  57.50  NaN
 7.25  62.50  NaN
 7.25  67.50  NaN
 7.25  72.50  NaN
 7.25  77.50  NaN
 7.25  82.50  NaN
 7.25  87.50  NaN
 7.75 -87.50  NaN
 7.75 -82.50  NaN
 7.75 -77.50  NaN
 7.75 -72.50  NaN
 7.75 -67.50 0.42
 7.75 -62.50 0.42
 7.75 -57.50 0.43
 7.75 -52.50 0.48
 7.75 -47.50 0.52
 7.75 -42.50 0.48
 7.75 -37.50 0.46
 7.75 -32.50 0.45
 7.75 -27.50 0.42
 7.75 -22.50 0.39
 7.75 -17.50 0.35
 7.75 -12.50  NaN
 7.75  -7.50  NaN
 7.75  -2.50  NaN
 7.75   2.50  NaN
 7.75   7.50  NaN
 7.75  12.50  NaN
 7.75  17.50  NaN
 7.75  22.50  NaN
 7.75  27.50  NaN
 7.75  32.50  NaN
 7.75  37.50  NaN
 7.75  42.50  NaN
 7.75  47.50  NaN
 7.75  52.50  NaN
 7.75  57.50  NaN
 7.75  62.50  NaN
 7.75  67.50  NaN
 7.75  72.50  NaN
 7.75  77.50  NaN
 7.75  82.50  NaN
 7.75  87.50  NaN
 8.25 -87.50  NaN
 8.25 -82.50  NaN
 8.25 -77.50  NaN
 8.25 -72.50 0.51
 8.25 -67.50 0.44
 8.25 -62.50 0.44
 8.25 -57.50 0.48
 8.25 -52.50 0.51
 8.25 -47.50 0.56
 8.25 -42.50 0.51
 8.25 -37.50 0.48
 8.25 -32.50 0.45
 8.25 -27.50 0.41
 8.25 -22.50 0.38
 8.25 -17.50 0.34
 8.25 -12.50  NaN
 8.25  -7.50  NaN
 8.25  -2.50  NaN
 8.25   2.50  NaN
 8.25   7.50  NaN
 8.25  12.50  NaN
 8.25  17.50  NaN
 8.25  22.50  NaN
 8.25  27.50  NaN
 8.25  32.50  NaN
 8.25  37.50  NaN
 8.25  42.50  NaN
 8.25  47.50  NaN
 8.25  52.50  NaN
 8.25  57.50  NaN
 8.25  62.50  NaN
 8.25  67.50  NaN
 8.25  72.50  NaN
 8.25  77.50  NaN
 8.25  82.50  NaN
 8.25  87.50  NaN
 8.75 -87.50  NaN
 8.75 -82.50  NaN
 8.75 -77.50  NaN
 8.75 -72.50 0.52
 8.75 -67.50 0.45
 8.75 -62.50 0.46
 8.75 -57.50 0.51
 8.75 -52.50 0.55
 8.75 -47.50 0.60
 8.75 -42.50 0.53
 8.75 -37.50 0.48
 8.75 -32.50 0.44
 8.75 -27.50 0.39
 8.75 -22.50 0.34
 8.75 -17.50 0.32
 8.75 -12.50  NaN
 8.75  -7.50  NaN
 8.75  -2.50  NaN
 8.75   2.50  NaN
 8.75   7.50  NaN
 8.75  12.50  NaN
 8.75  17.50  NaN
 8.75  22.50  NaN
 8.75  27.50  NaN
 8.75  32.50  NaN
 8.75  37.50  NaN
 8.75  42.50  NaN
 8.75  47.50  NaN
 8.75  52.50  NaN
 8.75  57.50  NaN
 8.75  62.50  NaN
 8.75  67.50  NaN
 8.75  72.50  NaN
 8.75  77.50  NaN
 8.75  82.50  NaN
 8.75  87.50  NaN
 9.25 -87.50  NaN
 9.25 -82.50  NaN
 9.25 -77.50 0.52
 9.25 -72.50 0.52
 9.25 -67.50 0.46
 9.25 -62.50 0.48
 9.25 -57.50 0.53
 9.25 -52.50 0.57
 9.25 -47.50 0.63
 9.25 -42.50 0.53
 9.25 -37.50 0.47
 9.25 -32.50 0.42
 9.25 -27.50 0.36
 9.25 -22.50 0.32
 9.25 -17.50 0.31
 9.25 -12.50  NaN
 9.25  -7.50  NaN
 9.25  -2.50  NaN
 9.25   2.50  NaN
 9.25   7.50  NaN
 9.25  12.50  NaN
 9.25  17.50  NaN
 9.25  22.50  NaN
 9.25  27.50  NaN
 9.25  32.50  NaN
 9.25  37.50  NaN
 9.25  42.50  NaN
 9.25  47.50  NaN
 9.25  52.50  NaN
 9.25  57.50  NaN
 9.25  62.50  NaN
 9.25  67.50  NaN
 9.25  72.50  NaN
 9.25  77.50  NaN
 9.25  82.50  NaN
 9.25  87.50  NaN
 9.75 -87.50  NaN
 9.75 -82.50  NaN
 9.75 -77.50 0.53
 9.75 -72.50 0.52
 9.75 -67.50 0.47
 9.75 -62.50 0.50
 9.75 -57.50 0.55
 9.75 -52.50 0.60
 9.75 -47.50 0.63
 9.75 -42.50 0.52
 9.75 -37.50 0.46
 9.75 -32.50 0.40
 9.75 -27.50 0.32
 9.75 -22.50 0.32
 9.75 -17.50 0.32
 9.75 -12.50  NaN
 9.75  -7.50  NaN
 9.75  -2.50  NaN
 9.75   2.50  NaN
 9.75   7.50  NaN
 9.75  12.50  NaN
 9.75  17.50  NaN
 9.75  22.50  NaN
 9.75  27.50  NaN
 9.75  32.50  NaN
 9.75  37.50  NaN
 9.75  42.50  NaN
 9.75  47.50  NaN
 9.75  52.50  NaN
 9.75  57.50  NaN
 9.75  62.50  NaN
 9.75  67.50  NaN
 9.75  72.50  NaN
 9.75  77.50  NaN
 9.75  82.50  NaN
 9.75  87.50  NaN
10.25 -87.50  NaN
10.25 -82.50  NaN
10.25 -77.50 0.53
10.25 -72.50 0.52
10.25 -67.50 0.50
10.25 -62.50 0.52
10.25 -57.50 0.57
10.25 -52.50 0.63
10.25 -47.50 0.64
10.25 -42.50 0.51
10.25 -37.50 0.44
10.25 -32.50 0.37
10.25 -27.50 0.33
10.25 -22.50 0.36
10.25 -17.50 0.33
10.25 -12.50  NaN
10.25  -7.50  NaN
10.25  -2.50  NaN
10.25   2.50  NaN
10.25   7.50  NaN
10.25  12.50  NaN
10.25  17.50  NaN
10.25  22.50  NaN
10.25  27.50  NaN
10.25  32.50  NaN
10.25  37.50  NaN
10.25  42.50  NaN
10.25  47.50  NaN
10.25  52.50  NaN
10.25  57.50  NaN
10.25  62.50  NaN
10.25  67.50  NaN
10.25  72.50  NaN
10.25  77.50  NaN
10.25  82.50  NaN
10.25  87.50  NaN
10.75 -87.50  NaN
10.75 -82.50  NaN
10.75 -77.50 0.54
10.75 -72.50 0.51
10.75 -67.50 0.52
10.75 -62.50 0.53
10.75 -57.50 0.58
10.75 -52.50 0.64
10.75 -47.50 0.62
10.75 -42.50 0.50
10.75 -37.50 0.44
10.75 -32.50 0.35
10.75 -27.50 0.36
10.75 -22.50 0.37
10.75 -17.50 0.32
10.75 -12.50  NaN
10.75  -7.50  NaN
10.75  -2.50  NaN
10.75   2.50  NaN
10.75   7.50  NaN
10.75  12.50  NaN
10.75  17.50  NaN
10.75  22.50  NaN
10.75  27.50  NaN
10.75  32.50  NaN
10.75  37.50  NaN
10.75  42.50  NaN
10.75  47.50  NaN
10.75  52.50  NaN
10.75  57.50  NaN
10.75  62.50  NaN
10.75  67.50  NaN
10.75  72.50  NaN
10.75  77.50  NaN
10.75  82.50  NaN
10.75  87.50  NaN
11.25 -87.50  NaN
11.25 -82.50  NaN
11.25 -77.50 0.54
11.25 -72.50 0.51
11.25 -67.50 0.53
11.25 -62.50 0.53
11.25 -57.50 0.59
11.25 -52.50 0.66
11.25 -47.50 0.60
11.25 -42.50 0.49
11.25 -37.50 0.43
11.25 -32.50 0.36
11.25 -27.50 0.38
11.25 -22.50 0.34
11.25 -17.50 0.31
11.25 -12.50 0.27
11.25  -7.50  NaN
11.25  -2.50  NaN
11.25   2.50  NaN
11.25   7.50  NaN
11.25  12.50  NaN
11.25  17.50  NaN
11.25  22.50  NaN
11.25  27.50  NaN
11.25  32.50  NaN
11.25  37.50  NaN
11.25  42.50  NaN
11.25  47.50  NaN
11.25  52.50  NaN
11.25  57.50  NaN
11.25  62.50  NaN
11.25  67.50  NaN
11.25  72.50  NaN
11.25  77.50  NaN
11.25  82.50  NaN
11.25  87.50  NaN
11.75 -87.50  NaN
11.75 -82.50  NaN
11.75 -77.50 0.53
11.75 -72.50 0.50
11.75 -67.50 0.53
11.75 -62.50 0.53
11.75 -57.50 0.60
11.75 -52.50 0.66
11.75 -47.50 0.59
11.75 -42.50 0.47
11.75 -37.50 0.40
11.75 -32.50 0.37
11.75 -27.50 0.35
11.75 -22.50 0.35
11.75 -17.50 0.33
11.75 -12.50 0.28
11.75  -7.50  NaN
11.75  -2.50  NaN
11.75   2.50  NaN
11.75   7.50  NaN
11.75  12.50  NaN
11.75  17.50  NaN
11.75  22.50  NaN
11.75  27.50  NaN
11.75  32.50  NaN
11.75  37.50  NaN
11.75  42.50  NaN
11.75  47.50  NaN
11.75  52.50  NaN
11.75  57.50  NaN
11.75  62.50  NaN
11.75  67.50  NaN
11.75  72.50  NaN
11.75  77.50  NaN
11.75  82.50  NaN
11.75  87.50  NaN
12.25 -87.50  NaN
12.25 -82.50  NaN
12.25 -77.50 0.52
12.25 -72.50 0.51
12.25 -67.50 0.52
12.25 -62.50 0.53
12.25 -57.50 0.60
12.25 -52.50 0.66
12.25 -47.50 0.57
12.25 -42.50 0.46
12.25 -37.50 0.38
12.25 -32.50 0.36
12.25 -27.50 0.35
12.25 -22.50 0.37
12.25 -17.50 0.34
12.25 -12.50 0.30
12.25  -7.50  NaN
12.25  -2.50  NaN
12.25   2.50  NaN
12.25   7.50  NaN
12.25  12.50  NaN
12.25  17.50  NaN
12.25  22.50  NaN
12.25  27.50  NaN
12.25  32.50  NaN
12.25  37.50  NaN
12.25  42.50  NaN
12.25  47.50  NaN
12.25  52.50  NaN
12.25  57.50  NaN
12.25  62.50  NaN
12.25  67.50  NaN
12.25  72.50  NaN
12.25  77.50  NaN
12.25  82.50  NaN
12.25  87.50  NaN
12.75 -87.50  NaN
12.75 -82.50  NaN
12.75 -77.50 0.51
12.75 -72.50 0.50
12.75 -67.50 0.51
12.75 -62.50 0.52
12.75 -57.50 0.60
12.75 -52.50 0.65
12.75 -47.50 0.55
12.75 -42.50 0.46
12.75 -37.50 0.38
12.75 -32.50 0.36
12.75 -27.50 0.38
12.75 -22.50 0.39
12.75 -17.50 0.37
12.75 -12.50 0.33
12.75  -7.50  NaN
12.75  -2.50  NaN
12.75   2.50  NaN
12.75   7.50  NaN
12.75  12.50  NaN
12.75  17.50  NaN
12.75  22.50  NaN
12.75  27.50  NaN
12.75  32.50  NaN
12.75  37.50  NaN
12.75  42.50  NaN
12.75  47.50  NaN
12.75  52.50  NaN
12.75  57.50  NaN
12.75  62.50  NaN
12.75  67.50  NaN
12.75  72.50  NaN
12.75  77.50  NaN
12.75  82.50  NaN
12.75  87.50  NaN
13.25 -87.50  NaN
13.25 -82.50  NaN
13.25 -77.50 0.50
13.25 -72.50 0.51
13.25 -67.50 0.49
13.25 -62.50 0.51
13.25 -57.50 0.59
13.25 -52.50 0.63
13.25 -47.50 0.53
13.25 -42.50 0.43
13.25 -37.50 0.36
13.25 -32.50 0.38
13.25 -27.50 0.41
13.25 -22.50 0.41
13.25 -17.50 0.40
13.25 -12.50 0.37
13.25  -7.50  NaN
13.25  -2.50  NaN
13.25   2.50  NaN
13.25   7.50  NaN
13.25  12.50  NaN
13.25  17.50  NaN
13.25  22.50  NaN
13.25  27.50  NaN
13.25  32.50  NaN
13.25  37.50  NaN
13.25  42.50  NaN
13.25  47.50  NaN
13.25  52.50  NaN
13.25  57.50  NaN
13.25  62.50  NaN
13.25  67.50  NaN
13.25  72.50  NaN
13.25  77.50  NaN
13.25  82.50  NaN
13.25  87.50  NaN
13.75 -87.50  NaN
13.75 -82.50  NaN
13.75 -77.50 0.48
13.75 -72.50 0.50
13.75 -67.50 0.46
13.75 -62.50 0.51
13.75 -57.50 0.58
13.75 -52.50 0.62
13.75 -47.50 0.49
13.75 -42.50 0.39
13.75 -37.50 0.36
13.75 -32.50 0.40
13.75 -27.50 0.43
13.75 -22.50 0.46
13.75 -17.50 0.44
13.75 -12.50 0.37
13.75  -7.50  NaN
13.75  -2.50  NaN
13.75   2.50  NaN
13.75   7.50  NaN
13.75  12.50  NaN
13.75  17.50  NaN
13.75  22.50  NaN
13.75  27.50  NaN
13.75  32.50  NaN
13.75  37.50  NaN
13.75  42.50  NaN
13.75  47.50  NaN
13.75  52.50  NaN
13.75  57.50  NaN
13.75  62.50  NaN
13.75  67.50  NaN
13.75  72.50  NaN
13.75  77.50  NaN
13.75  82.50  NaN
13.75  87.50  NaN
14.25 -87.50  NaN
14.25 -82.50  NaN
14.25 -77.50 0.47
14.25 -72.50 0.49
14.25 -67.50 0.43
14.25 -62.50 0.50
14.25 -57.50 0.57
14.25 -52.50 0.60
14.25 -47.50 0.47
14.25 -42.50 0.36
14.25 -37.50 0.36
14.25 -32.50 0.43
14.25 -27.50 0.46
14.25 -22.50 0.48
14.25 -17.50 0.42
14.25 -12.50 0.39
14.25  -7.50  NaN
14.25  -2.50  NaN
14.25   2.50  NaN
14.25   7.50  NaN
14.25  12.50  NaN
14.25  17.50  NaN
14.25  22.50  NaN
14.25  27.50  NaN
14.25  32.50  NaN
14.25  37.50  NaN
14.25  42.50  NaN
14.25  47.50  NaN
14.25  52.50  NaN
14.25  57.50  NaN
14.25  62.50  NaN
14.25  67.50  NaN
14.25  72.50  NaN
14.25  77.50  NaN
14.25  82.50  NaN
14.25  87.50  NaN
14.75 -87.50  NaN
14.75 -82.50  NaN
14.75 -77.50 0.46
14.75 -72.50 0.47
14.75 -67.50 0.40
14.75 -62.50 0.50
14.75 -57.50 0.54
14.75 -52.50 0.57
14.75 -47.50 0.44
14.75 -42.50 0.34
14.75 -37.50 0.37
14.75 -32.50 0.45
14.75 -27.50 0.49
14.75 -22.50 0.48
14.75 -17.50 0.43
14.75 -12.50  NaN
14.75  -7.50  NaN
14.75  -2.50  NaN
14.75   2.50  NaN
14.75   7.50  NaN
14.75  12.50  NaN
14.75  17.50  NaN
14.75  22.50  NaN
14.75  27.50  NaN
14.75  32.50  NaN
14.75  37.50  NaN
14.75  42.50  NaN
14.75  47.50  NaN
14.75  52.50  NaN
14.75  57.50  NaN
14.75  62.50  NaN
14.75  67.50  NaN
14.75  72.50  NaN
14.75  77.50  NaN
14.75  82.50  NaN
14.75  87.50  NaN
15.25 -87.50  NaN
15.25 -82.50  NaN
15.25 -77.50  NaN
15.25 -72.50 0.46
15.25 -67.50 0.39
15.25 -62.50 0.46
15.25 -57.50 0.52
15.25 -52.50 0.53
15.25 -47.50 0.41
15.25 -42.50 0.34
15.25 -37.50 0.37
15.25 -32.50 0.47
15.25 -27.50 0.49
15.25 -22.50 0.47
15.25 -17.50 0.43
15.25 -12.50  NaN
15.25  -7.50  NaN
15.25  -2.50  NaN
15.25   2.50  NaN
15.25   7.50  NaN
15.25  12.50  NaN
15.25  17.50  NaN
15.25  22.50  NaN
15.25  27.50  NaN
15.25  32.50  NaN
15.25  37.50  NaN
15.25  42.50  NaN
15.25  47.50  NaN
15.25  52.50  NaN
15.25  57.50  NaN
15.25  62.50  NaN
15.25  67.50  NaN
15.25  72.50  NaN
15.25  77.50  NaN
15.25  82.50  NaN
15.25  87.50  NaN
15.75 -87.50  NaN
15.75 -82.50  NaN
15.75 -77.50  NaN
15.75 -72.50 0.43
15.75 -67.50 0.37
15.75 -62.50 0.42
15.75 -57.50 0.48
15.75 -52.50 0.49
15.75 -47.50 0.36
15.75 -42.50 0.33
15.75 -37.50 0.38
15.75 -32.50 0.45
15.75 -27.50 0.46
15.75 -22.50 0.46
15.75 -17.50 0.42
15.75 -12.50  NaN
15.75  -7.50  NaN
15.75  -2.50  NaN
15.75   2.50  NaN
15.75   7.50  NaN
15.75  12.50  NaN
15.75  17.50  NaN
15.75  22.50  NaN
15.75  27.50  NaN
15.75  32.50  NaN
15.75  37.50  NaN
15.75  42.50  NaN
15.75  47.50  NaN
15.75  52.50  NaN
15.75  57.50  NaN
15.75  62.50  NaN
15.75  67.50  NaN
15.75  72.50  NaN
15.75  77.50  NaN
15.75  82.50  NaN
15.75  87.50  NaN
16.25 -87.50  NaN
16.25 -82.50  NaN
16.25 -77.50  NaN
16.25 -72.50  NaN
16.25 -67.50 0.36
16.25 -62.50 0.38
16.25 -57.50 0.44
16.25 -52.50 0.44
16.25 -47.50 0.33
16.25 -42.50 0.31
16.25 -37.50 0.36
16.25 -32.50 0.41
16.25 -27.50 0.43
16.25 -22.50 0.42
16.25 -17.50 0.41
16.25 -12.50  NaN
16.25  -7.50  NaN
16.25  -2.50  NaN
16.25   2.50  NaN
16.25   7.50  NaN
16.25  12.50  NaN
16.25  17.50  NaN
16.25  22.50  NaN
16.25  27.50  NaN
16.25  32.50  NaN
16.25  37.50  NaN
16.25  42.50  NaN
16.25  47.50  NaN
16.25  52.50  NaN
16.25  57.50  NaN
16.25  62.50  NaN
16.25  67.50  NaN
16.25  72.50  NaN
16.25  77.50  NaN
16.25  82.50  NaN
16.25  87.50  NaN
16.75 -87.50  NaN
16.75 -82.50  NaN
16.75 -77.50  NaN
16.75 -72.50  NaN
16.75 -67.50  NaN
16.75 -62.50 0.34
16.75 -57.50 0.39
16.75 -52.50 0.39
16.75 -47.50 0.31
16.75 -42.50 0.29
16.75 -37.50 0.33
16.75 -32.50 0.36
16.75 -27.50 0.37
16.75 -22.50 0.38
16.75 -17.50 0.38
16.75 -12.50  NaN
16.75  -7.50  NaN
16.75  -2.50  NaN
16.75   2.50  NaN
16.75   7.50  NaN
16.75  12.50  NaN
16.75  17.50  NaN
16.75  22.50  NaN
16.75  27.50  NaN
16.75  32.50  NaN
16.75  37.50  NaN
16.75  42.50  NaN
16.75  47.50  NaN
16.75  52.50  NaN
16.75  57.50  NaN
16.75  62.50  NaN
16.75  67.50  NaN
16.75  72.50  NaN
16.75  77.50  NaN
16.75  82.50  NaN
16.75  87.50  NaN
17.25 -87.50  NaN
17.25 -82.50  NaN
17.25 -77.50  NaN
17.25 -72.50  NaN
17.25 -67.50  NaN
17.25 -62.50  NaN
17.25 -57.50  NaN
17.25 -52.50  NaN
17.25 -47.50 0.28
17.25 -42.50 0.27
17.25 -37.50 0.30
17.25 -32.50 0.31
17.25 -27.50 0.33
17.25 -22.50 0.34
17.25 -17.50 0.33
17.25 -12.50  NaN
17.25  -7.50  NaN
17.25  -2.50  NaN
17.25   2.50  NaN
17.25   7.50  NaN
17.25  12.50  NaN
17.25  17.50  NaN
17.25  22.50  NaN
17.25  27.50  NaN
17.25  32.50  NaN
17.25  37.50  NaN
17.25  42.50  NaN
17.25  47.50  NaN
17.25  52.50  NaN
17.25  57.50  NaN
17.25  62.50  NaN
17.25  67.50  NaN
17.25  72.50  NaN
17.25  77.50  NaN
17.25  82.50  NaN
17.25  87.50  NaN
17.75 -87.50  NaN
17.75 -82.50  NaN
17.75 -77.50  NaN
17.75 -72.50  NaN
17.75 -67.50  NaN
17.75 -62.50  NaN
17.75 -57.50  NaN
17.75 -52.50  NaN
17.75 -47.50  NaN
17.75 -42.50  NaN
17.75 -37.50  NaN
17.75 -32.50  NaN
17.75 -27.50  NaN
17.75 -22.50  NaN
17.75 -17.50  NaN
17.75 -12.50  NaN
17.75  -7.50  NaN
17.75  -2.50  NaN
17.75   2.50  NaN
17.75   7.50  NaN
17.75  12.50  NaN
17.75  17.50  NaN
17.75  22.50  NaN
17.75  27.50  NaN
17.75  32.50  NaN
17.75  37.50  NaN
17.75  42.50  NaN
17.75  47.50  NaN
17.75  52.50  NaN
17.75  57.50  NaN
17.75  62.50  NaN
17.75  67.50  NaN
17.75  72.50  NaN
17.75  77.50  NaN
17.75  82.50  NaN
17.75  87.50  NaN
