# Production date: 2020/April/17
# Data description: Solar phase angle distribution of polar view data
# Details on the data: Lee et al. JGR:planets
#--------------------------------------
# Julday [day] , mean phase angle [deg]
#--------------------------------------
2454088.2248  90
2454088.2255  90
2454097.2261  91
2454097.2268  91
2454098.2256  91
2454098.2263  91
2454099.2250  91
2454099.2257  91
2454100.2245  91
2454100.2252  91
2454101.2239  91
2454101.2246  91
2454102.2234  92
2454244.0894  89
2454244.1067  89
2454329.0338  97
2454329.0408  97
2454329.0477  96
2454459.1023  91
2454459.1231  92
2454460.1036  91
2454461.1049  91
2454462.1063  91
2454463.1076  91
2454464.0950  91
2454464.1158  91
2454465.0894  90
2454465.1102  91
2454467.1129  91
2454468.1142  91
2454469.0948  90
2454469.1156  91
2454470.0961  90
2454470.1170  90
2454471.0975  90
2454471.1183  90
2454472.0988  90
2454472.1197  90
2454474.1016  90
2454474.1224  90
2454475.1262  90
2454478.1070  90
2454478.1278  90
2454479.1083  90
2454479.1291  90
2454480.1096  90
2454480.1305  90
2454481.1110  90
2454510.0142  98
2454510.0558  95
2454510.0767  94
2454510.1392  91
2454510.1600  90
2454537.0176  99
2454537.0384  98
2454537.0801  95
2454537.1009  94
2454537.1218  92
2454537.1426  91
2454552.0701  95
2454552.0909  94
2454552.1326  92
2454552.1534  91
2454558.0661  95
2454558.0869  94
2454558.1286  92
2454558.1494  91
2454566.0470  96
2454566.0678  95
2454566.0887  94
2454566.1095  93
2454566.1303  93
2454586.0547  94
2454586.0963  94
2454677.2382  92
2454677.2590  93
2454678.2398  92
2454679.2413  92
2454715.1388  93
2454715.1596  93
2454715.1804  92
2454715.2013  91
2454715.2429  90
2454715.2568  90
2454731.2853  90
2454731.3061  89
2454737.2809  91
2454737.2948  91
2454737.3156  90
2454743.2725  93
2454743.3038  91
2454743.3246  90
2454749.2711  94
2454749.2919  92
2454749.3128  91
2454749.3336  90
2454752.3089  92
2454754.3119  92
2454755.2662  95
2454755.2801  94
2454755.3009  93
2454755.3218  92
2454755.3426  90
2454756.3149  92
2454761.2682  96
2454761.3099  93
2454761.3516  91
2454765.3471  92
2454767.2772  96
2454767.3188  93
2454770.3129  94
2454770.3545  92
2454773.2722  97
2454773.2861  96
2454773.3278  94
2454773.3694  91
2454776.3183  95
2454776.3739  92
2454779.2672  98
2454779.2950  96
2454779.3367  94
2454779.3784  92
2454780.3174  95
2454780.3590  93
2454785.2763  97
2454785.3040  96
2454785.3457  94
2454785.3874  92
2454786.2743  97
2454786.2951  96
2454786.3160  95
2454786.3576  94
2454786.3785  93
2454786.3993  92
2454787.2758  97
2454787.2966  96
2454787.4008  92
2454788.2877  97
2454788.3953  92
2454789.2892  97
2454789.3968  92
2454790.2907  97
2454790.3983  92
2454791.2922  96
2454791.3755  93
2454791.3963  93
2454792.2936  96
2454792.2936  96
2454792.4013  93
2454793.2951  96
2454793.3993  93
2454794.2943  96
2454794.4020  93
2454794.4193  92
2454795.2935  96
2454795.4185  92
2454796.2927  96
2454796.3136  95
2454796.3344  95
2454796.3552  94
2454796.3761  94
2454796.3969  93
2454796.4177  92
2454797.2919  96
2454797.3128  95
2454797.3336  95
2454797.3544  94
2454797.3753  94
2454797.3961  93
2454797.4169  92
2454798.2911  96
2454798.3120  95
2454798.3328  95
2454798.3953  93
2454798.4161  93
2454799.2903  96
2454799.3111  95
2454799.3945  93
2454799.4153  93
2454800.2895  96
2454800.3103  95
2454800.3937  93
2454800.4145  93
2454801.3546  94
2454801.3755  94
2454801.3894  93
2454802.2983  95
2454802.3191  95
2454802.3399  94
2454802.3608  94
2454802.3816  93
2454804.4008  93
2454805.3063  95
2454805.3271  94
2454805.3479  94
2454805.3688  94
2454805.3896  93
2454805.4104  93
2454806.2985  95
2454806.3159  94
2454806.3367  94
2454806.3575  94
2454806.3784  94
2454806.3992  93
2454807.3047  94
2454807.3880  93
2454807.4088  93
2454808.3038  94
2454808.3247  94
2454808.3455  94
2454808.3663  94
2454808.3872  93
2454808.4080  93
2454809.3030  94
2454809.3239  94
2454809.3447  94
2454809.3655  94
2454809.3864  94
2454809.4072  93
2454810.3126  94
2454810.3960  93
2454811.3118  94
2454811.3327  94
2454811.3535  94
2454811.3743  94
2454811.3952  94
2454812.3214  94
2454812.3423  94
2454812.4048  94
2454813.3206  94
2454813.3415  94
2454813.3623  94
2454813.3831  94
2454813.4040  94
2454814.3233  94
2454814.3441  94
2454814.3649  94
2454814.3858  94
2454814.4066  94
2454815.3225  94
2454815.3433  94
2454815.3641  94
2454815.3850  94
2454815.4058  94
2454816.3425  94
2454816.3633  94
2454816.3842  94
2454817.2583  93
2454817.2792  93
2454817.3000  93
2454817.3208  93
2454817.3417  94
2454817.3625  94
2454817.3834  94
2454817.4042  94
2454845.4123  96
2454847.4176  96
2454849.4159  96
2454964.0770  92
2454964.0775  92
2454964.0777  92
2454982.0992  91
2454983.0651  93
2455047.0527  93
2455047.0735  94
2455047.0944  94
2455049.0140  93
2455049.0348  93
2455049.0556  93
2455049.0765  94
2455049.0973  94
2455086.0792  90
2455129.2246  91
2455129.2455  92
2455135.2262  91
2455135.2470  91
2455137.2508  91
2455139.2545  91
2455142.2503  91
2455144.2123  90
2455144.2332  90
2455144.2540  90
2455146.1362  90
2455146.1570  90
2455146.1779  90
2455146.1987  90
2455146.2195  90
2455146.2403  90
2455146.2612  90
2455147.1381  90
2455147.1589  90
2455147.1797  90
2455147.2005  90
2455148.2093  90
2455148.2302  90
2455148.2510  90
2455148.2718  90
2455234.2844  94
2455234.3260  93
2455235.2741  95
2455235.3158  93
2455236.2847  94
2455236.3264  93
2455237.2745  95
2455237.3161  93
2455238.2851  94
2455238.3267  93
2455240.2855  94
2455240.3271  93
2455241.2926  94
2455241.3343  93
2455242.2928  94
2455242.3275  93
2455243.2965  94
2455243.3347  93
2455244.2967  94
2455244.3384  93
2455245.2969  94
2455245.3351  93
2455246.2450  95
2455246.2867  94
2455246.3283  93
2455247.2799  95
2455247.3355  93
2455258.3441  93
2455259.3432  93
2455260.3423  94
2455307.3447  96
2455309.3118  94
2455309.3187  95
2455309.3257  95
2455309.3326  96
2455309.3396  96
2455309.3465  96
2455311.3136  94
2455311.3275  95
2455311.3414  96
2455312.3145  94
2455312.3284  95
2455312.3423  96
2455313.3154  94
2455313.3293  95
2455313.3432  96
2455314.3406  96
2455314.3511  96
2455316.3182  94
2455316.3321  95
2455316.3460  96
2455319.3209  94
2455319.3279  94
2455319.3348  95
2455319.3418  95
2455319.3487  96
2455319.3557  96
2455320.3045  93
2455320.3184  93
2455320.3323  94
2455320.3462  95
2455320.3601  96
2455322.3064  92
2455322.3133  93
2455322.3203  93
2455322.3272  94
2455322.3341  94
2455322.3411  95
2455322.3480  95
2455322.3550  96
2455322.3619  96
2455327.3110  92
2455327.3527  95
2455336.3195  92
2455336.3611  94
2455338.3214  91
2455338.3630  94
2455341.3763  94
2455341.3832  94
2455342.3251  91
2455342.3320  92
2455342.3390  92
2455342.3459  92
2455342.3529  93
2455342.3598  93
2455342.3668  93
2455342.3737  94
2455342.3807  94
2455343.3781  94
2455343.3851  94
2455345.3800  94
2455345.3869  94
2455352.3797  92
2455352.3866  93
2455352.3936  93
2455353.3806  92
2455353.3876  93
2455353.3945  93
2455354.3781  92
2455354.3850  92
2455354.3920  93
2455367.3624  90
2455367.3693  90
2455367.3763  91
2455367.3832  91
2455368.3633  90
2455368.3703  90
2455368.3772  91
2455368.3842  91
2455369.3643  90
2455369.3712  90
2455369.3781  90
2455369.3851  91
2455371.3661  90
2455371.3731  90
2455371.3800  90
2455371.3870  90
2455372.3740  90
2455372.3809  90
2455372.3879  90
2455373.3749  90
2455373.3819  90
2455373.3888  90
2455376.2587  90
2455376.2796  90
2455376.3004  90
2455376.3212  90
2455376.3837  90
2455377.3648  90
2455377.3856  90
2455378.2606  91
2455378.2814  91
2455378.3023  90
2455378.3231  90
2455378.3439  90
2455378.3648  90
2455378.3856  90
2455380.2625  91
2455380.2833  91
2455380.3041  91
2455380.3250  90
2455380.3458  90
2455380.3666  90
2455380.3875  90
2455390.3804  90
2455390.4012  89
2455392.3823  90
2455396.4069  89
2455397.4078  89
2455398.3879  90
2455398.3948  90
2455400.2500  96
2455400.2708  95
2455400.2812  94
2455400.2916  94
2455400.3020  94
2455400.3125  93
2455403.3072  94
2455403.3281  93
2455403.3489  92
2455403.3697  91
2455403.3906  90
2455403.4121  89
2455405.3300  93
2455405.3508  92
2455405.3717  91
2455405.3925  90
2455405.4140  89
2455406.3400  93
2455406.3608  92
2455406.3816  91
2455406.4025  90
2455406.4233  89
2455407.2486  97
2455407.2694  96
2455407.2902  95
2455407.3111  94
2455407.3319  94
2455407.3527  93
2455407.3736  92
2455407.3944  91
2455407.4159  89
2455410.2515  98
2455410.2723  97
2455410.2932  96
2455412.3369  94
2455412.3577  93
2455412.3785  92
2455412.3994  91
2455412.4209  90
2455413.4094  90
2455413.4302  89
2455414.2555  99
2455414.2763  98
2455414.2971  96
2455414.3597  93
2455414.3805  92
2455414.4013  91
2455414.4229  90
2455423.4191  91
2455423.4400  90
2455427.4230  91
2455427.4438  90
2455428.3822  94
2455431.3990  93
2455432.3548  96
2455432.3965  93
2455433.3349  97
2455433.3766  95
2455434.3983  93
2455435.3472  96
2455435.3889  94
2455437.4014  93
2455437.4431  91
2455438.4410  91
2455439.3820  95
2455439.4424  91
2455440.4438  91
2455441.3015 100
2455441.3432  97
2455441.3848  95
2455441.4487  91
2455442.4397  92
2455443.3876  95
2455443.4480  92
2455444.3592  97
2455444.4008  94
2455445.3606  97
2455445.4022  94
2455446.3620  97
2455446.4037  94
2455448.3648  97
2455448.4065  94
2455450.4579  92
2455451.4420  93
2455451.4628  92
2455454.3050 100
2455455.3045 100
2455457.4702  92
2455458.4697  92
2455459.3442  97
2455459.3650  96
2455459.3858  96
2455459.4066  95
2455459.4275  94
2455459.4483  93
2455459.4691  92
2455460.3437  97
2455460.3645  96
2455460.3853  96
2455460.4061  95
2455460.4270  94
2455460.4478  93
2455460.4686  92
2455461.4577  93
2455461.4786  92
2455462.4121  94
2455462.4329  94
2455462.4538  93
2455462.4746  92
2455463.4116  94
2455463.4324  94
2455463.4533  93
2455463.4741  92
2455464.3104  98
2455464.3313  97
2455464.3521  97
2455464.3729  96
2455464.4458  93
2455464.4666  92
2455465.3099  98
2455465.3307  97
2455465.3516  96
2455465.3724  96
2455465.4349  94
2455465.4557  93
2455465.4766  92
2455466.3094  98
2455466.3302  97
2455466.3511  96
2455466.3719  96
2455466.4448  93
2455466.4656  93
2455467.3089  98
2455467.3297  97
2455467.3506  96
2455467.3714  96
2455467.4443  93
2455467.4651  93
2455468.3084  97
2455468.3292  97
2455468.3501  96
2455468.3709  96
2455468.4438  93
2455468.4646  93
2455469.3079  97
2455469.3287  97
2455469.3496  96
2455469.3704  95
2455469.4433  93
2455469.4641  93
2455470.3282  97
2455470.3491  96
2455470.3699  95
2455470.4428  93
2455471.3277  96
2455471.3485  96
2455471.3694  95
2455471.4423  93
2455473.3779  95
2455473.3988  94
2455473.4196  94
2455473.4404  93
2455474.3176  96
2455474.3384  96
2455474.3592  95
2455474.4322  94
2455474.4530  93
2455475.3128  96
2455475.3336  95
2455476.3080  96
2455476.3288  95
2455476.3496  95
2455476.4226  94
2455476.4434  93
2455477.3032  96
2455477.3240  95
2455477.3448  95
2455477.4178  94
2455477.4386  93
2455478.3921  94
2455478.4130  94
2455478.4338  93
2455479.3075  95
2455479.3283  95
2455479.4081  94
2455479.4290  93
2455480.2888  95
2455480.3096  95
2455480.3304  95
2455480.4033  94
2455480.4242  93
2455481.3048  95
2455481.3256  94
2455481.3985  94
2455481.4194  93
2455482.2861  95
2455482.3069  94
2455482.3868  94
2455482.4076  94
2455482.4284  93
2455483.3056  94
2455483.3264  94
2455483.3472  94
2455483.3681  94
2455483.3889  94
2455483.4097  94
2455484.4049  94
2455485.4001  94
2455486.2821  94
2455486.2890  94
2455486.2960  94
2455486.3029  94
2455486.3098  94
2455486.3168  94
2455486.3237  94
2455486.3307  94
2455486.3376  94
2455486.3446  94
2455486.3515  94
2455486.3585  94
2455486.3654  94
2455486.3723  94
2455486.3793  94
2455486.3862  94
2455486.3932  94
2455486.4001  94
2455486.4071  94
2455487.2655  94
2455487.2773  94
2455487.2842  94
2455487.2911  94
2455487.2981  94
2455487.3050  94
2455487.3120  94
2455487.3189  94
2455487.3259  94
2455487.3328  94
2455487.3398  94
2455487.3467  94
2455487.3536  94
2455487.3606  94
2455487.3675  94
2455487.3745  94
2455487.3814  94
2455487.3884  94
2455487.3953  94
2455487.4023  94
2455488.2725  94
2455488.2794  94
2455488.2863  94
2455488.2933  94
2455488.3002  94
2455488.3072  94
2455488.3141  94
2455488.3210  94
2455488.3280  94
2455488.3349  94
2455488.3419  94
2455488.3488  94
2455488.3558  94
2455488.3627  94
2455488.3697  94
2455488.3766  94
2455488.3835  94
2455488.3905  94
2455488.3974  94
2455488.4044  94
2455489.2745  93
2455489.2815  93
2455489.2884  93
2455489.2954  94
2455489.3023  94
2455489.3093  94
2455489.3162  94
2455489.3232  94
2455489.3301  94
2455489.3370  94
2455489.3440  94
2455489.3509  94
2455489.3579  94
2455489.3648  94
2455489.3718  94
2455489.3787  94
2455489.3857  94
2455489.3926  94
2455489.3995  94
2455490.2628  93
2455490.2697  93
2455490.2767  93
2455490.2836  93
2455490.2906  93
2455490.2975  93
2455490.3044  93
2455490.3114  93
2455490.3183  94
2455490.3253  94
2455490.3322  94
2455490.3392  94
2455490.3461  94
2455490.3531  94
2455490.3600  94
2455490.3669  94
2455490.3739  94
2455490.3808  94
2455490.3878  94
2455491.2580  93
2455491.2649  93
2455491.2718  93
2455491.2788  93
2455491.2857  93
2455491.2927  93
2455491.2996  93
2455491.3066  93
2455491.3135  93
2455491.3205  94
2455491.3274  94
2455491.3343  94
2455491.3413  94
2455491.3482  94
2455491.3552  94
2455491.3621  94
2455491.3691  94
2455491.3760  94
2455491.3830  94
2455491.3899  94
2455492.2531  93
2455492.2601  93
2455492.2670  93
2455492.2740  93
2455492.2809  93
2455492.2878  93
2455492.2948  93
2455492.3017  93
2455492.3087  93
2455492.3156  93
2455492.3226  94
2455492.3295  94
2455492.3365  94
2455492.3434  94
2455492.3503  94
2455492.3573  94
2455492.3642  94
2455492.3712  94
2455492.3781  94
2455492.3851  94
2455493.2483  93
2455493.2552  93
2455493.2622  93
2455493.2691  93
2455493.2761  93
2455493.2830  93
2455493.2900  93
2455493.2969  93
2455493.3039  93
2455493.3108  93
2455493.3177  93
2455493.3247  94
2455493.3316  94
2455493.3386  94
2455493.3455  94
2455493.3525  94
2455493.3594  94
2455493.3664  94
2455493.3733  94
2455493.3802  94
2455494.2435  93
2455494.2504  93
2455494.2573  93
2455494.2643  93
2455494.2712  93
2455494.2782  93
2455494.2851  93
2455494.2921  93
2455494.2990  93
2455494.3059  93
2455494.3129  93
2455494.3198  94
2455494.3268  94
2455494.3337  94
2455494.3407  94
2455494.3476  94
2455494.3546  94
2455494.3615  94
2455494.3684  94
2455494.3754  94
2455497.2276  92
2455500.2185  92
2455500.2394  92
2455500.3019  93
2455500.3158  94
2455500.3296  94
2455500.3435  94
2455500.3574  95
2455502.2928  94
2455502.3067  94
2455502.3205  94
2455502.3344  95
2455507.3308  95
2455509.1863  90
2455509.2071  91
2455509.3113  95
2455509.3252  95
2455510.3223  95
2455511.2917  94
2455511.3056  95
2455511.3195  95
2455511.3333  96
2455512.1985  91
2455512.2888  94
2455512.3027  95
2455512.3166  95
2455512.3305  96
2455513.1957  90
2455513.2860  94
2455513.2998  95
2455513.3137  95
2455513.3276  96
2455514.2275  92
2455514.2289  92
2455514.2293  92
2455514.2296  92
2455514.2300  92
2455514.2303  92
2455514.2307  92
2455514.2310  92
2455514.2314  92
2455514.2317  92
2455514.2320  92
2455514.2345  92
2455514.2359  92
2455514.2362  92
2455514.2414  92
2455514.2428  92
2455514.2432  92
2455514.2484  93
2455514.2498  93
2455514.2501  93
2455514.2553  93
2455514.2623  93
2455514.2692  94
2455514.2761  94
2455514.2831  94
2455514.2900  94
2455514.2970  95
2455514.3039  95
2455514.3109  95
2455514.3178  96
2455514.3248  96
2455515.1552  89
2455515.1622  89
2455515.2663  93
2455515.2733  94
2455515.2802  94
2455515.2872  94
2455515.2941  95
2455515.3010  95
2455515.3080  95
2455515.3149  96
2455515.3219  96
2455516.2565  93
2455516.2579  93
2455516.2582  93
2455516.2586  93
2455516.2589  93
2455516.2593  93
2455516.2596  93
2455516.2600  93
2455516.2603  93
2455516.2607  93
2455516.2610  93
2455516.2634  93
2455516.2648  94
2455516.2652  94
2455516.2655  94
2455516.2659  94
2455516.2662  94
2455516.2666  94
2455516.2669  94
2455516.2673  94
2455516.2676  94
2455516.2680  94
2455516.2704  94
2455516.2718  94
2455516.2721  94
2455516.2725  94
2455516.2728  94
2455516.2732  94
2455516.2735  94
2455516.2739  94
2455516.2742  94
2455516.2746  94
2455516.2749  94
2455516.2773  94
2455516.2843  94
2455516.2912  95
2455516.2982  95
2455516.3051  95
2455516.3121  96
2455516.3190  96
2455517.1564  89
2455517.1633  89
2455517.1703  89
2455517.1772  90
2455517.1842  90
2455517.2467  93
2455517.2536  93
2455517.2606  93
2455517.2675  94
2455517.2744  94
2455517.2814  94
2455517.2883  95
2455517.2953  95
2455517.3022  96
2455517.3092  96
2455517.3161  96
2455518.2716  94
2455518.2785  94
2455518.2855  95
2455518.2924  95
2455518.2993  96
2455518.3063  96
2455518.3132  96
2455519.1437  88
2455519.1506  88
2455519.1576  89
2455519.1645  89
2455519.1714  89
2455519.1784  90
2455519.2409  93
2455519.2478  93
2455519.2548  93
2455519.2617  94
2455519.2687  94
2455519.2756  94
2455519.2826  95
2455519.2895  95
2455519.2964  96
2455519.3034  96
2455519.3103  96
2455521.1518  88
2455521.1587  89
2455521.1657  89
2455521.1726  89
2455521.1795  90
2455521.1865  90
2455521.1934  90
2455521.2559  94
2455521.2573  94
2455521.2577  94
2455521.2580  94
2455521.2584  94
2455521.2629  94
2455521.2643  94
2455521.2646  94
2455521.2650  94
2455521.2653  94
2455521.2698  94
2455521.2712  94
2455521.2716  94
2455521.2719  94
2455521.2723  95
2455521.2768  95
2455521.2782  95
2455521.2785  95
2455521.2789  95
2455521.2792  95
2455521.2837  95
2455521.2851  95
2455521.2855  95
2455521.2858  95
2455521.2861  95
2455521.2907  96
2455521.2920  96
2455521.2924  96
2455521.2927  96
2455521.2931  96
2455521.2976  96
2455521.2990  96
2455521.2993  96
2455521.2997  96
2455521.3000  96
2455521.3045  96
2455522.2322  92
2455522.2392  93
2455522.2461  93
2455522.2530  94
2455522.2600  94
2455522.2669  94
2455522.2739  95
2455522.2808  95
2455522.2878  96
2455522.2947  96
2455522.3017  96
2455523.1390  88
2455523.1460  88
2455523.1529  88
2455523.1599  89
2455523.1668  89
2455523.2293  92
2455523.2363  93
2455523.2432  93
2455523.2502  94
2455523.2571  94
2455523.2640  94
2455523.2710  95
2455523.2779  95
2455523.2849  96
2455523.2918  96
2455523.2988  96
2455525.2722  95
2455525.2791  96
2455525.2861  96
2455525.2930  96
2455526.1373  88
2455526.1582  89
2455526.2346  93
2455526.2554  94
2455526.2762  95
2455527.2178  92
2455527.2317  93
2455527.2456  94
2455527.2595  95
2455527.2734  95
2455527.2873  96
2455528.2844  96
2455529.1357  88
2455529.1565  89
2455529.1773  90
2455529.2398  94
2455529.2607  95
2455529.2815  96
2455530.2127  92
2455530.2335  93
2455530.2543  95
2455530.2766  96
2455531.1230  87
2455531.1438  88
2455531.2133  92
2455531.2341  94
2455531.2550  95
2455531.2758  96
2455532.2347  94
2455532.2556  95
2455533.1589  89
2455533.1798  90
2455534.1248  87
2455534.1457  89
2455534.1665  90
2455534.2290  94
2455534.2498  95
2455534.2707  96
2455535.1220  87
2455535.1428  88
2455535.1636  90
2455535.2275  94
2455535.2289  94
2455535.2293  94
2455535.2296  94
2455535.2300  94
2455535.2484  95
2455535.2497  95
2455535.2501  95
2455535.2504  95
2455535.2508  95
2455536.1261  88
2455536.1955  92
2455536.2163  93
2455536.2372  94
2455536.2587  96
2455537.1232  87
2455537.1927  92
2455537.2135  93
2455537.2343  94
2455537.2558  96
2455538.1134  87
2455538.1342  88
2455538.1551  89
2455538.2183  94
2455538.2391  95
2455538.2599  96
2455539.1106  87
2455539.1314  88
2455539.1522  89
2455539.2217  94
2455539.2425  95
2455540.1147  87
2455540.1841  92
2455540.2049  93
2455540.2258  94
2455540.2473  96
2455543.2172  94
2455543.2381  95
2455544.1762  91
2455544.1970  93
2455544.2179  94
2455544.2387  95
2455546.2191  94
2455546.2400  95
2455547.1087  87
2455547.1295  88
2455547.1503  89
2455547.1712  91
2455547.2337  95
2455550.2356  94
2455552.2368  94
2455554.2451  95
2455574.1264  87
2455574.1368  87
2455574.1472  88
2455574.1576  88
2455574.1680  89
2455574.1784  89
2455574.1889  90
2455574.1993  90
2455574.2097  90
2455574.2201  91
2455574.2305  91
2455574.2409  92
2455574.2514  92
2455574.2618  93
2455574.2722  93
2455585.2028  90
2455585.2132  90
2455585.2236  90
2455585.2340  91
2455585.2444  91
2455585.2549  91
2455585.2653  91
2455586.1409  88
2455586.1513  89
2455586.1617  89
2455586.1721  89
2455586.1826  89
2455586.1930  90
2455586.2034  90
2455586.2138  90
2455586.2242  90
2455586.2346  91
2455586.2451  91
2455586.2555  91
2455586.2659  91
2455587.2040  90
2455587.2144  90
2455587.2248  90
2455587.2353  91
2455588.1352  89
2455588.1456  89
2455588.1560  89
2455588.1664  89
2455588.1769  89
2455588.1873  89
2455588.1977  90
2455588.2081  90
2455588.2185  90
2455588.2289  90
2455588.2394  91
2455588.2498  91
2455588.2602  91
2455589.1219  88
2455589.1323  89
2455589.1427  89
2455589.1531  89
2455589.1636  89
2455589.1740  89
2455589.1844  89
2455589.1948  90
2455589.2052  90
2455589.2156  90
2455589.2261  90
2455589.2365  90
2455589.2469  91
2455589.2573  91
2455589.2677  91
2455590.1364  89
2455590.1468  89
2455590.1572  89
2455590.1677  89
2455590.1781  89
2455590.1885  90
2455590.1989  90
2455590.2093  90
2455590.2197  90
2455590.2302  90
2455590.2406  90
2455590.2510  91
2455590.2614  91
2455591.2065  90
2455591.2169  90
2455592.1237  89
2455592.1341  89
2455592.1446  89
2455592.1550  89
2455592.1654  89
2455592.1758  90
2455592.1862  90
2455592.1966  90
2455592.2071  90
2455592.2175  90
2455592.2279  90
2455592.2383  90
2455592.2487  90
2455592.2591  91
2455592.2696  91
2455593.1382  89
2455593.1591  89
2455593.1799  90
2455593.2007  90
2455593.2216  90
2455593.2424  90
2455593.2632  91
2455594.1250  89
2455594.1354  89
2455594.1458  89
2455594.1562  89
2455594.1666  90
2455594.1770  90
2455594.1875  90
2455594.1979  90
2455594.2083  90
2455594.2187  90
2455594.2291  90
2455594.2395  90
2455594.2500  90
2455594.2604  90
2455595.1603  90
2455595.1673  90
2455595.1742  90
2455595.1811  90
2455595.1881  90
2455595.1950  90
2455595.2020  90
2455595.2089  90
2455595.2159  90
2455595.2228  90
2455595.2298  90
2455599.2323  90
2455599.2427  90
2455599.2531  90
2455599.2636  90
2455602.1454  91
2455602.1662  90
2455603.1342  91
2455603.1550  91
2455603.2696  90
2455604.2251  90
2455604.2355  90
2455604.2459  90
2455604.2563  90
2455604.2667  90
2455615.1919  92
2455615.1989  92
2455615.2058  91
2455615.2128  91
2455615.2197  91
2455615.2267  91
2455615.2336  91
2455615.2406  90
2455615.2475  90
2455615.2544  90
2455615.2614  90
2455615.2683  90
2455615.2753  89
2455618.1404  94
2455618.1612  93
2455618.1821  92
2455618.2029  92
2455618.2237  91
2455618.2446  90
2455618.2654  90
2455620.1972  92
2455621.1840  93
2455621.1979  92
2455621.2673  90
2455623.1089  96
2455623.1506  94
2455623.1714  94
2455623.1922  93
2455623.2686  90
2455625.2699  90
2455626.2394  91
2455626.2602  90
2455628.2025  93
2455628.2233  92
2455628.2441  91
2455628.2650  90
2455628.2858  89
2455629.2239  92
2455631.1280  97
2455631.1489  96
2455631.2322  92
2455631.2530  91
2455631.2739  90
2455631.2947  89
2455632.1287  97
2455634.2689  90
2455634.2758  90
2455635.1306  98
2455635.2487  92
2455636.1313  98
2455636.2563  91
2455636.2771  90
2455636.2980  89
2455638.2611  91
2455638.2819  90
2455640.2728  91
2455640.2936  90
2455641.1345  99
2455641.2595  92
2455641.2804  90
2455641.3012  89
2455642.2706  91
2455642.2914  90
2455643.2608  92
2455643.2817  90
2455643.3025  89
2455645.1406  99
2455645.1614  98
2455645.2659  92
2455645.2864  90
2455646.2731  91
2455646.3009  90
2455647.1453  99
2455648.2721  91
2455648.2998  90
2455649.2186  95
2455649.2395  93
2455649.2603  92
2455649.2811  91
2455649.3020  89
2455651.1334 100
2455651.1542  98
2455653.1314 100
2455653.1523  99
2455653.1731  97
2455654.1513  99
2455654.1721  97
2455654.1929  96
2455654.2138  95
2455654.2867  90
2455656.1702  98
2455656.1910  96
2455656.2118  95
2455656.2847  91
2455658.1890  96
2455658.2133  95
2455658.2828  91
2455659.1880  96
2455659.2123  95
2455659.2818  91
2455660.2565  92
2455660.2634  92
2455660.2704  91
2455660.2773  91
2455660.2843  91
2455660.2912  90
2455661.1861  97
2455661.2104  95
2455661.2798  91
2455662.1851  97
2455662.2094  95
2455662.2788  91
2455663.2605  92
2455663.2674  92
2455663.2744  91
2455663.2813  91
2455663.2883  90
2455664.2769  91
2455665.1303 100
2455665.1719  97
2455665.2080  95
2455665.2761  91
2455666.2645  92
2455666.2853  91
2455667.1799  97
2455667.2042  95
2455667.2737  91
2455668.1794  97
2455668.2037  95
2455668.2731  91
2455669.2027  95
2455669.2721  91
2455670.1774  97
2455670.2017  95
2455670.2711  91
2455672.2689  92
2455673.1742  97
2455673.1985  95
2455673.2679  92
2455674.1732  97
2455674.1975  95
2455674.2669  92
2455675.2659  92
2455676.2649  92
2455677.2639  92
2455678.2177  94
2455678.2386  93
2455678.2594  92
2455678.2802  91
2455679.2619  92
2455681.2599  92
2455684.2256  94
2455687.1982  95
2455687.2191  94
2455691.1941  95
2455693.1921  95
2455694.1389  96
2455697.2098  94
2455697.2306  94
2455697.2514  93
2455698.2087  94
2455698.2296  94
2455698.2504  93
2455700.2066  94
2455700.2274  94
2455700.2483  93
2455701.2056  94
2455701.2264  94
2455701.2472  93
2455702.2045  94
2455702.2253  94
2455702.2462  93
2455723.2597  95
2455725.1374  92
2455725.1582  92
2455725.1790  93
2455725.1999  93
2455725.2207  94
2455725.2415  94
2455725.2624  95
2455747.2513  93
2455747.2721  94
2455747.2930  96
2455754.2751  94
2455754.2959  95
2455754.3168  96
2455756.2849  94
2455756.3058  95
2455757.3002  95
2455757.3211  96
2455761.3130  95
2455762.2797  93
2455762.3005  94
2455762.3213  96
2455763.2949  94
2455763.3157  95
2455765.3323  96
2455767.3350  96
2455768.2600  90
2455768.3017  93
2455768.3225  95
2455770.2908  92
2455770.3117  94
2455770.3325  95
2455771.3058  93
2455771.3266  95
2455772.3314  95
2455773.2182  87
2455773.2599  90
2455773.3432  95
2455803.3320  90
2455803.3528  91
2455803.3737  92
2455804.3716  92
2455804.3924  93
2455805.3243  90
2455805.3451  91
2455805.3660  91
2455805.3868  92
2455807.3652  91
2455807.3861  92
2455808.3214  90
2455808.3423  90
2455808.3631  91
2455808.3839  92
2455811.2700  88
2455816.3150  90
2455817.3059  90
2455817.3267  90
2455817.3476  90
2455817.3684  90
2455817.3892  91
2455818.3003  90
2455818.3211  90
2455818.3420  90
2455818.3628  90
2455818.3836  90
2455819.3016  90
2455819.3225  90
2455819.3433  90
2455819.3641  90
2455819.3850  90
2455820.3030  90
2455820.3238  90
2455820.3446  90
2455820.3655  90
2455820.3863  90
2455821.3043  90
2455821.3251  90
2455821.3460  90
2455821.3668  90
2455821.3876  90
2455822.3751  90
2455823.2931  90
2455823.3348  90
2455824.3778  90
2455825.2958  90
2455825.3375  90
2455825.3791  90
2455826.3805  90
2455827.2985  91
2455827.3402  90
2455827.3818  90
2455828.3415  90
2455828.3832  90
2455830.3625  90
2455831.3072  91
2455833.3664  90
2455835.3248  91
2455836.3717  91
2455837.3283  92
2455838.3300  92
2455840.3752  91
2455840.4169  90
2455841.3353  92
2455844.3405  92
2455845.3839  91
2455845.4256  90
2455850.3962  91
2455851.3112  95
2455852.3129  95
2455853.4015  91
2455854.3165  95
2455856.4069  92
2455859.4123  92
2455862.4177  92
2455864.4213  92
2455865.4612  90
2455867.4266  92
2455870.4320  93
2455872.3279  99
2455873.4373  93
2455874.3523  98
2455876.4427  93
2455877.3576  98
2455878.3663  98
2455878.4080  95
2455878.4497  93
2455878.4775  91
2455880.4289  94
2455880.4497  93
2455880.4706  92
2455880.4914  90
2455881.4098  96
2455881.4307  95
2455881.4515  93
2455881.4723  92
2455881.4932  90
2455883.4342  95
2455883.4759  92
2455883.4967  91
2455885.4169  96
2455885.4377  95
2455885.4586  93
2455885.4794  92
2455885.5002  91
2455886.4187  96
2455886.4395  95
2455886.4603  94
2455886.4812  92
2455886.5020  91
2455888.4222  96
2455888.4430  95
2455888.4639  94
2455888.4847  92
2455888.5055  91
2455889.3858  98
2455889.4274  96
2455889.4691  93
2455889.4969  92
2455890.4257  96
2455890.4466  95
2455890.4674  94
2455890.4882  92
2455890.5091  91
2455891.3893  98
2455891.4309  96
2455891.4726  94
2455891.5004  92
2455892.4292  96
2455892.4501  95
2455892.4709  94
2455892.4917  93
2455892.5126  91
2455893.3928  98
2455893.4345  96
2455893.4761  94
2455893.5109  92
2455894.5057  92
2455895.4345  96
2455895.4553  95
2455895.4762  94
2455895.4970  93
2455895.5178  91
2455896.3981  98
2455896.4397  96
2455896.4814  94
2455896.5161  92
2455897.3998  98
2455897.4415  96
2455897.4832  94
2455897.5109  92
2455898.4016  98
2455898.4433  96
2455898.4849  94
2455898.5127  92
2455899.4033  98
2455899.4450  96
2455899.4867  94
2455899.5145  92
2455900.4433  96
2455900.4641  95
2455900.4850  94
2455900.5058  93
2455900.5266  92
2455901.4451  96
2455901.4659  95
2455901.4867  94
2455901.5076  93
2455901.5284  92
2455902.4086  98
2455902.4503  96
2455902.4919  94
2455902.5197  93
2455903.4104  98
2455903.4520  96
2455903.4937  94
2455903.5215  93
2455904.4503  96
2455904.4711  95
2455904.4920  94
2455904.5128  93
2455904.5336  92
2455905.4520  96
2455905.4729  95
2455905.4937  94
2455905.5145  93
2455905.5354  92
2455906.4260  97
2455906.4399  97
2455906.4538  96
2455906.4677  96
2455906.4816  95
2455906.4955  94
2455906.5093  94
2455906.5232  93
2455906.5371  92
2455906.5510  92
2455907.3834  99
2455907.4043  98
2455907.4251  97
2455907.4459  97
2455907.4668  96
2455907.4876  95
2455907.5084  94
2455907.5293  93
2455907.5501  92
2455908.4520  96
2455908.4624  96
2455908.4728  95
2455908.4832  95
2455908.4937  94
2455908.5041  94
2455908.5145  93
2455908.5249  93
2455908.5353  92
2455908.5457  92
2455909.4789  95
2455909.4928  94
2455909.5066  94
2455909.5205  93
2455909.5344  93
2455909.5483  92
2455910.4050  98
2455910.4467  96
2455910.4884  95
2455910.5300  93
2455911.4493  96
2455911.4632  96
2455911.4770  95
2455911.4909  94
2455911.5048  94
2455911.5187  93
2455911.5326  93
2455911.5465  92
2455912.4206  97
2455912.4622  95
2455912.5039  94
2455912.5282  93
2455913.3849  98
2455913.4058  97
2455913.4266  97
2455913.4474  96
2455913.4683  95
2455913.4891  94
2455913.5099  94
2455913.5308  93
2455913.5516  92
2455914.4292  96
2455914.4431  96
2455914.4569  96
2455914.4708  95
2455914.4847  95
2455914.4986  94
2455914.5125  94
2455914.5264  93
2455914.5403  92
2455915.4283  96
2455915.4421  96
2455915.4560  95
2455915.4699  95
2455915.4838  95
2455915.4977  94
2455915.5116  94
2455915.5255  93
2455915.5394  93
2455916.4100  97
2455916.4516  96
2455916.4933  94
2455916.5246  93
2455917.4611  95
2455917.4750  95
2455917.4889  94
2455917.5028  94
2455917.5167  93
2455917.5306  93
2455917.5445  92
2455918.4324  96
2455918.4463  96
2455918.4602  95
2455918.4741  95
2455918.4880  94
2455918.5019  94
2455918.5158  93
2455918.5297  93
2455918.5436  93
2455919.4142  96
2455919.4558  95
2455919.4975  94
2455919.5218  93
2455920.4202  96
2455920.4619  95
2455920.5035  94
2455920.5452  93
2455921.4401  95
2455921.4818  94
2455921.5234  93
2455922.4183  96
2455922.4600  95
2455922.5017  94
2455922.5190  93
2455923.4487  95
2455923.4903  94
2455923.5320  93
2455924.4477  95
2455924.4894  94
2455924.5311  93
2455925.4225  95
2455925.4642  95
2455925.5058  94
2455926.4528  95
2455926.4945  94
2455926.5153  94
2455927.4276  95
2455927.4693  94
2455927.5109  94
2455928.4579  94
2455928.4996  94
2455929.4327  95
2455929.4744  94
2455929.5160  94
2455930.4630  94
2455930.4769  94
2455930.4908  94
2455930.5047  94
2455930.5186  94
2455930.5325  94
2455931.3961  95
2455931.4100  95
2455931.4239  94
2455931.4378  94
2455931.4517  94
2455931.4655  94
2455931.4794  94
2455931.4933  94
2455931.5072  94
2455931.5211  94
2455931.5350  94
2455932.4611  94
2455932.4750  94
2455932.4889  94
2455932.5028  94
2455932.5167  94
2455932.5306  94
2455933.4046  94
2455933.4185  94
2455933.4324  94
2455933.4463  94
2455933.4602  94
2455934.3968  94
2455934.4072  94
2455934.4176  94
2455934.4280  94
2455934.4384  94
2455934.4488  94
2455934.4593  94
2455934.4697  94
2455934.4801  94
2455934.4905  94
2455934.5009  94
2455934.5113  94
2455934.5218  94
2455934.5322  94
2455938.4034  93
2455938.4242  94
2455938.4451  94
2455938.4659  94
2455938.4867  94
2455938.5076  94
2455939.4997  94
2455939.5205  94
2455940.4015  93
2455940.4223  93
2455940.4432  93
2455940.4640  94
2455940.4848  94
2455940.5057  94
2455940.5265  94
2455941.4561  94
2455941.4769  94
2455941.4978  94
2455941.5186  94
2455946.4861  94
2455946.5069  94
2455946.5277  95
2455947.4643  93
2455947.4851  94
2455947.5059  94
2455947.5268  95
2455948.4668  93
2455948.4876  94
2455948.5084  94
2455948.5293  95
2455950.4647  93
2455950.4855  94
2455950.5063  95
2455950.5272  95
2455956.5014  95
2455956.5222  96
2455959.5058  95
2455964.5120  96
2455968.4044  90
2455968.4149  91
2455968.4253  91
2455968.4357  92
2455968.4461  92
2455968.4565  93
2455968.4676  93
2455968.4774  94
2455968.4878  95
2455968.4982  95
2455968.5086  96
2455971.4192  91
2455971.4401  92
2455971.4609  93
2455971.4817  94
2455980.4636  93
2455980.4845  95
2455980.5053  96
2455983.3881  88
2455983.4090  90
2455983.4298  91
2455983.4506  92
2455983.4715  94
2455983.4923  95
2455986.4376  91
2455986.4585  93
2455986.4793  94
2455986.5001  96
2455987.3847  88
2455987.4055  89
2455987.4263  91
2455987.4472  92
2455987.4680  94
2455987.4888  95
2455988.3838  88
2455988.4047  89
2455988.4255  91
2455988.4463  92
2455988.4672  93
2455988.4880  95
2455990.3828  88
2455990.4036  89
2455990.4245  90
2455992.3804  87
2455992.4012  89
2455992.4221  90
2455992.4429  92
2455992.4637  93
2455992.4846  95
2455993.4983  96
2456003.3712  87
2456003.3920  88
2456003.4128  90
2456007.3678  87
2456007.3887  88
2456007.4095  89
2456007.4303  91
2456007.4512  92
2456028.3570  88
2456028.3779  89
2456028.3987  89
2456028.4195  90
2456028.4404  91
2456028.4612  92
2456032.3537  88
2456032.3745  89
2456032.3953  90
2456032.4162  90
2456032.4370  91
2456032.4578  92
2456036.3503  89
2456036.3711  89
2456036.3920  90
2456036.4128  90
2456036.4336  91
2456036.4545  91
2456038.3486  89
2456038.3695  89
2456038.3903  90
2456038.4111  90
2456038.4320  91
2456041.4433  91
2456042.3939  90
2456042.4147  90
2456042.4355  91
2456043.3444  89
2456043.3652  90
2456043.3861  90
2456043.4069  90
2456043.4277  90
2456045.3427  90
2456045.3635  90
2456045.3844  90
2456045.4052  90
2456045.4260  90
2456046.3356  90
2456046.3460  90
2456046.3564  90
2456046.3669  90
2456046.3773  90
2456046.3877  90
2456046.3981  90
2456046.4085  90
2456046.4189  90
2456046.4294  90
2456046.4398  90
2456046.4502  90
2456047.3869  90
2456047.3973  90
2456047.4077  90
2456047.4181  90
2456047.4285  90
2456047.4389  90
2456047.4494  90
2456048.3339  90
2456048.3444  90
2456048.3548  90
2456048.3652  90
2456048.3756  90
2456048.3860  90
2456048.3964  90
2456048.4069  90
2456048.4173  90
2456048.4277  90
2456048.4381  90
2456048.4485  90
2456049.3331  90
2456049.3435  90
2456049.3539  90
2456049.3643  90
2456049.3748  90
2456049.3852  90
2456049.3956  90
2456049.4060  90
2456049.4164  90
2456049.4268  90
2456049.4373  90
2456050.3322  90
2456050.3427  90
2456050.3531  90
2456050.3635  90
2456050.3739  90
2456050.3843  90
2456050.3947  90
2456050.4052  90
2456050.4156  90
2456050.4260  90
2456050.4364  90
2456050.4468  90
2456051.3835  90
2456051.3939  90
2456051.4043  90
2456051.4147  90
2456051.4251  90
2456051.4356  90
2456051.4460  90
2456052.3305  91
2456052.3409  91
2456052.3514  91
2456052.3618  90
2456052.3722  90
2456052.3826  90
2456052.3930  90
2456052.4034  90
2456052.4139  90
2456052.4243  90
2456052.4347  90
2456052.4451  90
2456063.3934  90
2456063.4038  89
2456065.3774  90
2456065.3879  90
2456065.3983  89
2456066.3434  91
2456066.3538  91
2456066.3642  90
2456066.3747  90
2456066.3851  90
2456066.3955  89
2456067.3406  91
2456067.3511  91
2456067.3615  90
2456067.3719  90
2456067.3823  90
2456067.3927  89
2456069.3351  91
2456069.3455  91
2456069.3559  91
2456069.3663  90
2456069.3767  90
2456069.3872  89
2456070.3323  91
2456070.3427  91
2456070.3531  91
2456070.3635  90
2456070.3740  90
2456070.3844  89
2456071.3260  92
2456071.3364  91
2456071.3469  91
2456071.3573  90
2456071.3677  90
2456071.3781  89
2456072.3163  92
2456073.3204  92
2456073.3829  89
2456074.2843  93
2456074.2961  93
2456074.3065  92
2456074.3170  92
2456074.3274  91
2456074.3378  91
2456074.3482  90
2456074.3586  90
2456074.3690  89
2456074.3795  89
2456078.2850  93
2456078.2954  93
2456078.3058  92
2456078.3162  92
2456078.3266  91
2456078.3371  91
2456078.3475  90
2456078.3579  90
2456078.3683  89
2456079.3037  92
2456079.3350  91
2456080.2836  93
2456081.1940  98
2456081.2044  97
2456081.2149  97
2456081.2253  96
2456081.2426  95
2456081.2531  95
2456081.2635  94
2456081.2739  94
2456081.2843  93
2456081.2947  93
2456081.3051  92
2456081.3086  92
2456082.2642  94
2456092.2345  95
2456092.2464  95
2456092.2568  94
2456092.2672  93
2456092.2776  93
2456092.2880  92
2456092.2984  91
2456093.2964  91
2456096.2500  94
2456096.2604  93
2456096.2708  93
2456100.2127  96
2456100.2245  95
2456100.2349  95
2456100.2453  94
2456100.2557  93
2456100.2661  92
2456100.2765  92
2456100.2870  91
2456100.2974  90
2456100.3078  90
2456102.2961  90
2456102.3065  89
2456103.1489 100
2456103.1697  98
2456103.1906  97
2456103.2114  96
2456103.2322  94
2456103.2531  93
2456104.2444  93
2456104.2548  93
2456104.2653  92
2456104.2965  90
2456105.1698  98
2456105.1802  97
2456105.1906  97
2456105.2011  96
2456105.2115  96
2456105.2219  95
2456105.2531  93
2456105.2636  92
2456105.2740  91
2456105.2844  91
2456105.2948  90
2456106.2407  93
2456106.2511  93
2456106.2615  92
2456106.2719  91
2456106.2823  91
2456106.2928  90
2456107.2928  90
2456108.1352 100
2456108.1560  99
2456108.1769  97
2456108.1977  96
2456108.2185  95
2456108.2394  93
2456109.1589  98
2456109.1693  98
2456109.1797  97
2456109.1901  96
2456109.2005  96
2456109.2109  95
2456109.2214  94
2456109.2318  94
2456109.2422  93
2456109.2526  92
2456109.2630  92
2456109.2734  91
2456109.2839  90
2456112.1992  95
2456112.2096  95
2456112.2200  94
2456112.2305  93
2456112.2617  91
2456112.2721  91
2456112.2825  90
2456114.2632  91
2456118.1480  98
2456118.1688  96
2456118.2036  94
2456118.2452  92
2456119.1418  98
2456119.1835  95
2456119.2251  93
2456120.1425  98
2456120.1633  96
2456120.2050  94
2456120.2467  91
2456121.1363  98
2456121.1780  96
2456121.2196  93
2456126.1339  97
2456126.1547  96
2456126.1964  94
2456126.2381  92
2456127.1303  98
2456127.1720  96
2456127.2137  93
2456128.1302  98
2456128.1719  96
2456129.1301  98
2456129.1717  96
2456129.2134  93
2456133.1296  97
2456133.1713  95
2456133.2129  94
2456133.2546  92
2456135.1293  97
2456135.1710  95
2456135.2126  94
2456135.2543  92
2456137.1290  97
2456141.1250  97
2456141.1666  95
2456141.2083  94
2456141.2500  92
2456143.1386  96
2456143.1802  95
2456143.2219  94
2456146.2284  94
2456147.1171  96
2456149.2418  93
2456151.1165  96
2456151.1581  95
2456153.1161  95
2456153.1578  95
2456153.1994  94
2456153.2411  94
2456155.1574  95
2456155.1991  94
2456155.2408  94
2456157.1571  94
2456157.1988  94
2456157.2404  94
2456159.1296  94
2456159.1505  94
2456159.1713  94
2456159.1921  94
2456159.2130  94
2456159.2338  94
2456159.2546  94
2456160.2433  94
2456160.2538  94
2456162.1596  94
2456162.1701  94
2456162.1805  94
2456162.1909  94
2456162.2013  94
2456162.2117  94
2456162.2221  94
2456162.2326  94
2456182.1188  90
2456182.1396  91
2456182.1604  92
2456182.2031  93
2456186.1281  89
2456186.1385  90
2456186.1489  90
2456186.1593  91
2456186.1698  91
2456186.1802  92
2456186.1906  92
2456186.2010  93
2456186.2114  93
2456186.2218  94
2456186.2323  94
2456186.2427  95
2456186.2531  95
2456190.1311  89
2456190.1520  90
2456190.1728  91
2456190.1936  92
2456194.1967  91
2456194.2175  92
2456194.2383  94
2456194.2592  95
2456196.1478  88
2456196.1583  89
2456196.1687  89
2456196.1791  90
2456196.1895  90
2456196.1999  91
2456198.1962  90
2456198.2066  91
2456198.2171  92
2456198.2275  92
2456198.2379  93
2456198.2483  94
2456200.1508  87
2456200.1613  88
2456200.1717  88
2456200.1821  89
2456200.1925  90
2456200.2029  90
2456202.1541  87
2456202.1645  88
2456202.1749  88
2456202.1853  89
2456202.1958  90
2456202.2062  90
2456202.2166  91
2456204.2059  90
2456204.2163  90
2456204.2268  91
2456204.2372  92
2456204.2476  93
2456204.2580  93
2456206.1605  87
2456206.1710  87
2456206.1814  88
2456206.1918  88
2456206.2022  89
2456206.2126  90
2456206.2230  91
2456206.2335  91
2456208.2436  92
2456211.1825  87
2456211.2034  88
2456211.2242  90
2456211.2450  91
2456211.2659  93
2456211.2867  94
2456211.3075  96
2456216.1837  86
2456216.1941  87
2456216.2045  87
2456216.2149  88
2456216.2254  89
2456216.2358  90
2456216.2462  90
2456216.2566  91
2456216.2670  92
2456216.2774  93
2456216.2879  93
2456217.2964  94
2456217.3069  95
2456217.3173  96
2456218.2182  88
2456218.2286  89
2456218.2390  89
2456218.2495  90
2456218.2599  91
2456218.2703  92
2456218.2807  93
2456220.2742  92
2456220.2847  92
2456220.2951  93
2456220.3055  94
2456220.3159  95
2456221.1884  86
2456221.1988  86
2456221.2092  87
2456221.2196  88
2456221.2300  88
2456221.2405  89
2456221.2509  90
2456221.2613  90
2456221.2717  91
2456221.2727  91
2456221.2925  93
2456221.3030  94
2456221.3134  95
2456221.3238  95
2456223.3062  94
2456223.3271  95
2456224.2808  91
2456224.2912  92
2456224.3016  93
2456224.3120  94
2456224.3224  95
2456224.3329  96
2456226.3077  93
2456226.3285  95
2456227.3128  93
2456227.3336  95
2456228.2102  86
2456228.2310  87
2456228.2519  89
2456228.2727  90
2456228.2935  92
2456228.3144  93
2456228.3352  95
2456230.3176  93
2456230.3385  95
2456231.3332  94
2456232.2063  85
2456232.2271  87
2456232.2480  88
2456232.2688  89
2456232.2896  91
2456233.2392  87
2456233.2600  89
2456233.2808  90
2456233.3017  91
2456233.3225  93
2456233.3433  94
2456235.3362  93
2456236.2302  86
2456236.2510  88
2456236.2718  89
2456236.2927  90
2456237.2318  86
2456237.2526  88
2456237.2734  89
2456237.2943  90
2456237.3151  91
2456237.3359  93
2456237.3568  94
2456238.2647  88
2456238.3480  94
2456239.3496  93
2456241.3356  92
2456242.2365  86
2456242.2573  88
2456242.2782  89
2456242.2990  90
2456242.3198  91
2456242.3407  92
2456242.3615  94
2456245.2414  87
2456245.2622  88
2456245.2831  89
2456245.3039  90
2456245.3247  91
2456245.3456  92
2456245.3664  93
2456248.3748  93
2456249.2479  87
2456249.2688  88
2456249.2896  89
2456249.3104  90
2456250.2704  88
2456250.2912  89
2456250.3121  90
2456250.3329  91
2456250.3537  92
2456250.3746  93
2456251.2686  88
2456251.2894  89
2456251.3102  89
2456251.3311  90
2456251.3519  91
2456251.3727  92
2456252.2424  87
2456252.2632  88
2456252.2841  88
2456252.3049  89
2456252.3257  90
2456252.3466  91
2456255.2619  88
2456255.2827  88
2456255.3036  89
2456255.3244  90
2456257.2679  88
2456257.2888  89
2456257.3096  89
2456257.3304  90
2456257.3513  91
2456257.3721  91
2456258.2592  88
2456258.2800  88
2456258.3008  89
2456258.3217  90
2456258.3425  90
2456258.3633  91
2456258.3842  92
2456259.2608  88
2456259.2816  88
2456259.3024  89
2456259.3233  90
2456262.3039  89
2456262.3247  90
2456264.2689  89
2456264.2898  89
2456264.3106  89
2456264.3314  90
2456264.3523  90
2456264.3731  91
2456264.3939  91
2456265.2636  89
2456265.2844  89
2456265.3053  89
2456265.3261  90
2456265.3469  90
2456266.2722  89
2456266.2930  89
2456266.3138  90
2456266.3347  90
2456266.3555  90
2456266.3763  90
2456266.3972  91
2456278.3657  90
2456278.4073  90
2456279.3065  91
2456279.3481  91
2456279.3898  90
2456280.3255  91
2456280.3672  90
2456280.4088  90
2456281.3075  91
2456281.3492  91
2456281.3909  90
2456282.3155  91
2456282.3571  91
2456282.3988  90
2456283.2921  92
2456283.3338  91
2456283.3755  90
2456283.4171  90
2456284.3139  92
2456284.3556  91
2456284.3973  90
2456285.2837  92
2456285.3253  92
2456285.3670  91
2456285.4087  90
2456286.3159  92
2456286.3576  91
2456286.3992  90
2456287.2960  93
2456287.3377  92
2456287.3794  91
2456287.4210  89
2456288.3178  92
2456288.3595  91
2456288.4012  90
2456289.2980  93
2456289.3396  92
2456289.3813  91
2456289.4230  89
2456290.2781  94
2456290.3198  93
2456290.3614  91
2456290.4031  90
2456347.3039 100
2456347.3455  98
2456347.3872  96
2456348.3148  99
2456348.3565  97
2456348.3981  95
2456348.4398  92
2456349.3610  97
2456349.4026  94
2456349.4443  92
2456350.3590  97
2456350.4007  94
2456350.4424  92
2456351.3090  99
2456351.3506  97
2456351.3923  95
2456351.4340  92
2456352.3497  97
2456352.3913  95
2456352.4330  92
2456353.3559  97
2456353.3976  94
2456353.4392  92
2456354.3656  96
2456354.4073  94
2456354.4385  92
2456355.3059  99
2456355.3475  97
2456355.3892  95
2456355.4309  93
2456356.3128  98
2456356.3545  97
2456356.3961  95
2456356.4378  92
2456357.3044  99
2456357.3461  97
2456357.3878  95
2456357.4294  93
2456358.3114  98
2456358.3530  96
2456358.3947  95
2456359.3030  98
2456359.3447  97
2456359.3864  95
2456359.4280  93
2456360.3933  95
2456360.4349  93
2456361.3016  98
2456361.3433  97
2456361.3849  95
2456361.4266  93
2456362.3918  95
2456362.4335  93
2456363.3002  98
2456363.3418  96
2456363.3835  95
2456363.4252  93
2456364.2890  98
2456364.3307  97
2456364.3724  95
2456364.4140  94
2456365.3855  95
2456365.4272  93
2456366.3848  95
2456366.4265  93
2456367.3841  95
2456367.4258  93
2456401.3411  92
2456401.3620  93
2456401.3828  94
2456401.4036  94
2456401.4245  95
2456402.3787  93
2456402.3995  94
2456402.4203  95
2456403.3155  91
2456403.3363  92
2456403.3572  93
2456403.3780  93
2456403.3988  94
2456403.4197  95
2456408.3745  93
2456408.4162  95
2456409.3565  92
2456410.3039  90
2456410.3247  91
2456410.3456  92
2456410.3664  93
2456410.3872  94
2456410.4081  95
2456411.3039  90
2456411.3247  91
2456411.3456  92
2456411.3664  93
2456411.3872  94
2456411.4081  95
2456412.3044  89
2456412.3252  90
2456412.3460  91
2456412.3669  93
2456412.3877  94
2456412.4085  95
2456414.3372  91
2456414.3580  92
2456414.3789  93
2456414.3997  94
2456414.4205  96
2456418.3995  94
2456418.4204  95
2456425.3743  91
2456425.3951  93
2456425.4160  94
2456429.3778  91
2456429.3986  93
2456429.4195  94
2456432.4013  92
2456432.4221  94
2456432.4430  96
2456434.3267  87
2456434.3475  88
2456434.3683  90
2456438.3510  88
2456438.3719  89
2456460.4506  92
2456460.4714  94
2456476.4202  89
2456476.4411  90
2456476.4619  91
2456476.4827  92
2456478.3631  87
2456478.3839  88
2456478.4048  88
2456478.4256  89
2456481.4423  90
2456481.4632  91
2456481.4840  91
2456485.4079  89
2456485.4288  89
2456485.4496  90
2456485.4704  91
2456485.4913  91
2456487.4202  89
2456487.4411  90
2456487.4619  90
2456487.4827  91
2456487.5036  91
2456488.4212  89
2456488.4420  90
2456488.4628  90
2456488.4837  91
2456488.5045  91
2456489.4985  91
2456490.4334  90
2456490.4543  90
2456490.4751  90
2456490.4959  91
2456491.3962  89
2456491.5004  91
2456492.3971  89
2456492.5013  91
2456494.4337  90
2456494.4546  90
2456494.4754  90
2456494.4823  90
2456494.4893  90
2456494.4962  91
2456494.5032  91
2456494.5101  91
2456496.4425  90
2456496.4495  90
2456496.4564  90
2456496.4634  90
2456496.4703  90
2456496.4773  90
2456496.4842  90
2456496.4911  90
2456497.4608  90
2456497.4678  90
2456497.4747  90
2456497.4817  90
2456497.4886  90
2456497.4955  90
2456497.5025  90
2456497.5094  90
2456498.3888  90
2456498.4097  90
2456498.4166  90
2456498.4236  90
2456498.4305  90
2456498.4374  90
2456498.4444  90
2456498.4513  90
2456498.4583  90
2456498.4652  90
2456499.4661  90
2456499.4731  90
2456499.4800  90
2456499.4870  90
2456499.4939  90
2456500.3907  91
2456500.4115  90
2456500.4185  90
2456500.4254  90
2456500.4323  90
2456500.4393  90
2456500.4462  90
2456500.4532  90
2456500.4601  90
2456500.4671  90
2456500.4740  90
2456501.4682  90
2456501.4752  90
2456501.4821  90
2456501.4891  90
2456501.4960  90
2456501.5030  90
2456501.5099  90
2456501.5168  90
2456503.4304  91
2456503.4512  91
2456503.4721  90
2456503.4929  90
2456503.5137  90
2456504.3983  91
2456504.4191  91
2456504.4400  91
2456504.4608  91
2456504.4816  90
2456504.5025  90
2456505.4081  91
2456505.4290  91
2456505.4359  91
2456505.4429  91
2456505.4498  91
2456505.4568  91
2456505.4637  91
2456505.4706  91
2456505.4776  90
2456505.4845  90
2456505.4915  90
2456505.4984  90
2456505.5054  90
2456505.5123  90
2456505.5193  90
2456506.4006  92
2456506.4214  91
2456506.4423  91
2456506.4631  91
2456506.4839  90
2456506.5048  90
2456506.5256  90
2456507.4035  92
2456507.4243  92
2456507.4451  91
2456507.4660  91
2456507.4868  90
2456507.5076  90
2456507.5285  90
2456508.4688  91
2456508.4897  90
2456508.5105  90
2456508.5313  90
2456509.4057  92
2456509.4266  92
2456509.4474  91
2456509.4682  91
2456509.4891  91
2456509.5099  90
2456509.5307  90
2456510.4155  92
2456510.4364  92
2456510.4572  91
2456510.4780  91
2456510.4989  90
2456510.5197  90
2456510.5405  89
2456511.4740  91
2456511.4948  91
2456511.5156  90
2456511.5365  89
2456512.4116  93
2456512.4324  93
2456512.4532  92
2456512.4741  91
2456512.4949  91
2456512.5157  90
2456512.5366  90
2456513.4144  93
2456513.4353  93
2456513.4561  92
2456513.4769  91
2456513.4978  91
2456513.5186  90
2456513.5394  89
2456514.4111  94
2456514.4319  93
2456514.4527  92
2456514.4736  92
2456514.4944  91
2456514.5152  90
2456514.5361  90
2456516.4149  94
2456516.4357  93
2456516.4566  93
2456516.4774  92
2456516.4982  91
2456516.5191  91
2456516.5399  90
2456517.4159  94
2456517.4367  94
2456517.4575  93
2456517.4784  92
2456517.4992  91
2456517.5200  91
2456517.5409  90
2456518.4168  94
2456518.4376  94
2456518.4585  93
2456518.4793  92
2456518.5001  91
2456518.5210  91
2456518.5418  90
2456519.4178  95
2456519.4386  94
2456519.4594  93
2456519.4803  92
2456519.5011  92
2456519.5219  91
2456519.5428  90
2456520.4604  93
2456520.4812  92
2456520.5021  92
2456520.5229  91
2456520.5437  90
2456521.4259  95
2456521.4468  94
2456521.4676  93
2456521.4884  92
2456521.5093  91
2456521.5301  90
2456521.5509  89
2456522.4505  94
2456522.5547  89
2456523.4723  93
2456523.5140  91
2456523.5560  89
2456524.4212  96
2456525.4989  92
2456525.5406  90
2456527.4763  94
2456527.5179  92
2456527.5596  89
2456528.5154  92
2456528.5572  89
2456529.5029  93
2456529.5445  90
2456530.5591  89
2456531.5048  93
2456531.5465  90
2456532.5194  92
2456532.5610  90
2456538.4593  97
2456538.5010  94
2456538.5426  91
2456539.4433  98
2456539.4850  95
2456539.5266  93
2456539.5683  90
2456540.4474  98
2456540.4891  95
2456540.5307  93
2456540.5724  90
2456541.4588  97
2456541.5005  95
2456541.5421  92
2456541.5838  89
2456542.4598  98
2456542.5015  95
2456542.5431  92
2456542.5848  89
2456543.4471  98
2456543.4888  96
2456543.5305  93
2456543.5721  90
2456544.4350  99
2456544.4766  97
2456544.5183  94
2456544.5600  91
2456545.4511  99
2456545.4927  96
2456545.5344  93
2456545.5761  90
2456546.4758  97
2456546.5174  95
2456546.5591  92
2456547.5741  91
2456547.5949  89
2456548.4689  98
2456548.5105  96
2456548.5522  93
2456548.5939  89
2456549.5304  94
2456549.5512  93
2456549.5720  91
2456551.5908  90
2456551.6012  89
2456552.5488  94
2456552.5697  92
2456552.5905  91
2456553.5332  95
2456553.5436  94
2456553.5541  94
2456553.5645  93
2456553.5749  92
2456553.5853  91
2456553.5957  90
2456553.6061  89
2456554.4628 100
2456554.4732  99
2456554.4836  99
2456554.4940  98
2456554.5044  97
2456554.5148  97
2456554.5253  96
2456554.5357  95
2456554.5461  94
2456554.5565  94
2456554.5669  93
2456554.5773  92
2456554.5878  91
2456554.5982  90
2456554.6086  90
2456556.4795  99
2456556.4899  99
2456556.5003  98
2456556.5107  97
2456556.5211  97
2456556.5315  96
2456556.5420  95
2456556.5524  95
2456556.5628  94
2456556.5732  93
2456556.5836  92
2456556.5940  91
2456556.6045  90
2456556.6149  90
2456557.5722  93
2456557.5930  92
2456557.6138  90
2456558.4699 100
2456558.4803 100
2456558.4908  99
2456558.5012  98
2456558.5116  98
2456558.5220  97
2456558.5324  96
2456558.5428  95
2456558.5533  95
2456558.5637  94
2456558.5741  93
2456558.5845  92
2456558.5949  92
2456558.6053  91
2456558.6158  90
2456559.4702 100
2456559.4806 100
2456559.4911  99
2456559.5015  98
2456559.5119  98
2456559.5223  97
2456559.5327  96
2456559.5431  95
2456559.5536  95
2456559.5640  94
2456559.5744  93
2456559.5848  92
2456559.5952  92
2456559.6056  91
2456559.6161  90
2456560.4710 100
2456560.4815 100
2456560.4919  99
2456560.5023  98
2456560.5127  98
2456560.5231  97
2456560.5335  96
2456560.5440  96
2456560.5544  95
2456560.5648  94
2456560.5752  93
2456560.5856  92
2456560.5960  92
2456560.6065  91
2456560.6169  90
2456561.4721 100
2456561.5450  96
2456561.5555  95
2456561.5659  94
2456561.5763  93
2456561.5867  93
2456561.5971  92
2456561.6075  91
2456561.6180  90
2456562.5392  96
2456562.5600  95
2456562.5704  94
2456562.5809  93
2456562.5913  92
2456562.6017  92
2456562.6121  91
2456562.6225  90
2456563.5125  98
2456563.5333  97
2456563.5542  95
2456563.5750  94
2456563.5958  92
2456563.6167  90
2456564.4761 100
2456564.4969  99
2456564.5178  98
2456564.5386  96
2456564.5594  95
2456564.5803  93
2456564.6011  92
2456564.6219  90
2456565.6189  91
2456568.5597  95
2456568.5805  94
2456568.6013  92
2456568.6222  91
2456569.4809 100
2456569.5226  98
2456569.5642  95
2456569.6059  92
2456571.5421  97
2456571.5630  95
2456571.5838  94
2456571.6046  93
2456571.6255  91
2456572.4842 100
2456572.5259  98
2456572.5675  95
2456572.6092  93
2456574.5246  98
2456617.5626  93
2456617.5848  93
2456617.6112  94
2456617.6529  95
2456618.5761  93
2456618.6177  94
2456618.6594  95
2456620.5543  92
2456620.5960  93
2456620.6377  94
2456621.5411  92
2456621.5828  93
2456621.6245  94
2456621.6661  96
2456622.5771  93
2456622.6188  94
2456622.6604  95
2456628.5548  91
2456628.5965  93
2456628.6382  95
2456629.5396  91
2456629.5813  92
2456629.6230  94
2456634.5852  92
2456634.6061  94
2456634.6269  95
2456634.6477  96
2456649.5131  90
2456649.5339  91
2456649.5756  95
2456650.5372  92
2456652.5091  90
2456652.5299  92
2456652.5716  95
2456654.5018  90
2456654.5226  91
2456654.5643  95
2456656.5084  91
2456656.5292  92
2456664.4480  88
2456665.4444  88
2456665.4652  89
2456666.4338  87
2456666.4407  87
2456667.4232  86
2456667.4302  87
2456667.4371  87
2456667.4441  88
2456667.4510  88
2456667.4579  89
2456667.4649  90
2456668.4265  87
2456669.4104  86
2456669.4173  86
2456669.4243  87
2456669.4451  88
2456669.4521  89
2456669.4590  90
2456672.4058  86
2456673.4195  87
2456674.3846  85
2456674.3916  86
2456674.3985  86
2456674.4055  87
2456676.3878  86
2456676.3948  86
2456676.4017  87
2456676.4086  87
2456676.4156  88
2456676.4225  88
2456676.4295  89
2456676.4364  89
2456676.4434  90
2456676.4503  91
2456676.4573  91
2456676.4642  92
2456676.4711  92
2456681.3686  86
2456681.3755  86
2456681.3825  87
2456681.3894  87
2456681.3963  88
2456681.4033  88
2456681.4102  89
2456681.4172  89
2456681.4241  90
2456681.4311  90
2456681.4380  91
2456681.4450  91
2456681.4519  92
2456685.3450  85
2456685.3519  86
2456686.3417  85
2456686.3486  86
2456687.3453  86
2456704.3760  90
2456707.3713  90
2456708.3697  90
2456711.3650  90
2456718.3012  89
2456725.2936  91
2456725.3353  90
2456725.3769  90
2456726.2979  91
2456726.3395  90
2456726.3812  90
2456727.3059  91
2456727.3475  90
2456727.3892  90
2456728.3143  91
2456728.3560  90
2456730.2946  91
2456730.3363  91
2456730.3779  90
2456732.2627  92
2456732.3044  91
2456732.3460  91
2456732.3877  90
2456734.2762  92
2456734.3179  91
2456734.3595  90
2456735.3038  92
2456735.3454  91
2456736.3348  91
2456736.3765  90
2456737.3486  91
2456737.3902  89
2456738.3067  92
2456738.3484  91
2456738.3901  89
2456739.3413  91
2456739.3829  89
2456741.2645  94
2456741.3062  92
2456741.3479  91
2456741.3895  89
2456742.3025  93
2456742.3442  91
2456742.3859  89
2456743.3614  90
2456745.2638  95
2456745.3055  93
2456745.3471  91
2456745.3888  89
2456746.2567  95
2456746.2636  95
2456746.2706  95
2456746.2775  94
2456746.2845  94
2456746.2914  94
2456746.2983  93
2456746.3053  93
2456746.3122  93
2456746.3192  92
2456747.2461  96
2456747.2530  95
2456747.2600  95
2456747.2669  95
2456747.2739  95
2456747.2808  94
2456747.2877  94
2456747.2947  94
2456747.3016  93
2456747.3086  93
2456747.3155  93
2456748.2577  95
2456748.2646  95
2456748.2716  95
2456748.2785  95
2456748.2855  94
2456748.2924  94
2456748.2994  94
2456748.3063  93
2456748.3133  93
2456748.3195  93
2456749.2422  96
2456749.2492  96
2456749.2561  96
2456749.2631  95
2456749.2700  95
2456749.2770  95
2456749.2839  94
2456749.2909  94
2456749.2978  94
2456749.3047  93
2456749.3117  93
2456749.3186  93
2456750.2698  95
2456750.2768  95
2456750.2837  95
2456750.2907  94
2456750.2976  94
2456750.3046  94
2456750.3115  93
2456750.3184  93
2456752.2417  97
2456752.2521  96
2456752.2625  96
2456752.3320  92
2456752.3424  92
2456752.3528  91
2456752.3632  90
2456752.3737  90
2456752.3841  89
2456756.2445  98
2456756.2514  97
2456756.2584  97
2456756.2653  96
2456756.2723  96
2456756.2792  96
2456756.2862  95
2456756.2931  95
2456756.3000  94
2456756.3070  94
2456756.3139  94
2456757.2443  98
2456757.2513  97
2456757.2582  97
2456757.2652  97
2456757.2721  96
2456757.2790  96
2456757.2860  95
2456757.2929  95
2456757.2999  95
2456757.3068  94
2456757.3138  94
2456758.2407  98
2456758.2511  98
2456758.2615  97
2456758.3310  93
2456758.3414  92
2456758.3518  91
2456758.3622  91
2456758.3726  90
2456758.3830  89
2456759.3030  95
2456759.3100  94
2456759.3169  94
2456760.2403  98
2456760.2473  98
2456760.2542  98
2456760.2612  97
2456760.2681  97
2456760.2751  96
2456760.2820  96
2456760.2890  96
2456760.2959  95
2456760.3028  95
2456760.3098  94
2456760.3167  94
2456762.2817  96
2456762.2886  96
2456762.2956  95
2456762.3025  95
2456762.3095  95
2456762.3164  94
2456763.2503  98
2456763.2711  97
2456763.2919  96
2456763.3034  95
2456764.3300  93
2456764.3404  93
2456764.3508  92
2456764.3612  91
2456764.3716  90
2456764.3820  89
2456765.3159  94
2456766.3053  95
2456766.3123  95
2456772.2522  99
2456772.2731  98
2456772.2939  96
2456772.3564  92
2456772.3772  90
2456773.2521  99
2456773.2729  98
2456773.2937  97
2456773.3146  95
2456773.3354  93
2456773.3562  92
2456773.3771  90
2456774.2484 100
2456774.2693  98
2456774.2901  97
2456774.3109  95
2456774.3318  94
2456774.3526  92
2456774.3734  90
2456776.3769  90
2456777.3375  93
2456777.3584  91
2456777.3792  89
2456779.2461 100
2456779.2670  98
2456779.2878  97
2456779.3086  95
2456779.3295  94
2456779.3503  92
2456779.3711  90
2456780.2908  97
2456780.3117  95
2456780.3325  94
2456780.3533  92
2456780.3742  90
2456781.2452 100
2456781.2661  98
2456781.2869  97
2456781.3077  96
2456781.3286  94
2456781.3494  92
2456781.3702  90
2456784.2959  96
2456784.3167  95
2456784.3376  93
2456784.3584  92
2456784.3792  90
2456785.3545  92
2456785.3753  90
2456790.2375 100
2456790.2583  99
2456790.2792  98
2456790.3000  96
2456790.3208  95
2456790.3417  93
2456790.3625  91
2456791.2370 100
2456791.2578  99
2456791.2787  98
2456791.2995  96
2456791.3203  95
2456791.3412  93
2456791.3620  91
2456792.2608  99
2456792.2817  97
2456792.3025  96
2456792.3233  95
2456792.3442  93
2456792.3650  91
