# Production date: 2020/April/17
# Fixed condition: Pha 105-110 deg
# Data description: Mean albedo distribution as a function of lon and lat
# Details on the data: Lee et al. JGR:planets
#--------------------------------------
# lon [deg], lat [deg], mean albedo [unitless], standard deviation
#--------------------------------------
  2.5 -87.5    NaN    NaN
  2.5 -82.5 0.4794 0.0457
  2.5 -77.5 0.6309 0.1336
  2.5 -72.5 0.6437 0.1505
  2.5 -67.5 0.6568 0.1562
  2.5 -62.5 0.6718 0.1480
  2.5 -57.5 0.6758 0.1386
  2.5 -52.5 0.6553 0.1289
  2.5 -47.5 0.5920 0.1359
  2.5 -42.5 0.5257 0.0967
  2.5 -37.5 0.4607 0.0711
  2.5 -32.5 0.4309 0.0627
  2.5 -27.5 0.4264 0.0791
  2.5 -22.5 0.3934 0.0641
  2.5 -17.5 0.3973 0.0583
  2.5 -12.5 0.4007 0.0590
  2.5  -7.5 0.4029 0.0629
  2.5  -2.5    NaN    NaN
  2.5   2.5    NaN    NaN
  2.5   7.5    NaN    NaN
  2.5  12.5    NaN    NaN
  2.5  17.5    NaN    NaN
  2.5  22.5    NaN    NaN
  2.5  27.5    NaN    NaN
  2.5  32.5    NaN    NaN
  2.5  37.5    NaN    NaN
  2.5  42.5    NaN    NaN
  2.5  47.5    NaN    NaN
  2.5  52.5    NaN    NaN
  2.5  57.5    NaN    NaN
  2.5  62.5    NaN    NaN
  2.5  67.5    NaN    NaN
  2.5  72.5    NaN    NaN
  2.5  77.5    NaN    NaN
  2.5  82.5    NaN    NaN
  2.5  87.5    NaN    NaN
  7.5 -87.5    NaN    NaN
  7.5 -82.5 0.4841 0.0406
  7.5 -77.5 0.6296 0.1307
  7.5 -72.5 0.6445 0.1518
  7.5 -67.5 0.6577 0.1530
  7.5 -62.5 0.6671 0.1518
  7.5 -57.5 0.6683 0.1411
  7.5 -52.5 0.6433 0.1334
  7.5 -47.5 0.5911 0.1274
  7.5 -42.5 0.5134 0.0971
  7.5 -37.5 0.4457 0.0729
  7.5 -32.5 0.4285 0.0744
  7.5 -27.5 0.4236 0.0887
  7.5 -22.5 0.4185 0.0946
  7.5 -17.5 0.3917 0.0585
  7.5 -12.5 0.4038 0.0598
  7.5  -7.5 0.4392 0.0687
  7.5  -2.5    NaN    NaN
  7.5   2.5    NaN    NaN
  7.5   7.5    NaN    NaN
  7.5  12.5    NaN    NaN
  7.5  17.5    NaN    NaN
  7.5  22.5    NaN    NaN
  7.5  27.5    NaN    NaN
  7.5  32.5    NaN    NaN
  7.5  37.5    NaN    NaN
  7.5  42.5    NaN    NaN
  7.5  47.5    NaN    NaN
  7.5  52.5    NaN    NaN
  7.5  57.5    NaN    NaN
  7.5  62.5    NaN    NaN
  7.5  67.5    NaN    NaN
  7.5  72.5    NaN    NaN
  7.5  77.5    NaN    NaN
  7.5  82.5    NaN    NaN
  7.5  87.5    NaN    NaN
 12.5 -87.5    NaN    NaN
 12.5 -82.5 0.4854 0.0393
 12.5 -77.5 0.6342 0.1255
 12.5 -72.5 0.6446 0.1493
 12.5 -67.5 0.6515 0.1556
 12.5 -62.5 0.6647 0.1484
 12.5 -57.5 0.6602 0.1402
 12.5 -52.5 0.6304 0.1380
 12.5 -47.5 0.5841 0.1251
 12.5 -42.5 0.5049 0.0918
 12.5 -37.5 0.4349 0.0727
 12.5 -32.5 0.4404 0.0794
 12.5 -27.5 0.4316 0.0878
 12.5 -22.5 0.4135 0.0914
 12.5 -17.5 0.3868 0.0519
 12.5 -12.5 0.3967 0.0554
 12.5  -7.5 0.4509 0.0544
 12.5  -2.5    NaN    NaN
 12.5   2.5    NaN    NaN
 12.5   7.5    NaN    NaN
 12.5  12.5    NaN    NaN
 12.5  17.5    NaN    NaN
 12.5  22.5    NaN    NaN
 12.5  27.5    NaN    NaN
 12.5  32.5    NaN    NaN
 12.5  37.5    NaN    NaN
 12.5  42.5    NaN    NaN
 12.5  47.5    NaN    NaN
 12.5  52.5    NaN    NaN
 12.5  57.5    NaN    NaN
 12.5  62.5    NaN    NaN
 12.5  67.5    NaN    NaN
 12.5  72.5    NaN    NaN
 12.5  77.5    NaN    NaN
 12.5  82.5    NaN    NaN
 12.5  87.5    NaN    NaN
 17.5 -87.5    NaN    NaN
 17.5 -82.5 0.4871 0.0381
 17.5 -77.5 0.6293 0.1229
 17.5 -72.5 0.6399 0.1503
 17.5 -67.5 0.6480 0.1518
 17.5 -62.5 0.6606 0.1463
 17.5 -57.5 0.6543 0.1364
 17.5 -52.5 0.6258 0.1363
 17.5 -47.5 0.5776 0.1157
 17.5 -42.5 0.4956 0.0841
 17.5 -37.5 0.4384 0.0765
 17.5 -32.5 0.4449 0.0877
 17.5 -27.5 0.4463 0.0929
 17.5 -22.5 0.3975 0.0617
 17.5 -17.5 0.3769 0.0528
 17.5 -12.5 0.3858 0.0603
 17.5  -7.5 0.4361 0.0707
 17.5  -2.5    NaN    NaN
 17.5   2.5    NaN    NaN
 17.5   7.5    NaN    NaN
 17.5  12.5    NaN    NaN
 17.5  17.5    NaN    NaN
 17.5  22.5    NaN    NaN
 17.5  27.5    NaN    NaN
 17.5  32.5    NaN    NaN
 17.5  37.5    NaN    NaN
 17.5  42.5    NaN    NaN
 17.5  47.5    NaN    NaN
 17.5  52.5    NaN    NaN
 17.5  57.5    NaN    NaN
 17.5  62.5    NaN    NaN
 17.5  67.5    NaN    NaN
 17.5  72.5    NaN    NaN
 17.5  77.5    NaN    NaN
 17.5  82.5    NaN    NaN
 17.5  87.5    NaN    NaN
 22.5 -87.5    NaN    NaN
 22.5 -82.5 0.4942 0.0360
 22.5 -77.5 0.6247 0.1210
 22.5 -72.5 0.6336 0.1488
 22.5 -67.5 0.6462 0.1498
 22.5 -62.5 0.6564 0.1433
 22.5 -57.5 0.6527 0.1334
 22.5 -52.5 0.6285 0.1292
 22.5 -47.5 0.5772 0.1091
 22.5 -42.5 0.4871 0.0815
 22.5 -37.5 0.4384 0.0812
 22.5 -32.5 0.4512 0.0947
 22.5 -27.5 0.4527 0.0944
 22.5 -22.5 0.3913 0.0562
 22.5 -17.5 0.3653 0.0446
 22.5 -12.5 0.3845 0.0541
 22.5  -7.5 0.4467 0.0240
 22.5  -2.5    NaN    NaN
 22.5   2.5    NaN    NaN
 22.5   7.5    NaN    NaN
 22.5  12.5    NaN    NaN
 22.5  17.5    NaN    NaN
 22.5  22.5    NaN    NaN
 22.5  27.5    NaN    NaN
 22.5  32.5    NaN    NaN
 22.5  37.5    NaN    NaN
 22.5  42.5    NaN    NaN
 22.5  47.5    NaN    NaN
 22.5  52.5    NaN    NaN
 22.5  57.5    NaN    NaN
 22.5  62.5    NaN    NaN
 22.5  67.5    NaN    NaN
 22.5  72.5    NaN    NaN
 22.5  77.5    NaN    NaN
 22.5  82.5    NaN    NaN
 22.5  87.5    NaN    NaN
 27.5 -87.5    NaN    NaN
 27.5 -82.5 0.4965 0.0373
 27.5 -77.5 0.6195 0.1173
 27.5 -72.5 0.6328 0.1437
 27.5 -67.5 0.6455 0.1455
 27.5 -62.5 0.6470 0.1461
 27.5 -57.5 0.6388 0.1412
 27.5 -52.5 0.6159 0.1342
 27.5 -47.5 0.5601 0.1199
 27.5 -42.5 0.4739 0.0816
 27.5 -37.5 0.4328 0.0815
 27.5 -32.5 0.4419 0.0931
 27.5 -27.5 0.4368 0.0837
 27.5 -22.5 0.4014 0.0603
 27.5 -17.5 0.3791 0.0495
 27.5 -12.5 0.4385 0.0299
 27.5  -7.5 0.4662 0.0208
 27.5  -2.5 0.4532 0.0349
 27.5   2.5    NaN    NaN
 27.5   7.5    NaN    NaN
 27.5  12.5    NaN    NaN
 27.5  17.5    NaN    NaN
 27.5  22.5    NaN    NaN
 27.5  27.5    NaN    NaN
 27.5  32.5    NaN    NaN
 27.5  37.5    NaN    NaN
 27.5  42.5    NaN    NaN
 27.5  47.5    NaN    NaN
 27.5  52.5    NaN    NaN
 27.5  57.5    NaN    NaN
 27.5  62.5    NaN    NaN
 27.5  67.5    NaN    NaN
 27.5  72.5    NaN    NaN
 27.5  77.5    NaN    NaN
 27.5  82.5    NaN    NaN
 27.5  87.5    NaN    NaN
 32.5 -87.5    NaN    NaN
 32.5 -82.5 0.4995 0.0374
 32.5 -77.5 0.6191 0.1111
 32.5 -72.5 0.6291 0.1382
 32.5 -67.5 0.6346 0.1427
 32.5 -62.5 0.6404 0.1458
 32.5 -57.5 0.6284 0.1459
 32.5 -52.5 0.6068 0.1377
 32.5 -47.5 0.5573 0.1150
 32.5 -42.5 0.4705 0.0733
 32.5 -37.5 0.4362 0.0789
 32.5 -32.5 0.4326 0.0883
 32.5 -27.5 0.4320 0.0732
 32.5 -22.5 0.4169 0.0714
 32.5 -17.5 0.3893 0.0686
 32.5 -12.5 0.4324 0.0475
 32.5  -7.5 0.4708 0.0216
 32.5  -2.5 0.4558    NaN
 32.5   2.5    NaN    NaN
 32.5   7.5    NaN    NaN
 32.5  12.5    NaN    NaN
 32.5  17.5    NaN    NaN
 32.5  22.5    NaN    NaN
 32.5  27.5    NaN    NaN
 32.5  32.5    NaN    NaN
 32.5  37.5    NaN    NaN
 32.5  42.5    NaN    NaN
 32.5  47.5    NaN    NaN
 32.5  52.5    NaN    NaN
 32.5  57.5    NaN    NaN
 32.5  62.5    NaN    NaN
 32.5  67.5    NaN    NaN
 32.5  72.5    NaN    NaN
 32.5  77.5    NaN    NaN
 32.5  82.5    NaN    NaN
 32.5  87.5    NaN    NaN
 37.5 -87.5    NaN    NaN
 37.5 -82.5 0.5017 0.0357
 37.5 -77.5 0.6068 0.1114
 37.5 -72.5 0.6237 0.1341
 37.5 -67.5 0.6278 0.1423
 37.5 -62.5 0.6361 0.1395
 37.5 -57.5 0.6247 0.1438
 37.5 -52.5 0.6050 0.1337
 37.5 -47.5 0.5560 0.1110
 37.5 -42.5 0.4689 0.0682
 37.5 -37.5 0.4356 0.0735
 37.5 -32.5 0.4235 0.0808
 37.5 -27.5 0.4299 0.0734
 37.5 -22.5 0.4190 0.0823
 37.5 -17.5 0.3937 0.0749
 37.5 -12.5 0.4406 0.0425
 37.5  -7.5 0.4748 0.0192
 37.5  -2.5 0.4965    NaN
 37.5   2.5    NaN    NaN
 37.5   7.5    NaN    NaN
 37.5  12.5    NaN    NaN
 37.5  17.5    NaN    NaN
 37.5  22.5    NaN    NaN
 37.5  27.5    NaN    NaN
 37.5  32.5    NaN    NaN
 37.5  37.5    NaN    NaN
 37.5  42.5    NaN    NaN
 37.5  47.5    NaN    NaN
 37.5  52.5    NaN    NaN
 37.5  57.5    NaN    NaN
 37.5  62.5    NaN    NaN
 37.5  67.5    NaN    NaN
 37.5  72.5    NaN    NaN
 37.5  77.5    NaN    NaN
 37.5  82.5    NaN    NaN
 37.5  87.5    NaN    NaN
 42.5 -87.5    NaN    NaN
 42.5 -82.5 0.5004 0.0405
 42.5 -77.5 0.5815 0.1058
 42.5 -72.5 0.6175 0.1327
 42.5 -67.5 0.6295 0.1344
 42.5 -62.5 0.6377 0.1305
 42.5 -57.5 0.6190 0.1426
 42.5 -52.5 0.6005 0.1321
 42.5 -47.5 0.5508 0.1078
 42.5 -42.5 0.4711 0.0653
 42.5 -37.5 0.4372 0.0695
 42.5 -32.5 0.4186 0.0745
 42.5 -27.5 0.4267 0.0780
 42.5 -22.5 0.4202 0.0890
 42.5 -17.5 0.4200 0.0763
 42.5 -12.5 0.4549 0.0340
 42.5  -7.5 0.4322 0.0865
 42.5  -2.5    NaN    NaN
 42.5   2.5    NaN    NaN
 42.5   7.5    NaN    NaN
 42.5  12.5    NaN    NaN
 42.5  17.5    NaN    NaN
 42.5  22.5    NaN    NaN
 42.5  27.5    NaN    NaN
 42.5  32.5    NaN    NaN
 42.5  37.5    NaN    NaN
 42.5  42.5    NaN    NaN
 42.5  47.5    NaN    NaN
 42.5  52.5    NaN    NaN
 42.5  57.5    NaN    NaN
 42.5  62.5    NaN    NaN
 42.5  67.5    NaN    NaN
 42.5  72.5    NaN    NaN
 42.5  77.5    NaN    NaN
 42.5  82.5    NaN    NaN
 42.5  87.5    NaN    NaN
 47.5 -87.5    NaN    NaN
 47.5 -82.5 0.5002 0.0437
 47.5 -77.5 0.5626 0.0949
 47.5 -72.5 0.6115 0.1290
 47.5 -67.5 0.6292 0.1299
 47.5 -62.5 0.6328 0.1278
 47.5 -57.5 0.6200 0.1364
 47.5 -52.5 0.6024 0.1284
 47.5 -47.5 0.5491 0.1067
 47.5 -42.5 0.4741 0.0643
 47.5 -37.5 0.4364 0.0680
 47.5 -32.5 0.4053 0.0666
 47.5 -27.5 0.4212 0.0804
 47.5 -22.5 0.4121 0.0977
 47.5 -17.5 0.4350 0.0613
 47.5 -12.5 0.4470 0.0345
 47.5  -7.5 0.4148 0.0346
 47.5  -2.5 0.4657    NaN
 47.5   2.5 0.4703    NaN
 47.5   7.5    NaN    NaN
 47.5  12.5    NaN    NaN
 47.5  17.5    NaN    NaN
 47.5  22.5    NaN    NaN
 47.5  27.5    NaN    NaN
 47.5  32.5    NaN    NaN
 47.5  37.5    NaN    NaN
 47.5  42.5    NaN    NaN
 47.5  47.5    NaN    NaN
 47.5  52.5    NaN    NaN
 47.5  57.5    NaN    NaN
 47.5  62.5    NaN    NaN
 47.5  67.5    NaN    NaN
 47.5  72.5    NaN    NaN
 47.5  77.5    NaN    NaN
 47.5  82.5    NaN    NaN
 47.5  87.5    NaN    NaN
 52.5 -87.5    NaN    NaN
 52.5 -82.5 0.5098 0.0436
 52.5 -77.5 0.5515 0.0867
 52.5 -72.5 0.5958 0.1263
 52.5 -67.5 0.6186 0.1267
 52.5 -62.5 0.6294 0.1243
 52.5 -57.5 0.6176 0.1295
 52.5 -52.5 0.6008 0.1241
 52.5 -47.5 0.5512 0.1046
 52.5 -42.5 0.4795 0.0640
 52.5 -37.5 0.4348 0.0633
 52.5 -32.5 0.3988 0.0614
 52.5 -27.5 0.4026 0.0826
 52.5 -22.5 0.3986 0.0962
 52.5 -17.5 0.4475 0.0624
 52.5 -12.5 0.4415 0.0259
 52.5  -7.5 0.4345 0.0395
 52.5  -2.5 0.4612    NaN
 52.5   2.5 0.4571    NaN
 52.5   7.5    NaN    NaN
 52.5  12.5    NaN    NaN
 52.5  17.5    NaN    NaN
 52.5  22.5    NaN    NaN
 52.5  27.5    NaN    NaN
 52.5  32.5    NaN    NaN
 52.5  37.5    NaN    NaN
 52.5  42.5    NaN    NaN
 52.5  47.5    NaN    NaN
 52.5  52.5    NaN    NaN
 52.5  57.5    NaN    NaN
 52.5  62.5    NaN    NaN
 52.5  67.5    NaN    NaN
 52.5  72.5    NaN    NaN
 52.5  77.5    NaN    NaN
 52.5  82.5    NaN    NaN
 52.5  87.5    NaN    NaN
 57.5 -87.5    NaN    NaN
 57.5 -82.5 0.5132 0.0495
 57.5 -77.5 0.5435 0.0810
 57.5 -72.5 0.5724 0.1168
 57.5 -67.5 0.6014 0.1242
 57.5 -62.5 0.6207 0.1215
 57.5 -57.5 0.6146 0.1222
 57.5 -52.5 0.5943 0.1211
 57.5 -47.5 0.5442 0.1026
 57.5 -42.5 0.4819 0.0680
 57.5 -37.5 0.4342 0.0630
 57.5 -32.5 0.4012 0.0629
 57.5 -27.5 0.3947 0.0784
 57.5 -22.5 0.4020 0.0828
 57.5 -17.5 0.4390 0.0368
 57.5 -12.5 0.4606 0.0226
 57.5  -7.5 0.4505 0.0313
 57.5  -2.5 0.4347 0.0493
 57.5   2.5 0.4515    NaN
 57.5   7.5    NaN    NaN
 57.5  12.5    NaN    NaN
 57.5  17.5    NaN    NaN
 57.5  22.5    NaN    NaN
 57.5  27.5    NaN    NaN
 57.5  32.5    NaN    NaN
 57.5  37.5    NaN    NaN
 57.5  42.5    NaN    NaN
 57.5  47.5    NaN    NaN
 57.5  52.5    NaN    NaN
 57.5  57.5    NaN    NaN
 57.5  62.5    NaN    NaN
 57.5  67.5    NaN    NaN
 57.5  72.5    NaN    NaN
 57.5  77.5    NaN    NaN
 57.5  82.5    NaN    NaN
 57.5  87.5    NaN    NaN
 62.5 -87.5    NaN    NaN
 62.5 -82.5 0.5176 0.0500
 62.5 -77.5 0.5349 0.0706
 62.5 -72.5 0.5637 0.1126
 62.5 -67.5 0.5733 0.1170
 62.5 -62.5 0.5936 0.1188
 62.5 -57.5 0.6030 0.1196
 62.5 -52.5 0.5870 0.1152
 62.5 -47.5 0.5415 0.0978
 62.5 -42.5 0.4873 0.0690
 62.5 -37.5 0.4368 0.0592
 62.5 -32.5 0.4036 0.0629
 62.5 -27.5 0.3957 0.0780
 62.5 -22.5 0.4114 0.0758
 62.5 -17.5 0.4331 0.0375
 62.5 -12.5 0.4597 0.0224
 62.5  -7.5 0.4480 0.0140
 62.5  -2.5 0.4410 0.0134
 62.5   2.5    NaN    NaN
 62.5   7.5    NaN    NaN
 62.5  12.5    NaN    NaN
 62.5  17.5    NaN    NaN
 62.5  22.5    NaN    NaN
 62.5  27.5    NaN    NaN
 62.5  32.5    NaN    NaN
 62.5  37.5    NaN    NaN
 62.5  42.5    NaN    NaN
 62.5  47.5    NaN    NaN
 62.5  52.5    NaN    NaN
 62.5  57.5    NaN    NaN
 62.5  62.5    NaN    NaN
 62.5  67.5    NaN    NaN
 62.5  72.5    NaN    NaN
 62.5  77.5    NaN    NaN
 62.5  82.5    NaN    NaN
 62.5  87.5    NaN    NaN
 67.5 -87.5    NaN    NaN
 67.5 -82.5 0.5148 0.0556
 67.5 -77.5 0.5329 0.0679
 67.5 -72.5 0.5534 0.1083
 67.5 -67.5 0.5704 0.1136
 67.5 -62.5 0.5849 0.1121
 67.5 -57.5 0.5933 0.1160
 67.5 -52.5 0.5824 0.1120
 67.5 -47.5 0.5391 0.0961
 67.5 -42.5 0.4893 0.0715
 67.5 -37.5 0.4403 0.0593
 67.5 -32.5 0.4071 0.0639
 67.5 -27.5 0.3972 0.0761
 67.5 -22.5 0.4273 0.0708
 67.5 -17.5 0.4120 0.0644
 67.5 -12.5 0.4545 0.0370
 67.5  -7.5 0.4327 0.0069
 67.5  -2.5 0.4403 0.0346
 67.5   2.5    NaN    NaN
 67.5   7.5    NaN    NaN
 67.5  12.5    NaN    NaN
 67.5  17.5    NaN    NaN
 67.5  22.5    NaN    NaN
 67.5  27.5    NaN    NaN
 67.5  32.5    NaN    NaN
 67.5  37.5    NaN    NaN
 67.5  42.5    NaN    NaN
 67.5  47.5    NaN    NaN
 67.5  52.5    NaN    NaN
 67.5  57.5    NaN    NaN
 67.5  62.5    NaN    NaN
 67.5  67.5    NaN    NaN
 67.5  72.5    NaN    NaN
 67.5  77.5    NaN    NaN
 67.5  82.5    NaN    NaN
 67.5  87.5    NaN    NaN
 72.5 -87.5    NaN    NaN
 72.5 -82.5 0.5188 0.0551
 72.5 -77.5 0.5334 0.0732
 72.5 -72.5 0.5457 0.1029
 72.5 -67.5 0.5639 0.1133
 72.5 -62.5 0.5740 0.1091
 72.5 -57.5 0.5837 0.1111
 72.5 -52.5 0.5693 0.1060
 72.5 -47.5 0.5314 0.0926
 72.5 -42.5 0.4878 0.0732
 72.5 -37.5 0.4397 0.0575
 72.5 -32.5 0.4144 0.0619
 72.5 -27.5 0.4028 0.0717
 72.5 -22.5 0.4321 0.0698
 72.5 -17.5 0.4352 0.0701
 72.5 -12.5 0.4280 0.0338
 72.5  -7.5 0.4017 0.0037
 72.5  -2.5 0.4125 0.0348
 72.5   2.5 0.4703    NaN
 72.5   7.5 0.4990    NaN
 72.5  12.5    NaN    NaN
 72.5  17.5    NaN    NaN
 72.5  22.5    NaN    NaN
 72.5  27.5    NaN    NaN
 72.5  32.5    NaN    NaN
 72.5  37.5    NaN    NaN
 72.5  42.5    NaN    NaN
 72.5  47.5    NaN    NaN
 72.5  52.5    NaN    NaN
 72.5  57.5    NaN    NaN
 72.5  62.5    NaN    NaN
 72.5  67.5    NaN    NaN
 72.5  72.5    NaN    NaN
 72.5  77.5    NaN    NaN
 72.5  82.5    NaN    NaN
 72.5  87.5    NaN    NaN
 77.5 -87.5    NaN    NaN
 77.5 -82.5 0.5224 0.0547
 77.5 -77.5 0.5337 0.0699
 77.5 -72.5 0.5453 0.1018
 77.5 -67.5 0.5488 0.1162
 77.5 -62.5 0.5683 0.1167
 77.5 -57.5 0.5718 0.1079
 77.5 -52.5 0.5562 0.1062
 77.5 -47.5 0.5165 0.0923
 77.5 -42.5 0.4800 0.0788
 77.5 -37.5 0.4400 0.0622
 77.5 -32.5 0.4150 0.0625
 77.5 -27.5 0.4079 0.0633
 77.5 -22.5 0.4253 0.0597
 77.5 -17.5 0.4267 0.0460
 77.5 -12.5 0.3982 0.0187
 77.5  -7.5 0.4016 0.0404
 77.5  -2.5 0.4503    NaN
 77.5   2.5 0.4677    NaN
 77.5   7.5    NaN    NaN
 77.5  12.5    NaN    NaN
 77.5  17.5    NaN    NaN
 77.5  22.5    NaN    NaN
 77.5  27.5    NaN    NaN
 77.5  32.5    NaN    NaN
 77.5  37.5    NaN    NaN
 77.5  42.5    NaN    NaN
 77.5  47.5    NaN    NaN
 77.5  52.5    NaN    NaN
 77.5  57.5    NaN    NaN
 77.5  62.5    NaN    NaN
 77.5  67.5    NaN    NaN
 77.5  72.5    NaN    NaN
 77.5  77.5    NaN    NaN
 77.5  82.5    NaN    NaN
 77.5  87.5    NaN    NaN
 82.5 -87.5    NaN    NaN
 82.5 -82.5 0.5185 0.0543
 82.5 -77.5 0.5338 0.0717
 82.5 -72.5 0.5435 0.1059
 82.5 -67.5 0.5410 0.1192
 82.5 -62.5 0.5479 0.1182
 82.5 -57.5 0.5515 0.1075
 82.5 -52.5 0.5413 0.0957
 82.5 -47.5 0.5126 0.0805
 82.5 -42.5 0.4768 0.0685
 82.5 -37.5 0.4446 0.0623
 82.5 -32.5 0.4202 0.0638
 82.5 -27.5 0.4106 0.0587
 82.5 -22.5 0.4225 0.0585
 82.5 -17.5 0.4253 0.0484
 82.5 -12.5 0.4187 0.0258
 82.5  -7.5 0.4129 0.0638
 82.5  -2.5 0.4681    NaN
 82.5   2.5 0.4720    NaN
 82.5   7.5    NaN    NaN
 82.5  12.5    NaN    NaN
 82.5  17.5    NaN    NaN
 82.5  22.5    NaN    NaN
 82.5  27.5    NaN    NaN
 82.5  32.5    NaN    NaN
 82.5  37.5    NaN    NaN
 82.5  42.5    NaN    NaN
 82.5  47.5    NaN    NaN
 82.5  52.5    NaN    NaN
 82.5  57.5    NaN    NaN
 82.5  62.5    NaN    NaN
 82.5  67.5    NaN    NaN
 82.5  72.5    NaN    NaN
 82.5  77.5    NaN    NaN
 82.5  82.5    NaN    NaN
 82.5  87.5    NaN    NaN
 87.5 -87.5    NaN    NaN
 87.5 -82.5 0.5144 0.0566
 87.5 -77.5 0.5378 0.0819
 87.5 -72.5 0.5405 0.1103
 87.5 -67.5 0.5425 0.1249
 87.5 -62.5 0.5507 0.1209
 87.5 -57.5 0.5498 0.1058
 87.5 -52.5 0.5402 0.0922
 87.5 -47.5 0.5138 0.0805
 87.5 -42.5 0.4788 0.0683
 87.5 -37.5 0.4440 0.0629
 87.5 -32.5 0.4247 0.0613
 87.5 -27.5 0.4170 0.0535
 87.5 -22.5 0.4259 0.0507
 87.5 -17.5 0.4351 0.0497
 87.5 -12.5 0.4369 0.0335
 87.5  -7.5 0.4579 0.0156
 87.5  -2.5 0.4697 0.0067
 87.5   2.5 0.4578    NaN
 87.5   7.5    NaN    NaN
 87.5  12.5    NaN    NaN
 87.5  17.5    NaN    NaN
 87.5  22.5    NaN    NaN
 87.5  27.5    NaN    NaN
 87.5  32.5    NaN    NaN
 87.5  37.5    NaN    NaN
 87.5  42.5    NaN    NaN
 87.5  47.5    NaN    NaN
 87.5  52.5    NaN    NaN
 87.5  57.5    NaN    NaN
 87.5  62.5    NaN    NaN
 87.5  67.5    NaN    NaN
 87.5  72.5    NaN    NaN
 87.5  77.5    NaN    NaN
 87.5  82.5    NaN    NaN
 87.5  87.5    NaN    NaN
 92.5 -87.5    NaN    NaN
 92.5 -82.5 0.5147 0.0595
 92.5 -77.5 0.5351 0.0784
 92.5 -72.5 0.5429 0.1139
 92.5 -67.5 0.5421 0.1281
 92.5 -62.5 0.5435 0.1284
 92.5 -57.5 0.5457 0.1084
 92.5 -52.5 0.5386 0.0914
 92.5 -47.5 0.5112 0.0802
 92.5 -42.5 0.4754 0.0690
 92.5 -37.5 0.4444 0.0617
 92.5 -32.5 0.4298 0.0602
 92.5 -27.5 0.4214 0.0589
 92.5 -22.5 0.4219 0.0469
 92.5 -17.5 0.4542 0.0284
 92.5 -12.5 0.4525 0.0366
 92.5  -7.5 0.4699 0.0359
 92.5  -2.5 0.4788 0.0260
 92.5   2.5    NaN    NaN
 92.5   7.5    NaN    NaN
 92.5  12.5    NaN    NaN
 92.5  17.5    NaN    NaN
 92.5  22.5    NaN    NaN
 92.5  27.5    NaN    NaN
 92.5  32.5    NaN    NaN
 92.5  37.5    NaN    NaN
 92.5  42.5    NaN    NaN
 92.5  47.5    NaN    NaN
 92.5  52.5    NaN    NaN
 92.5  57.5    NaN    NaN
 92.5  62.5    NaN    NaN
 92.5  67.5    NaN    NaN
 92.5  72.5    NaN    NaN
 92.5  77.5    NaN    NaN
 92.5  82.5    NaN    NaN
 92.5  87.5    NaN    NaN
 97.5 -87.5    NaN    NaN
 97.5 -82.5 0.5085 0.0614
 97.5 -77.5 0.5412 0.0824
 97.5 -72.5 0.5394 0.1218
 97.5 -67.5 0.5380 0.1347
 97.5 -62.5 0.5422 0.1331
 97.5 -57.5 0.5399 0.1112
 97.5 -52.5 0.5332 0.0911
 97.5 -47.5 0.5046 0.0822
 97.5 -42.5 0.4657 0.0712
 97.5 -37.5 0.4395 0.0643
 97.5 -32.5 0.4277 0.0614
 97.5 -27.5 0.4282 0.0605
 97.5 -22.5 0.4218 0.0448
 97.5 -17.5 0.4418 0.0369
 97.5 -12.5 0.4546 0.0415
 97.5  -7.5 0.4611 0.0433
 97.5  -2.5 0.4731 0.0444
 97.5   2.5 0.4430 0.0080
 97.5   7.5 0.4636 0.0179
 97.5  12.5    NaN    NaN
 97.5  17.5    NaN    NaN
 97.5  22.5    NaN    NaN
 97.5  27.5    NaN    NaN
 97.5  32.5    NaN    NaN
 97.5  37.5    NaN    NaN
 97.5  42.5    NaN    NaN
 97.5  47.5    NaN    NaN
 97.5  52.5    NaN    NaN
 97.5  57.5    NaN    NaN
 97.5  62.5    NaN    NaN
 97.5  67.5    NaN    NaN
 97.5  72.5    NaN    NaN
 97.5  77.5    NaN    NaN
 97.5  82.5    NaN    NaN
 97.5  87.5    NaN    NaN
102.5 -87.5    NaN    NaN
102.5 -82.5 0.5101 0.0640
102.5 -77.5 0.5461 0.0848
102.5 -72.5 0.5435 0.1240
102.5 -67.5 0.5351 0.1442
102.5 -62.5 0.5401 0.1376
102.5 -57.5 0.5407 0.1128
102.5 -52.5 0.5275 0.0922
102.5 -47.5 0.5012 0.0803
102.5 -42.5 0.4627 0.0728
102.5 -37.5 0.4347 0.0656
102.5 -32.5 0.4273 0.0601
102.5 -27.5 0.4257 0.0605
102.5 -22.5 0.4249 0.0438
102.5 -17.5 0.4306 0.0385
102.5 -12.5 0.4532 0.0331
102.5  -7.5 0.4700 0.0376
102.5  -2.5 0.4776 0.0344
102.5   2.5 0.4640 0.0041
102.5   7.5 0.4723 0.0192
102.5  12.5    NaN    NaN
102.5  17.5    NaN    NaN
102.5  22.5    NaN    NaN
102.5  27.5    NaN    NaN
102.5  32.5    NaN    NaN
102.5  37.5    NaN    NaN
102.5  42.5    NaN    NaN
102.5  47.5    NaN    NaN
102.5  52.5    NaN    NaN
102.5  57.5    NaN    NaN
102.5  62.5    NaN    NaN
102.5  67.5    NaN    NaN
102.5  72.5    NaN    NaN
102.5  77.5    NaN    NaN
102.5  82.5    NaN    NaN
102.5  87.5    NaN    NaN
107.5 -87.5    NaN    NaN
107.5 -82.5 0.5095 0.0663
107.5 -77.5 0.5399 0.0936
107.5 -72.5 0.5376 0.1282
107.5 -67.5 0.5422 0.1453
107.5 -62.5 0.5411 0.1426
107.5 -57.5 0.5395 0.1153
107.5 -52.5 0.5267 0.0916
107.5 -47.5 0.4970 0.0804
107.5 -42.5 0.4609 0.0709
107.5 -37.5 0.4287 0.0640
107.5 -32.5 0.4241 0.0518
107.5 -27.5 0.4209 0.0440
107.5 -22.5 0.4269 0.0396
107.5 -17.5 0.4346 0.0358
107.5 -12.5 0.4593 0.0310
107.5  -7.5 0.4746 0.0364
107.5  -2.5 0.4902 0.0302
107.5   2.5 0.4687 0.0072
107.5   7.5 0.4732 0.0081
107.5  12.5    NaN    NaN
107.5  17.5    NaN    NaN
107.5  22.5    NaN    NaN
107.5  27.5    NaN    NaN
107.5  32.5    NaN    NaN
107.5  37.5    NaN    NaN
107.5  42.5    NaN    NaN
107.5  47.5    NaN    NaN
107.5  52.5    NaN    NaN
107.5  57.5    NaN    NaN
107.5  62.5    NaN    NaN
107.5  67.5    NaN    NaN
107.5  72.5    NaN    NaN
107.5  77.5    NaN    NaN
107.5  82.5    NaN    NaN
107.5  87.5    NaN    NaN
112.5 -87.5    NaN    NaN
112.5 -82.5 0.5120 0.0674
112.5 -77.5 0.5377 0.0970
112.5 -72.5 0.5380 0.1296
112.5 -67.5 0.5387 0.1488
112.5 -62.5 0.5383 0.1444
112.5 -57.5 0.5367 0.1156
112.5 -52.5 0.5219 0.0917
112.5 -47.5 0.4927 0.0793
112.5 -42.5 0.4556 0.0707
112.5 -37.5 0.4253 0.0624
112.5 -32.5 0.4204 0.0539
112.5 -27.5 0.4229 0.0459
112.5 -22.5 0.4332 0.0436
112.5 -17.5 0.4417 0.0353
112.5 -12.5 0.4392 0.0430
112.5  -7.5 0.4729 0.0307
112.5  -2.5 0.4784 0.0272
112.5   2.5 0.4679 0.0176
112.5   7.5    NaN    NaN
112.5  12.5    NaN    NaN
112.5  17.5    NaN    NaN
112.5  22.5    NaN    NaN
112.5  27.5    NaN    NaN
112.5  32.5    NaN    NaN
112.5  37.5    NaN    NaN
112.5  42.5    NaN    NaN
112.5  47.5    NaN    NaN
112.5  52.5    NaN    NaN
112.5  57.5    NaN    NaN
112.5  62.5    NaN    NaN
112.5  67.5    NaN    NaN
112.5  72.5    NaN    NaN
112.5  77.5    NaN    NaN
112.5  82.5    NaN    NaN
112.5  87.5    NaN    NaN
117.5 -87.5    NaN    NaN
117.5 -82.5 0.5114 0.0677
117.5 -77.5 0.5357 0.0983
117.5 -72.5 0.5346 0.1315
117.5 -67.5 0.5330 0.1530
117.5 -62.5 0.5330 0.1454
117.5 -57.5 0.5328 0.1168
117.5 -52.5 0.5199 0.0935
117.5 -47.5 0.4892 0.0792
117.5 -42.5 0.4527 0.0692
117.5 -37.5 0.4296 0.0624
117.5 -32.5 0.4199 0.0550
117.5 -27.5 0.4277 0.0464
117.5 -22.5 0.4387 0.0423
117.5 -17.5 0.4493 0.0320
117.5 -12.5 0.4475 0.0370
117.5  -7.5 0.4671 0.0315
117.5  -2.5 0.4642 0.0170
117.5   2.5 0.4590 0.0253
117.5   7.5    NaN    NaN
117.5  12.5    NaN    NaN
117.5  17.5    NaN    NaN
117.5  22.5    NaN    NaN
117.5  27.5    NaN    NaN
117.5  32.5    NaN    NaN
117.5  37.5    NaN    NaN
117.5  42.5    NaN    NaN
117.5  47.5    NaN    NaN
117.5  52.5    NaN    NaN
117.5  57.5    NaN    NaN
117.5  62.5    NaN    NaN
117.5  67.5    NaN    NaN
117.5  72.5    NaN    NaN
117.5  77.5    NaN    NaN
117.5  82.5    NaN    NaN
117.5  87.5    NaN    NaN
122.5 -87.5    NaN    NaN
122.5 -82.5 0.5096 0.0722
122.5 -77.5 0.5350 0.0998
122.5 -72.5 0.5308 0.1337
122.5 -67.5 0.5339 0.1525
122.5 -62.5 0.5342 0.1445
122.5 -57.5 0.5362 0.1157
122.5 -52.5 0.5235 0.0931
122.5 -47.5 0.4912 0.0775
122.5 -42.5 0.4564 0.0649
122.5 -37.5 0.4337 0.0600
122.5 -32.5 0.4230 0.0531
122.5 -27.5 0.4279 0.0480
122.5 -22.5 0.4441 0.0399
122.5 -17.5 0.4542 0.0334
122.5 -12.5 0.4538 0.0315
122.5  -7.5 0.4543 0.0337
122.5  -2.5 0.4609 0.0271
122.5   2.5 0.4663 0.0087
122.5   7.5 0.4813    NaN
122.5  12.5 0.5031    NaN
122.5  17.5    NaN    NaN
122.5  22.5    NaN    NaN
122.5  27.5    NaN    NaN
122.5  32.5    NaN    NaN
122.5  37.5    NaN    NaN
122.5  42.5    NaN    NaN
122.5  47.5    NaN    NaN
122.5  52.5    NaN    NaN
122.5  57.5    NaN    NaN
122.5  62.5    NaN    NaN
122.5  67.5    NaN    NaN
122.5  72.5    NaN    NaN
122.5  77.5    NaN    NaN
122.5  82.5    NaN    NaN
122.5  87.5    NaN    NaN
127.5 -87.5    NaN    NaN
127.5 -82.5 0.5184 0.0691
127.5 -77.5 0.5338 0.1069
127.5 -72.5 0.5325 0.1320
127.5 -67.5 0.5336 0.1508
127.5 -62.5 0.5347 0.1437
127.5 -57.5 0.5372 0.1147
127.5 -52.5 0.5283 0.0931
127.5 -47.5 0.4945 0.0758
127.5 -42.5 0.4591 0.0635
127.5 -37.5 0.4325 0.0595
127.5 -32.5 0.4194 0.0524
127.5 -27.5 0.4204 0.0524
127.5 -22.5 0.4407 0.0401
127.5 -17.5 0.4534 0.0374
127.5 -12.5 0.4548 0.0328
127.5  -7.5 0.4640 0.0316
127.5  -2.5 0.4757 0.0424
127.5   2.5 0.4925 0.0167
127.5   7.5 0.5109 0.0228
127.5  12.5    NaN    NaN
127.5  17.5    NaN    NaN
127.5  22.5    NaN    NaN
127.5  27.5    NaN    NaN
127.5  32.5    NaN    NaN
127.5  37.5    NaN    NaN
127.5  42.5    NaN    NaN
127.5  47.5    NaN    NaN
127.5  52.5    NaN    NaN
127.5  57.5    NaN    NaN
127.5  62.5    NaN    NaN
127.5  67.5    NaN    NaN
127.5  72.5    NaN    NaN
127.5  77.5    NaN    NaN
127.5  82.5    NaN    NaN
127.5  87.5    NaN    NaN
132.5 -87.5    NaN    NaN
132.5 -82.5 0.5258 0.0637
132.5 -77.5 0.5314 0.1032
132.5 -72.5 0.5347 0.1308
132.5 -67.5 0.5356 0.1497
132.5 -62.5 0.5388 0.1424
132.5 -57.5 0.5353 0.1162
132.5 -52.5 0.5267 0.0955
132.5 -47.5 0.4924 0.0811
132.5 -42.5 0.4591 0.0655
132.5 -37.5 0.4353 0.0567
132.5 -32.5 0.4195 0.0488
132.5 -27.5 0.4214 0.0484
132.5 -22.5 0.4346 0.0452
132.5 -17.5 0.4521 0.0365
132.5 -12.5 0.4603 0.0350
132.5  -7.5 0.4728 0.0383
132.5  -2.5 0.4801 0.0441
132.5   2.5 0.5134 0.0224
132.5   7.5 0.5114 0.0253
132.5  12.5    NaN    NaN
132.5  17.5    NaN    NaN
132.5  22.5    NaN    NaN
132.5  27.5    NaN    NaN
132.5  32.5    NaN    NaN
132.5  37.5    NaN    NaN
132.5  42.5    NaN    NaN
132.5  47.5    NaN    NaN
132.5  52.5    NaN    NaN
132.5  57.5    NaN    NaN
132.5  62.5    NaN    NaN
132.5  67.5    NaN    NaN
132.5  72.5    NaN    NaN
132.5  77.5    NaN    NaN
132.5  82.5    NaN    NaN
132.5  87.5    NaN    NaN
137.5 -87.5    NaN    NaN
137.5 -82.5 0.5329 0.0702
137.5 -77.5 0.5391 0.1032
137.5 -72.5 0.5379 0.1310
137.5 -67.5 0.5376 0.1493
137.5 -62.5 0.5353 0.1453
137.5 -57.5 0.5327 0.1198
137.5 -52.5 0.5234 0.1008
137.5 -47.5 0.4935 0.0843
137.5 -42.5 0.4598 0.0677
137.5 -37.5 0.4362 0.0570
137.5 -32.5 0.4222 0.0493
137.5 -27.5 0.4228 0.0474
137.5 -22.5 0.4345 0.0465
137.5 -17.5 0.4435 0.0405
137.5 -12.5 0.4643 0.0388
137.5  -7.5 0.4749 0.0489
137.5  -2.5 0.5000 0.0413
137.5   2.5 0.5127 0.0273
137.5   7.5 0.5132 0.0276
137.5  12.5    NaN    NaN
137.5  17.5    NaN    NaN
137.5  22.5    NaN    NaN
137.5  27.5    NaN    NaN
137.5  32.5    NaN    NaN
137.5  37.5    NaN    NaN
137.5  42.5    NaN    NaN
137.5  47.5    NaN    NaN
137.5  52.5    NaN    NaN
137.5  57.5    NaN    NaN
137.5  62.5    NaN    NaN
137.5  67.5    NaN    NaN
137.5  72.5    NaN    NaN
137.5  77.5    NaN    NaN
137.5  82.5    NaN    NaN
137.5  87.5    NaN    NaN
142.5 -87.5    NaN    NaN
142.5 -82.5 0.5317 0.0720
142.5 -77.5 0.5481 0.0992
142.5 -72.5 0.5381 0.1319
142.5 -67.5 0.5332 0.1484
142.5 -62.5 0.5335 0.1437
142.5 -57.5 0.5301 0.1215
142.5 -52.5 0.5236 0.0997
142.5 -47.5 0.4965 0.0862
142.5 -42.5 0.4654 0.0687
142.5 -37.5 0.4402 0.0580
142.5 -32.5 0.4241 0.0482
142.5 -27.5 0.4221 0.0493
142.5 -22.5 0.4318 0.0488
142.5 -17.5 0.4408 0.0557
142.5 -12.5 0.4627 0.0492
142.5  -7.5 0.4782 0.0481
142.5  -2.5 0.5089 0.0283
142.5   2.5 0.5190 0.0291
142.5   7.5 0.5229 0.0114
142.5  12.5    NaN    NaN
142.5  17.5    NaN    NaN
142.5  22.5    NaN    NaN
142.5  27.5    NaN    NaN
142.5  32.5    NaN    NaN
142.5  37.5    NaN    NaN
142.5  42.5    NaN    NaN
142.5  47.5    NaN    NaN
142.5  52.5    NaN    NaN
142.5  57.5    NaN    NaN
142.5  62.5    NaN    NaN
142.5  67.5    NaN    NaN
142.5  72.5    NaN    NaN
142.5  77.5    NaN    NaN
142.5  82.5    NaN    NaN
142.5  87.5    NaN    NaN
147.5 -87.5    NaN    NaN
147.5 -82.5 0.5380 0.0710
147.5 -77.5 0.5515 0.1005
147.5 -72.5 0.5460 0.1269
147.5 -67.5 0.5361 0.1451
147.5 -62.5 0.5415 0.1405
147.5 -57.5 0.5324 0.1204
147.5 -52.5 0.5244 0.0995
147.5 -47.5 0.5014 0.0880
147.5 -42.5 0.4658 0.0725
147.5 -37.5 0.4420 0.0615
147.5 -32.5 0.4290 0.0615
147.5 -27.5 0.4224 0.0519
147.5 -22.5 0.4317 0.0508
147.5 -17.5 0.4482 0.0554
147.5 -12.5 0.4647 0.0590
147.5  -7.5 0.4963 0.0293
147.5  -2.5 0.5183 0.0261
147.5   2.5 0.5259 0.0541
147.5   7.5    NaN    NaN
147.5  12.5    NaN    NaN
147.5  17.5    NaN    NaN
147.5  22.5    NaN    NaN
147.5  27.5    NaN    NaN
147.5  32.5    NaN    NaN
147.5  37.5    NaN    NaN
147.5  42.5    NaN    NaN
147.5  47.5    NaN    NaN
147.5  52.5    NaN    NaN
147.5  57.5    NaN    NaN
147.5  62.5    NaN    NaN
147.5  67.5    NaN    NaN
147.5  72.5    NaN    NaN
147.5  77.5    NaN    NaN
147.5  82.5    NaN    NaN
147.5  87.5    NaN    NaN
152.5 -87.5    NaN    NaN
152.5 -82.5 0.5373 0.0727
152.5 -77.5 0.5472 0.1023
152.5 -72.5 0.5449 0.1263
152.5 -67.5 0.5420 0.1402
152.5 -62.5 0.5446 0.1377
152.5 -57.5 0.5387 0.1160
152.5 -52.5 0.5259 0.0947
152.5 -47.5 0.5031 0.0867
152.5 -42.5 0.4688 0.0732
152.5 -37.5 0.4466 0.0633
152.5 -32.5 0.4336 0.0651
152.5 -27.5 0.4239 0.0540
152.5 -22.5 0.4307 0.0554
152.5 -17.5 0.4511 0.0593
152.5 -12.5 0.4677 0.0677
152.5  -7.5 0.4947 0.0214
152.5  -2.5 0.4674 0.0201
152.5   2.5 0.4779 0.0143
152.5   7.5    NaN    NaN
152.5  12.5    NaN    NaN
152.5  17.5    NaN    NaN
152.5  22.5    NaN    NaN
152.5  27.5    NaN    NaN
152.5  32.5    NaN    NaN
152.5  37.5    NaN    NaN
152.5  42.5    NaN    NaN
152.5  47.5    NaN    NaN
152.5  52.5    NaN    NaN
152.5  57.5    NaN    NaN
152.5  62.5    NaN    NaN
152.5  67.5    NaN    NaN
152.5  72.5    NaN    NaN
152.5  77.5    NaN    NaN
152.5  82.5    NaN    NaN
152.5  87.5    NaN    NaN
157.5 -87.5    NaN    NaN
157.5 -82.5 0.5419 0.0746
157.5 -77.5 0.5432 0.1019
157.5 -72.5 0.5402 0.1312
157.5 -67.5 0.5406 0.1407
157.5 -62.5 0.5388 0.1370
157.5 -57.5 0.5374 0.1164
157.5 -52.5 0.5270 0.0920
157.5 -47.5 0.5079 0.0841
157.5 -42.5 0.4754 0.0725
157.5 -37.5 0.4521 0.0642
157.5 -32.5 0.4394 0.0675
157.5 -27.5 0.4295 0.0636
157.5 -22.5 0.4361 0.0567
157.5 -17.5 0.4516 0.0604
157.5 -12.5 0.4723 0.0644
157.5  -7.5 0.4536 0.0609
157.5  -2.5 0.4375 0.0250
157.5   2.5    NaN    NaN
157.5   7.5    NaN    NaN
157.5  12.5    NaN    NaN
157.5  17.5    NaN    NaN
157.5  22.5    NaN    NaN
157.5  27.5    NaN    NaN
157.5  32.5    NaN    NaN
157.5  37.5    NaN    NaN
157.5  42.5    NaN    NaN
157.5  47.5    NaN    NaN
157.5  52.5    NaN    NaN
157.5  57.5    NaN    NaN
157.5  62.5    NaN    NaN
157.5  67.5    NaN    NaN
157.5  72.5    NaN    NaN
157.5  77.5    NaN    NaN
157.5  82.5    NaN    NaN
157.5  87.5    NaN    NaN
162.5 -87.5    NaN    NaN
162.5 -82.5 0.5370 0.0770
162.5 -77.5 0.5404 0.1043
162.5 -72.5 0.5388 0.1282
162.5 -67.5 0.5398 0.1376
162.5 -62.5 0.5425 0.1340
162.5 -57.5 0.5445 0.1146
162.5 -52.5 0.5320 0.0876
162.5 -47.5 0.5113 0.0810
162.5 -42.5 0.4801 0.0713
162.5 -37.5 0.4546 0.0660
162.5 -32.5 0.4408 0.0729
162.5 -27.5 0.4333 0.0759
162.5 -22.5 0.4373 0.0554
162.5 -17.5 0.4482 0.0568
162.5 -12.5 0.4574 0.0460
162.5  -7.5 0.4236 0.0437
162.5  -2.5 0.4143 0.0421
162.5   2.5    NaN    NaN
162.5   7.5    NaN    NaN
162.5  12.5    NaN    NaN
162.5  17.5    NaN    NaN
162.5  22.5    NaN    NaN
162.5  27.5    NaN    NaN
162.5  32.5    NaN    NaN
162.5  37.5    NaN    NaN
162.5  42.5    NaN    NaN
162.5  47.5    NaN    NaN
162.5  52.5    NaN    NaN
162.5  57.5    NaN    NaN
162.5  62.5    NaN    NaN
162.5  67.5    NaN    NaN
162.5  72.5    NaN    NaN
162.5  77.5    NaN    NaN
162.5  82.5    NaN    NaN
162.5  87.5    NaN    NaN
167.5 -87.5    NaN    NaN
167.5 -82.5 0.5370 0.0762
167.5 -77.5 0.5380 0.1037
167.5 -72.5 0.5355 0.1244
167.5 -67.5 0.5419 0.1337
167.5 -62.5 0.5449 0.1308
167.5 -57.5 0.5475 0.1110
167.5 -52.5 0.5375 0.0866
167.5 -47.5 0.5146 0.0789
167.5 -42.5 0.4829 0.0699
167.5 -37.5 0.4561 0.0667
167.5 -32.5 0.4419 0.0751
167.5 -27.5 0.4375 0.0818
167.5 -22.5 0.4402 0.0484
167.5 -17.5 0.4464 0.0529
167.5 -12.5 0.4549 0.0391
167.5  -7.5 0.4298 0.0444
167.5  -2.5 0.3637 0.0059
167.5   2.5    NaN    NaN
167.5   7.5    NaN    NaN
167.5  12.5    NaN    NaN
167.5  17.5    NaN    NaN
167.5  22.5    NaN    NaN
167.5  27.5    NaN    NaN
167.5  32.5    NaN    NaN
167.5  37.5    NaN    NaN
167.5  42.5    NaN    NaN
167.5  47.5    NaN    NaN
167.5  52.5    NaN    NaN
167.5  57.5    NaN    NaN
167.5  62.5    NaN    NaN
167.5  67.5    NaN    NaN
167.5  72.5    NaN    NaN
167.5  77.5    NaN    NaN
167.5  82.5    NaN    NaN
167.5  87.5    NaN    NaN
172.5 -87.5    NaN    NaN
172.5 -82.5 0.5348 0.0791
172.5 -77.5 0.5379 0.1035
172.5 -72.5 0.5342 0.1222
172.5 -67.5 0.5428 0.1289
172.5 -62.5 0.5395 0.1296
172.5 -57.5 0.5447 0.1124
172.5 -52.5 0.5350 0.0895
172.5 -47.5 0.5153 0.0793
172.5 -42.5 0.4806 0.0682
172.5 -37.5 0.4543 0.0645
172.5 -32.5 0.4371 0.0726
172.5 -27.5 0.4373 0.0798
172.5 -22.5 0.4479 0.0462
172.5 -17.5 0.4490 0.0474
172.5 -12.5 0.4422 0.0484
172.5  -7.5 0.4644 0.0515
172.5  -2.5 0.3878 0.0044
172.5   2.5 0.3808    NaN
172.5   7.5    NaN    NaN
172.5  12.5    NaN    NaN
172.5  17.5    NaN    NaN
172.5  22.5    NaN    NaN
172.5  27.5    NaN    NaN
172.5  32.5    NaN    NaN
172.5  37.5    NaN    NaN
172.5  42.5    NaN    NaN
172.5  47.5    NaN    NaN
172.5  52.5    NaN    NaN
172.5  57.5    NaN    NaN
172.5  62.5    NaN    NaN
172.5  67.5    NaN    NaN
172.5  72.5    NaN    NaN
172.5  77.5    NaN    NaN
172.5  82.5    NaN    NaN
172.5  87.5    NaN    NaN
177.5 -87.5    NaN    NaN
177.5 -82.5 0.5324 0.0780
177.5 -77.5 0.5370 0.1015
177.5 -72.5 0.5330 0.1202
177.5 -67.5 0.5366 0.1279
177.5 -62.5 0.5406 0.1256
177.5 -57.5 0.5441 0.1111
177.5 -52.5 0.5363 0.0896
177.5 -47.5 0.5161 0.0768
177.5 -42.5 0.4765 0.0710
177.5 -37.5 0.4493 0.0675
177.5 -32.5 0.4333 0.0750
177.5 -27.5 0.4384 0.0822
177.5 -22.5 0.4593 0.0615
177.5 -17.5 0.4400 0.0476
177.5 -12.5 0.4336 0.0558
177.5  -7.5 0.4629 0.0529
177.5  -2.5 0.4370 0.0459
177.5   2.5 0.4302 0.0371
177.5   7.5 0.4789 0.0075
177.5  12.5 0.4810 0.0105
177.5  17.5    NaN    NaN
177.5  22.5    NaN    NaN
177.5  27.5    NaN    NaN
177.5  32.5    NaN    NaN
177.5  37.5    NaN    NaN
177.5  42.5    NaN    NaN
177.5  47.5    NaN    NaN
177.5  52.5    NaN    NaN
177.5  57.5    NaN    NaN
177.5  62.5    NaN    NaN
177.5  67.5    NaN    NaN
177.5  72.5    NaN    NaN
177.5  77.5    NaN    NaN
177.5  82.5    NaN    NaN
177.5  87.5    NaN    NaN
182.5 -87.5    NaN    NaN
182.5 -82.5 0.5353 0.0830
182.5 -77.5 0.5377 0.1008
182.5 -72.5 0.5348 0.1199
182.5 -67.5 0.5374 0.1264
182.5 -62.5 0.5409 0.1228
182.5 -57.5 0.5363 0.1142
182.5 -52.5 0.5286 0.0949
182.5 -47.5 0.5052 0.0817
182.5 -42.5 0.4694 0.0739
182.5 -37.5 0.4411 0.0688
182.5 -32.5 0.4248 0.0734
182.5 -27.5 0.4314 0.0766
182.5 -22.5 0.4491 0.0609
182.5 -17.5 0.4381 0.0484
182.5 -12.5 0.4410 0.0582
182.5  -7.5 0.4475 0.0592
182.5  -2.5 0.4452 0.0489
182.5   2.5 0.4423 0.0310
182.5   7.5 0.4662 0.0233
182.5  12.5 0.5027 0.0303
182.5  17.5    NaN    NaN
182.5  22.5    NaN    NaN
182.5  27.5    NaN    NaN
182.5  32.5    NaN    NaN
182.5  37.5    NaN    NaN
182.5  42.5    NaN    NaN
182.5  47.5    NaN    NaN
182.5  52.5    NaN    NaN
182.5  57.5    NaN    NaN
182.5  62.5    NaN    NaN
182.5  67.5    NaN    NaN
182.5  72.5    NaN    NaN
182.5  77.5    NaN    NaN
182.5  82.5    NaN    NaN
182.5  87.5    NaN    NaN
187.5 -87.5    NaN    NaN
187.5 -82.5 0.5364 0.0819
187.5 -77.5 0.5344 0.1003
187.5 -72.5 0.5369 0.1178
187.5 -67.5 0.5330 0.1245
187.5 -62.5 0.5347 0.1193
187.5 -57.5 0.5333 0.1131
187.5 -52.5 0.5271 0.0926
187.5 -47.5 0.5009 0.0789
187.5 -42.5 0.4678 0.0734
187.5 -37.5 0.4386 0.0695
187.5 -32.5 0.4263 0.0740
187.5 -27.5 0.4310 0.0768
187.5 -22.5 0.4514 0.0644
187.5 -17.5 0.4542 0.0529
187.5 -12.5 0.4476 0.0446
187.5  -7.5 0.4486 0.0439
187.5  -2.5 0.4552 0.0393
187.5   2.5 0.4672 0.0256
187.5   7.5 0.4797 0.0325
187.5  12.5 0.5120 0.0318
187.5  17.5    NaN    NaN
187.5  22.5    NaN    NaN
187.5  27.5    NaN    NaN
187.5  32.5    NaN    NaN
187.5  37.5    NaN    NaN
187.5  42.5    NaN    NaN
187.5  47.5    NaN    NaN
187.5  52.5    NaN    NaN
187.5  57.5    NaN    NaN
187.5  62.5    NaN    NaN
187.5  67.5    NaN    NaN
187.5  72.5    NaN    NaN
187.5  77.5    NaN    NaN
187.5  82.5    NaN    NaN
187.5  87.5    NaN    NaN
192.5 -87.5    NaN    NaN
192.5 -82.5 0.5353 0.0799
192.5 -77.5 0.5341 0.0978
192.5 -72.5 0.5308 0.1160
192.5 -67.5 0.5318 0.1217
192.5 -62.5 0.5344 0.1149
192.5 -57.5 0.5359 0.1093
192.5 -52.5 0.5252 0.0935
192.5 -47.5 0.5022 0.0756
192.5 -42.5 0.4674 0.0723
192.5 -37.5 0.4363 0.0692
192.5 -32.5 0.4240 0.0732
192.5 -27.5 0.4313 0.0768
192.5 -22.5 0.4537 0.0697
192.5 -17.5 0.4682 0.0605
192.5 -12.5 0.4583 0.0487
192.5  -7.5 0.4527 0.0363
192.5  -2.5 0.4603 0.0383
192.5   2.5 0.4820 0.0321
192.5   7.5 0.4984 0.0374
192.5  12.5 0.5618 0.0341
192.5  17.5    NaN    NaN
192.5  22.5    NaN    NaN
192.5  27.5    NaN    NaN
192.5  32.5    NaN    NaN
192.5  37.5    NaN    NaN
192.5  42.5    NaN    NaN
192.5  47.5    NaN    NaN
192.5  52.5    NaN    NaN
192.5  57.5    NaN    NaN
192.5  62.5    NaN    NaN
192.5  67.5    NaN    NaN
192.5  72.5    NaN    NaN
192.5  77.5    NaN    NaN
192.5  82.5    NaN    NaN
192.5  87.5    NaN    NaN
197.5 -87.5    NaN    NaN
197.5 -82.5 0.5378 0.0812
197.5 -77.5 0.5324 0.0966
197.5 -72.5 0.5277 0.1122
197.5 -67.5 0.5304 0.1178
197.5 -62.5 0.5345 0.1100
197.5 -57.5 0.5367 0.1049
197.5 -52.5 0.5264 0.0913
197.5 -47.5 0.4999 0.0741
197.5 -42.5 0.4680 0.0690
197.5 -37.5 0.4407 0.0645
197.5 -32.5 0.4280 0.0684
197.5 -27.5 0.4353 0.0755
197.5 -22.5 0.4580 0.0753
197.5 -17.5 0.4810 0.0555
197.5 -12.5 0.4777 0.0475
197.5  -7.5 0.4739 0.0355
197.5  -2.5 0.4732 0.0334
197.5   2.5 0.4773 0.0377
197.5   7.5 0.4990 0.0443
197.5  12.5 0.4983    NaN
197.5  17.5 0.5439    NaN
197.5  22.5    NaN    NaN
197.5  27.5    NaN    NaN
197.5  32.5    NaN    NaN
197.5  37.5    NaN    NaN
197.5  42.5    NaN    NaN
197.5  47.5    NaN    NaN
197.5  52.5    NaN    NaN
197.5  57.5    NaN    NaN
197.5  62.5    NaN    NaN
197.5  67.5    NaN    NaN
197.5  72.5    NaN    NaN
197.5  77.5    NaN    NaN
197.5  82.5    NaN    NaN
197.5  87.5    NaN    NaN
202.5 -87.5    NaN    NaN
202.5 -82.5 0.5395 0.0848
202.5 -77.5 0.5282 0.0929
202.5 -72.5 0.5260 0.1063
202.5 -67.5 0.5265 0.1144
202.5 -62.5 0.5338 0.1060
202.5 -57.5 0.5363 0.1005
202.5 -52.5 0.5309 0.0882
202.5 -47.5 0.5060 0.0702
202.5 -42.5 0.4721 0.0650
202.5 -37.5 0.4473 0.0625
202.5 -32.5 0.4370 0.0651
202.5 -27.5 0.4473 0.0764
202.5 -22.5 0.4714 0.0895
202.5 -17.5 0.4957 0.0530
202.5 -12.5 0.4979 0.0518
202.5  -7.5 0.4894 0.0425
202.5  -2.5 0.4779 0.0389
202.5   2.5 0.4733 0.0450
202.5   7.5 0.5098 0.0321
202.5  12.5 0.5309    NaN
202.5  17.5 0.5364    NaN
202.5  22.5    NaN    NaN
202.5  27.5    NaN    NaN
202.5  32.5    NaN    NaN
202.5  37.5    NaN    NaN
202.5  42.5    NaN    NaN
202.5  47.5    NaN    NaN
202.5  52.5    NaN    NaN
202.5  57.5    NaN    NaN
202.5  62.5    NaN    NaN
202.5  67.5    NaN    NaN
202.5  72.5    NaN    NaN
202.5  77.5    NaN    NaN
202.5  82.5    NaN    NaN
202.5  87.5    NaN    NaN
207.5 -87.5    NaN    NaN
207.5 -82.5 0.5355 0.0831
207.5 -77.5 0.5288 0.0899
207.5 -72.5 0.5186 0.1033
207.5 -67.5 0.5243 0.1111
207.5 -62.5 0.5335 0.1035
207.5 -57.5 0.5402 0.0993
207.5 -52.5 0.5340 0.0906
207.5 -47.5 0.5064 0.0757
207.5 -42.5 0.4756 0.0652
207.5 -37.5 0.4537 0.0653
207.5 -32.5 0.4439 0.0686
207.5 -27.5 0.4567 0.0786
207.5 -22.5 0.4726 0.1014
207.5 -17.5 0.4972 0.0571
207.5 -12.5 0.5062 0.0550
207.5  -7.5 0.4996 0.0511
207.5  -2.5 0.4813 0.0489
207.5   2.5 0.4802 0.0511
207.5   7.5 0.5357 0.0394
207.5  12.5 0.5626 0.0233
207.5  17.5 0.5876 0.0501
207.5  22.5    NaN    NaN
207.5  27.5    NaN    NaN
207.5  32.5    NaN    NaN
207.5  37.5    NaN    NaN
207.5  42.5    NaN    NaN
207.5  47.5    NaN    NaN
207.5  52.5    NaN    NaN
207.5  57.5    NaN    NaN
207.5  62.5    NaN    NaN
207.5  67.5    NaN    NaN
207.5  72.5    NaN    NaN
207.5  77.5    NaN    NaN
207.5  82.5    NaN    NaN
207.5  87.5    NaN    NaN
212.5 -87.5    NaN    NaN
212.5 -82.5 0.5422 0.0818
212.5 -77.5 0.5281 0.0867
212.5 -72.5 0.5184 0.1005
212.5 -67.5 0.5203 0.1084
212.5 -62.5 0.5322 0.1033
212.5 -57.5 0.5442 0.0998
212.5 -52.5 0.5380 0.0933
212.5 -47.5 0.5135 0.0800
212.5 -42.5 0.4848 0.0677
212.5 -37.5 0.4639 0.0688
212.5 -32.5 0.4563 0.0727
212.5 -27.5 0.4685 0.0796
212.5 -22.5 0.4846 0.0975
212.5 -17.5 0.5088 0.0593
212.5 -12.5 0.5110 0.0581
212.5  -7.5 0.4993 0.0609
212.5  -2.5 0.4791 0.0655
212.5   2.5 0.5108 0.0422
212.5   7.5 0.5464 0.0415
212.5  12.5 0.5681 0.0286
212.5  17.5 0.5999    NaN
212.5  22.5    NaN    NaN
212.5  27.5    NaN    NaN
212.5  32.5    NaN    NaN
212.5  37.5    NaN    NaN
212.5  42.5    NaN    NaN
212.5  47.5    NaN    NaN
212.5  52.5    NaN    NaN
212.5  57.5    NaN    NaN
212.5  62.5    NaN    NaN
212.5  67.5    NaN    NaN
212.5  72.5    NaN    NaN
212.5  77.5    NaN    NaN
212.5  82.5    NaN    NaN
212.5  87.5    NaN    NaN
217.5 -87.5    NaN    NaN
217.5 -82.5 0.5422 0.0771
217.5 -77.5 0.5258 0.0825
217.5 -72.5 0.5192 0.0970
217.5 -67.5 0.5238 0.1055
217.5 -62.5 0.5385 0.1018
217.5 -57.5 0.5543 0.0983
217.5 -52.5 0.5485 0.0944
217.5 -47.5 0.5175 0.0877
217.5 -42.5 0.4879 0.0763
217.5 -37.5 0.4673 0.0750
217.5 -32.5 0.4601 0.0801
217.5 -27.5 0.4762 0.0810
217.5 -22.5 0.4816 0.0950
217.5 -17.5 0.5054 0.0640
217.5 -12.5 0.4998 0.0579
217.5  -7.5 0.4855 0.0652
217.5  -2.5 0.4912 0.0625
217.5   2.5 0.5343 0.0201
217.5   7.5 0.5578 0.0258
217.5  12.5 0.5770 0.0292
217.5  17.5    NaN    NaN
217.5  22.5    NaN    NaN
217.5  27.5    NaN    NaN
217.5  32.5    NaN    NaN
217.5  37.5    NaN    NaN
217.5  42.5    NaN    NaN
217.5  47.5    NaN    NaN
217.5  52.5    NaN    NaN
217.5  57.5    NaN    NaN
217.5  62.5    NaN    NaN
217.5  67.5    NaN    NaN
217.5  72.5    NaN    NaN
217.5  77.5    NaN    NaN
217.5  82.5    NaN    NaN
217.5  87.5    NaN    NaN
222.5 -87.5    NaN    NaN
222.5 -82.5 0.5386 0.0762
222.5 -77.5 0.5282 0.0781
222.5 -72.5 0.5251 0.0926
222.5 -67.5 0.5308 0.1023
222.5 -62.5 0.5450 0.1001
222.5 -57.5 0.5567 0.1020
222.5 -52.5 0.5512 0.1004
222.5 -47.5 0.5246 0.0928
222.5 -42.5 0.4963 0.0791
222.5 -37.5 0.4796 0.0780
222.5 -32.5 0.4748 0.0843
222.5 -27.5 0.4885 0.0832
222.5 -22.5 0.4844 0.0980
222.5 -17.5 0.5010 0.0684
222.5 -12.5 0.4942 0.0591
222.5  -7.5 0.4730 0.0675
222.5  -2.5 0.5228 0.0597
222.5   2.5 0.5377 0.0392
222.5   7.5 0.5480 0.0356
222.5  12.5 0.5609 0.0333
222.5  17.5 0.5989    NaN
222.5  22.5    NaN    NaN
222.5  27.5    NaN    NaN
222.5  32.5    NaN    NaN
222.5  37.5    NaN    NaN
222.5  42.5    NaN    NaN
222.5  47.5    NaN    NaN
222.5  52.5    NaN    NaN
222.5  57.5    NaN    NaN
222.5  62.5    NaN    NaN
222.5  67.5    NaN    NaN
222.5  72.5    NaN    NaN
222.5  77.5    NaN    NaN
222.5  82.5    NaN    NaN
222.5  87.5    NaN    NaN
227.5 -87.5    NaN    NaN
227.5 -82.5 0.5455 0.0706
227.5 -77.5 0.5288 0.0760
227.5 -72.5 0.5282 0.0905
227.5 -67.5 0.5329 0.0981
227.5 -62.5 0.5495 0.1004
227.5 -57.5 0.5637 0.1019
227.5 -52.5 0.5559 0.1031
227.5 -47.5 0.5294 0.0966
227.5 -42.5 0.4981 0.0810
227.5 -37.5 0.4835 0.0806
227.5 -32.5 0.4803 0.0850
227.5 -27.5 0.4955 0.0802
227.5 -22.5 0.4868 0.0922
227.5 -17.5 0.4988 0.0654
227.5 -12.5 0.4790 0.0646
227.5  -7.5 0.4744 0.0588
227.5  -2.5 0.5034 0.0413
227.5   2.5 0.5136 0.0377
227.5   7.5 0.5310 0.0372
227.5  12.5 0.5695    NaN
227.5  17.5 0.5971    NaN
227.5  22.5    NaN    NaN
227.5  27.5    NaN    NaN
227.5  32.5    NaN    NaN
227.5  37.5    NaN    NaN
227.5  42.5    NaN    NaN
227.5  47.5    NaN    NaN
227.5  52.5    NaN    NaN
227.5  57.5    NaN    NaN
227.5  62.5    NaN    NaN
227.5  67.5    NaN    NaN
227.5  72.5    NaN    NaN
227.5  77.5    NaN    NaN
227.5  82.5    NaN    NaN
227.5  87.5    NaN    NaN
232.5 -87.5    NaN    NaN
232.5 -82.5 0.5344 0.0805
232.5 -77.5 0.5310 0.0773
232.5 -72.5 0.5297 0.0865
232.5 -67.5 0.5359 0.0965
232.5 -62.5 0.5483 0.0996
232.5 -57.5 0.5634 0.1011
232.5 -52.5 0.5606 0.1027
232.5 -47.5 0.5365 0.0974
232.5 -42.5 0.5052 0.0786
232.5 -37.5 0.4923 0.0784
232.5 -32.5 0.4875 0.0821
232.5 -27.5 0.5043 0.0752
232.5 -22.5 0.4948 0.0876
232.5 -17.5 0.4946 0.0769
232.5 -12.5 0.4803 0.0653
232.5  -7.5 0.5103 0.0608
232.5  -2.5 0.5016 0.0368
232.5   2.5 0.5014 0.0348
232.5   7.5 0.5362 0.0302
232.5  12.5 0.5849    NaN
232.5  17.5 0.5857    NaN
232.5  22.5    NaN    NaN
232.5  27.5    NaN    NaN
232.5  32.5    NaN    NaN
232.5  37.5    NaN    NaN
232.5  42.5    NaN    NaN
232.5  47.5    NaN    NaN
232.5  52.5    NaN    NaN
232.5  57.5    NaN    NaN
232.5  62.5    NaN    NaN
232.5  67.5    NaN    NaN
232.5  72.5    NaN    NaN
232.5  77.5    NaN    NaN
232.5  82.5    NaN    NaN
232.5  87.5    NaN    NaN
237.5 -87.5    NaN    NaN
237.5 -82.5 0.5325 0.0769
237.5 -77.5 0.5322 0.0775
237.5 -72.5 0.5301 0.0863
237.5 -67.5 0.5363 0.0927
237.5 -62.5 0.5554 0.0972
237.5 -57.5 0.5705 0.0979
237.5 -52.5 0.5678 0.1005
237.5 -47.5 0.5414 0.0970
237.5 -42.5 0.5092 0.0783
237.5 -37.5 0.4911 0.0774
237.5 -32.5 0.4908 0.0762
237.5 -27.5 0.4982 0.0690
237.5 -22.5 0.4932 0.0801
237.5 -17.5 0.4804 0.0904
237.5 -12.5 0.4864 0.0666
237.5  -7.5 0.4960 0.0668
237.5  -2.5 0.5034 0.0492
237.5   2.5 0.5049 0.0390
237.5   7.5 0.5744 0.0112
237.5  12.5 0.6014 0.0212
237.5  17.5 0.6262 0.0489
237.5  22.5    NaN    NaN
237.5  27.5    NaN    NaN
237.5  32.5    NaN    NaN
237.5  37.5    NaN    NaN
237.5  42.5    NaN    NaN
237.5  47.5    NaN    NaN
237.5  52.5    NaN    NaN
237.5  57.5    NaN    NaN
237.5  62.5    NaN    NaN
237.5  67.5    NaN    NaN
237.5  72.5    NaN    NaN
237.5  77.5    NaN    NaN
237.5  82.5    NaN    NaN
237.5  87.5    NaN    NaN
242.5 -87.5    NaN    NaN
242.5 -82.5 0.5261 0.0758
242.5 -77.5 0.5418 0.0741
242.5 -72.5 0.5306 0.0856
242.5 -67.5 0.5397 0.0905
242.5 -62.5 0.5602 0.0940
242.5 -57.5 0.5733 0.0952
242.5 -52.5 0.5702 0.0963
242.5 -47.5 0.5453 0.0957
242.5 -42.5 0.5112 0.0778
242.5 -37.5 0.4920 0.0734
242.5 -32.5 0.4910 0.0695
242.5 -27.5 0.4922 0.0625
242.5 -22.5 0.4846 0.0745
242.5 -17.5 0.4929 0.0669
242.5 -12.5 0.5084 0.0566
242.5  -7.5 0.5043 0.0624
242.5  -2.5 0.5094 0.0685
242.5   2.5 0.5598 0.0315
242.5   7.5 0.6016 0.0221
242.5  12.5 0.6173 0.0422
242.5  17.5 0.6465 0.0187
242.5  22.5    NaN    NaN
242.5  27.5    NaN    NaN
242.5  32.5    NaN    NaN
242.5  37.5    NaN    NaN
242.5  42.5    NaN    NaN
242.5  47.5    NaN    NaN
242.5  52.5    NaN    NaN
242.5  57.5    NaN    NaN
242.5  62.5    NaN    NaN
242.5  67.5    NaN    NaN
242.5  72.5    NaN    NaN
242.5  77.5    NaN    NaN
242.5  82.5    NaN    NaN
242.5  87.5    NaN    NaN
247.5 -87.5    NaN    NaN
247.5 -82.5 0.5094 0.0844
247.5 -77.5 0.5462 0.0735
247.5 -72.5 0.5336 0.0860
247.5 -67.5 0.5435 0.0918
247.5 -62.5 0.5582 0.0997
247.5 -57.5 0.5725 0.0982
247.5 -52.5 0.5705 0.0963
247.5 -47.5 0.5467 0.0932
247.5 -42.5 0.5139 0.0766
247.5 -37.5 0.4918 0.0710
247.5 -32.5 0.4884 0.0662
247.5 -27.5 0.4817 0.0661
247.5 -22.5 0.4749 0.0752
247.5 -17.5 0.5093 0.0604
247.5 -12.5 0.5111 0.0513
247.5  -7.5 0.4982 0.0561
247.5  -2.5 0.5065 0.0576
247.5   2.5 0.5711 0.0395
247.5   7.5 0.6008 0.0462
247.5  12.5 0.6092 0.0654
247.5  17.5    NaN    NaN
247.5  22.5    NaN    NaN
247.5  27.5    NaN    NaN
247.5  32.5    NaN    NaN
247.5  37.5    NaN    NaN
247.5  42.5    NaN    NaN
247.5  47.5    NaN    NaN
247.5  52.5    NaN    NaN
247.5  57.5    NaN    NaN
247.5  62.5    NaN    NaN
247.5  67.5    NaN    NaN
247.5  72.5    NaN    NaN
247.5  77.5    NaN    NaN
247.5  82.5    NaN    NaN
247.5  87.5    NaN    NaN
252.5 -87.5    NaN    NaN
252.5 -82.5 0.4921 0.0843
252.5 -77.5 0.5491 0.0744
252.5 -72.5 0.5398 0.0884
252.5 -67.5 0.5473 0.0960
252.5 -62.5 0.5612 0.1035
252.5 -57.5 0.5755 0.1015
252.5 -52.5 0.5738 0.0968
252.5 -47.5 0.5457 0.0902
252.5 -42.5 0.5124 0.0737
252.5 -37.5 0.4912 0.0671
252.5 -32.5 0.4845 0.0640
252.5 -27.5 0.4824 0.0640
252.5 -22.5 0.4757 0.0787
252.5 -17.5 0.4917 0.1152
252.5 -12.5 0.5087 0.0673
252.5  -7.5 0.5065 0.0628
252.5  -2.5 0.5378 0.0557
252.5   2.5 0.5564 0.0556
252.5   7.5 0.5906 0.0613
252.5  12.5 0.5875 0.0112
252.5  17.5    NaN    NaN
252.5  22.5    NaN    NaN
252.5  27.5    NaN    NaN
252.5  32.5    NaN    NaN
252.5  37.5    NaN    NaN
252.5  42.5    NaN    NaN
252.5  47.5    NaN    NaN
252.5  52.5    NaN    NaN
252.5  57.5    NaN    NaN
252.5  62.5    NaN    NaN
252.5  67.5    NaN    NaN
252.5  72.5    NaN    NaN
252.5  77.5    NaN    NaN
252.5  82.5    NaN    NaN
252.5  87.5    NaN    NaN
257.5 -87.5    NaN    NaN
257.5 -82.5 0.4540 0.0848
257.5 -77.5 0.5519 0.0780
257.5 -72.5 0.5452 0.0918
257.5 -67.5 0.5520 0.0994
257.5 -62.5 0.5664 0.1052
257.5 -57.5 0.5787 0.1033
257.5 -52.5 0.5773 0.0968
257.5 -47.5 0.5453 0.0862
257.5 -42.5 0.5121 0.0700
257.5 -37.5 0.4897 0.0657
257.5 -32.5 0.4767 0.0650
257.5 -27.5 0.4757 0.0676
257.5 -22.5 0.4772 0.0818
257.5 -17.5 0.4729 0.1172
257.5 -12.5 0.4949 0.0804
257.5  -7.5 0.5200 0.0659
257.5  -2.5 0.5345 0.0589
257.5   2.5 0.5418 0.0545
257.5   7.5 0.5673 0.0427
257.5  12.5 0.5832 0.0331
257.5  17.5 0.5932 0.0267
257.5  22.5    NaN    NaN
257.5  27.5    NaN    NaN
257.5  32.5    NaN    NaN
257.5  37.5    NaN    NaN
257.5  42.5    NaN    NaN
257.5  47.5    NaN    NaN
257.5  52.5    NaN    NaN
257.5  57.5    NaN    NaN
257.5  62.5    NaN    NaN
257.5  67.5    NaN    NaN
257.5  72.5    NaN    NaN
257.5  77.5    NaN    NaN
257.5  82.5    NaN    NaN
257.5  87.5    NaN    NaN
262.5 -87.5    NaN    NaN
262.5 -82.5 0.4843 0.0922
262.5 -77.5 0.5621 0.0828
262.5 -72.5 0.5493 0.0973
262.5 -67.5 0.5587 0.1014
262.5 -62.5 0.5706 0.1070
262.5 -57.5 0.5781 0.1070
262.5 -52.5 0.5741 0.0980
262.5 -47.5 0.5415 0.0815
262.5 -42.5 0.5040 0.0707
262.5 -37.5 0.4782 0.0677
262.5 -32.5 0.4670 0.0625
262.5 -27.5 0.4743 0.0646
262.5 -22.5 0.4835 0.0720
262.5 -17.5 0.4807 0.0892
262.5 -12.5 0.5109 0.0597
262.5  -7.5 0.5406 0.0460
262.5  -2.5 0.5562 0.0457
262.5   2.5 0.5686 0.0503
262.5   7.5 0.5904 0.0501
262.5  12.5 0.6232 0.0372
262.5  17.5 0.6196 0.0286
262.5  22.5    NaN    NaN
262.5  27.5    NaN    NaN
262.5  32.5    NaN    NaN
262.5  37.5    NaN    NaN
262.5  42.5    NaN    NaN
262.5  47.5    NaN    NaN
262.5  52.5    NaN    NaN
262.5  57.5    NaN    NaN
262.5  62.5    NaN    NaN
262.5  67.5    NaN    NaN
262.5  72.5    NaN    NaN
262.5  77.5    NaN    NaN
262.5  82.5    NaN    NaN
262.5  87.5    NaN    NaN
267.5 -87.5    NaN    NaN
267.5 -82.5 0.4849 0.0891
267.5 -77.5 0.5706 0.0852
267.5 -72.5 0.5540 0.1023
267.5 -67.5 0.5671 0.1031
267.5 -62.5 0.5787 0.1093
267.5 -57.5 0.5827 0.1048
267.5 -52.5 0.5757 0.0964
267.5 -47.5 0.5386 0.0775
267.5 -42.5 0.5036 0.0652
267.5 -37.5 0.4783 0.0619
267.5 -32.5 0.4643 0.0656
267.5 -27.5 0.4746 0.0642
267.5 -22.5 0.4889 0.0645
267.5 -17.5 0.5033 0.0668
267.5 -12.5 0.5328 0.0425
267.5  -7.5 0.5556 0.0477
267.5  -2.5 0.5710 0.0575
267.5   2.5 0.5971 0.0553
267.5   7.5 0.6138 0.0545
267.5  12.5 0.6400 0.0406
267.5  17.5 0.6321 0.0234
267.5  22.5    NaN    NaN
267.5  27.5    NaN    NaN
267.5  32.5    NaN    NaN
267.5  37.5    NaN    NaN
267.5  42.5    NaN    NaN
267.5  47.5    NaN    NaN
267.5  52.5    NaN    NaN
267.5  57.5    NaN    NaN
267.5  62.5    NaN    NaN
267.5  67.5    NaN    NaN
267.5  72.5    NaN    NaN
267.5  77.5    NaN    NaN
267.5  82.5    NaN    NaN
267.5  87.5    NaN    NaN
272.5 -87.5    NaN    NaN
272.5 -82.5 0.4853 0.0939
272.5 -77.5 0.5753 0.0908
272.5 -72.5 0.5626 0.1049
272.5 -67.5 0.5693 0.1055
272.5 -62.5 0.5832 0.1074
272.5 -57.5 0.5930 0.1042
272.5 -52.5 0.5884 0.0936
272.5 -47.5 0.5486 0.0743
272.5 -42.5 0.5091 0.0628
272.5 -37.5 0.4865 0.0620
272.5 -32.5 0.4740 0.0741
272.5 -27.5 0.4850 0.0654
272.5 -22.5 0.5061 0.0592
272.5 -17.5 0.5361 0.0472
272.5 -12.5 0.5579 0.0465
272.5  -7.5 0.5746 0.0568
272.5  -2.5 0.5915 0.0666
272.5   2.5 0.6255 0.0566
272.5   7.5 0.6285 0.0554
272.5  12.5 0.6328 0.0508
272.5  17.5 0.6435 0.0069
272.5  22.5    NaN    NaN
272.5  27.5    NaN    NaN
272.5  32.5    NaN    NaN
272.5  37.5    NaN    NaN
272.5  42.5    NaN    NaN
272.5  47.5    NaN    NaN
272.5  52.5    NaN    NaN
272.5  57.5    NaN    NaN
272.5  62.5    NaN    NaN
272.5  67.5    NaN    NaN
272.5  72.5    NaN    NaN
272.5  77.5    NaN    NaN
272.5  82.5    NaN    NaN
272.5  87.5    NaN    NaN
277.5 -87.5    NaN    NaN
277.5 -82.5 0.4880 0.0984
277.5 -77.5 0.5792 0.0949
277.5 -72.5 0.5673 0.1019
277.5 -67.5 0.5780 0.1043
277.5 -62.5 0.5983 0.1065
277.5 -57.5 0.6109 0.1038
277.5 -52.5 0.5960 0.0996
277.5 -47.5 0.5560 0.0811
277.5 -42.5 0.5162 0.0690
277.5 -37.5 0.4940 0.0696
277.5 -32.5 0.4897 0.0851
277.5 -27.5 0.5083 0.0662
277.5 -22.5 0.5273 0.0609
277.5 -17.5 0.5582 0.0541
277.5 -12.5 0.5781 0.0572
277.5  -7.5 0.5894 0.0691
277.5  -2.5 0.6179 0.0633
277.5   2.5 0.6312 0.0570
277.5   7.5 0.6311 0.0550
277.5  12.5 0.6240 0.0436
277.5  17.5    NaN    NaN
277.5  22.5    NaN    NaN
277.5  27.5    NaN    NaN
277.5  32.5    NaN    NaN
277.5  37.5    NaN    NaN
277.5  42.5    NaN    NaN
277.5  47.5    NaN    NaN
277.5  52.5    NaN    NaN
277.5  57.5    NaN    NaN
277.5  62.5    NaN    NaN
277.5  67.5    NaN    NaN
277.5  72.5    NaN    NaN
277.5  77.5    NaN    NaN
277.5  82.5    NaN    NaN
277.5  87.5    NaN    NaN
282.5 -87.5    NaN    NaN
282.5 -82.5 0.4557 0.0871
282.5 -77.5 0.5821 0.0956
282.5 -72.5 0.5824 0.0997
282.5 -67.5 0.5864 0.1065
282.5 -62.5 0.6087 0.1090
282.5 -57.5 0.6256 0.1067
282.5 -52.5 0.6117 0.1018
282.5 -47.5 0.5696 0.0857
282.5 -42.5 0.5309 0.0746
282.5 -37.5 0.5059 0.0766
282.5 -32.5 0.5070 0.0908
282.5 -27.5 0.5292 0.0723
282.5 -22.5 0.5446 0.0632
282.5 -17.5 0.5695 0.0576
282.5 -12.5 0.5867 0.0626
282.5  -7.5 0.6051 0.0649
282.5  -2.5 0.6281 0.0493
282.5   2.5 0.6218 0.0491
282.5   7.5 0.6120 0.0582
282.5  12.5 0.6217 0.0372
282.5  17.5    NaN    NaN
282.5  22.5    NaN    NaN
282.5  27.5    NaN    NaN
282.5  32.5    NaN    NaN
282.5  37.5    NaN    NaN
282.5  42.5    NaN    NaN
282.5  47.5    NaN    NaN
282.5  52.5    NaN    NaN
282.5  57.5    NaN    NaN
282.5  62.5    NaN    NaN
282.5  67.5    NaN    NaN
282.5  72.5    NaN    NaN
282.5  77.5    NaN    NaN
282.5  82.5    NaN    NaN
282.5  87.5    NaN    NaN
287.5 -87.5    NaN    NaN
287.5 -82.5 0.4745 0.1063
287.5 -77.5 0.5885 0.0926
287.5 -72.5 0.5896 0.0988
287.5 -67.5 0.5977 0.1094
287.5 -62.5 0.6230 0.1104
287.5 -57.5 0.6377 0.1109
287.5 -52.5 0.6265 0.1078
287.5 -47.5 0.5808 0.0944
287.5 -42.5 0.5434 0.0835
287.5 -37.5 0.5195 0.0854
287.5 -32.5 0.5255 0.0957
287.5 -27.5 0.5536 0.0754
287.5 -22.5 0.5709 0.0627
287.5 -17.5 0.5833 0.0641
287.5 -12.5 0.5925 0.0697
287.5  -7.5 0.6155 0.0598
287.5  -2.5 0.6251 0.0458
287.5   2.5 0.6004 0.0494
287.5   7.5 0.5914 0.0607
287.5  12.5    NaN    NaN
287.5  17.5    NaN    NaN
287.5  22.5    NaN    NaN
287.5  27.5    NaN    NaN
287.5  32.5    NaN    NaN
287.5  37.5    NaN    NaN
287.5  42.5    NaN    NaN
287.5  47.5    NaN    NaN
287.5  52.5    NaN    NaN
287.5  57.5    NaN    NaN
287.5  62.5    NaN    NaN
287.5  67.5    NaN    NaN
287.5  72.5    NaN    NaN
287.5  77.5    NaN    NaN
287.5  82.5    NaN    NaN
287.5  87.5    NaN    NaN
292.5 -87.5    NaN    NaN
292.5 -82.5 0.4576 0.0970
292.5 -77.5 0.5977 0.0905
292.5 -72.5 0.5955 0.0995
292.5 -67.5 0.6026 0.1127
292.5 -62.5 0.6330 0.1157
292.5 -57.5 0.6561 0.1171
292.5 -52.5 0.6445 0.1150
292.5 -47.5 0.5957 0.1028
292.5 -42.5 0.5561 0.0910
292.5 -37.5 0.5312 0.0924
292.5 -32.5 0.5417 0.0956
292.5 -27.5 0.5710 0.0732
292.5 -22.5 0.5777 0.0664
292.5 -17.5 0.5892 0.0739
292.5 -12.5 0.6001 0.0677
292.5  -7.5 0.6137 0.0437
292.5  -2.5 0.5988 0.0431
292.5   2.5 0.5636 0.0804
292.5   7.5    NaN    NaN
292.5  12.5    NaN    NaN
292.5  17.5    NaN    NaN
292.5  22.5    NaN    NaN
292.5  27.5    NaN    NaN
292.5  32.5    NaN    NaN
292.5  37.5    NaN    NaN
292.5  42.5    NaN    NaN
292.5  47.5    NaN    NaN
292.5  52.5    NaN    NaN
292.5  57.5    NaN    NaN
292.5  62.5    NaN    NaN
292.5  67.5    NaN    NaN
292.5  72.5    NaN    NaN
292.5  77.5    NaN    NaN
292.5  82.5    NaN    NaN
292.5  87.5    NaN    NaN
297.5 -87.5    NaN    NaN
297.5 -82.5 0.4362 0.0682
297.5 -77.5 0.6084 0.0909
297.5 -72.5 0.5961 0.1038
297.5 -67.5 0.6138 0.1146
297.5 -62.5 0.6440 0.1206
297.5 -57.5 0.6671 0.1240
297.5 -52.5 0.6510 0.1269
297.5 -47.5 0.6040 0.1145
297.5 -42.5 0.5625 0.0998
297.5 -37.5 0.5398 0.0971
297.5 -32.5 0.5433 0.0986
297.5 -27.5 0.5786 0.0707
297.5 -22.5 0.5792 0.0672
297.5 -17.5 0.5921 0.0714
297.5 -12.5 0.5908 0.0705
297.5  -7.5 0.5921 0.0480
297.5  -2.5 0.5551 0.0704
297.5   2.5 0.5618 0.0878
297.5   7.5    NaN    NaN
297.5  12.5    NaN    NaN
297.5  17.5    NaN    NaN
297.5  22.5    NaN    NaN
297.5  27.5    NaN    NaN
297.5  32.5    NaN    NaN
297.5  37.5    NaN    NaN
297.5  42.5    NaN    NaN
297.5  47.5    NaN    NaN
297.5  52.5    NaN    NaN
297.5  57.5    NaN    NaN
297.5  62.5    NaN    NaN
297.5  67.5    NaN    NaN
297.5  72.5    NaN    NaN
297.5  77.5    NaN    NaN
297.5  82.5    NaN    NaN
297.5  87.5    NaN    NaN
302.5 -87.5    NaN    NaN
302.5 -82.5 0.4179 0.0558
302.5 -77.5 0.6112 0.0915
302.5 -72.5 0.6047 0.1056
302.5 -67.5 0.6152 0.1207
302.5 -62.5 0.6468 0.1271
302.5 -57.5 0.6694 0.1347
302.5 -52.5 0.6627 0.1331
302.5 -47.5 0.6181 0.1218
302.5 -42.5 0.5722 0.1056
302.5 -37.5 0.5460 0.0992
302.5 -32.5 0.5495 0.0956
302.5 -27.5 0.5674 0.0831
302.5 -22.5 0.5837 0.0590
302.5 -17.5 0.5842 0.0645
302.5 -12.5 0.5812 0.0596
302.5  -7.5 0.5536 0.0700
302.5  -2.5 0.5293 0.1029
302.5   2.5    NaN    NaN
302.5   7.5    NaN    NaN
302.5  12.5    NaN    NaN
302.5  17.5    NaN    NaN
302.5  22.5    NaN    NaN
302.5  27.5    NaN    NaN
302.5  32.5    NaN    NaN
302.5  37.5    NaN    NaN
302.5  42.5    NaN    NaN
302.5  47.5    NaN    NaN
302.5  52.5    NaN    NaN
302.5  57.5    NaN    NaN
302.5  62.5    NaN    NaN
302.5  67.5    NaN    NaN
302.5  72.5    NaN    NaN
302.5  77.5    NaN    NaN
302.5  82.5    NaN    NaN
302.5  87.5    NaN    NaN
307.5 -87.5    NaN    NaN
307.5 -82.5 0.4387 0.0618
307.5 -77.5 0.6117 0.0935
307.5 -72.5 0.6074 0.1094
307.5 -67.5 0.6239 0.1254
307.5 -62.5 0.6522 0.1324
307.5 -57.5 0.6754 0.1404
307.5 -52.5 0.6699 0.1419
307.5 -47.5 0.6252 0.1296
307.5 -42.5 0.5753 0.1100
307.5 -37.5 0.5454 0.0992
307.5 -32.5 0.5438 0.0971
307.5 -27.5 0.5614 0.0836
307.5 -22.5 0.5746 0.0540
307.5 -17.5 0.5630 0.0639
307.5 -12.5 0.5415 0.0749
307.5  -7.5 0.5125 0.0858
307.5  -2.5 0.5472 0.0076
307.5   2.5    NaN    NaN
307.5   7.5    NaN    NaN
307.5  12.5    NaN    NaN
307.5  17.5    NaN    NaN
307.5  22.5    NaN    NaN
307.5  27.5    NaN    NaN
307.5  32.5    NaN    NaN
307.5  37.5    NaN    NaN
307.5  42.5    NaN    NaN
307.5  47.5    NaN    NaN
307.5  52.5    NaN    NaN
307.5  57.5    NaN    NaN
307.5  62.5    NaN    NaN
307.5  67.5    NaN    NaN
307.5  72.5    NaN    NaN
307.5  77.5    NaN    NaN
307.5  82.5    NaN    NaN
307.5  87.5    NaN    NaN
312.5 -87.5    NaN    NaN
312.5 -82.5 0.4370 0.0752
312.5 -77.5 0.6181 0.0934
312.5 -72.5 0.6132 0.1138
312.5 -67.5 0.6330 0.1273
312.5 -62.5 0.6625 0.1337
312.5 -57.5 0.6866 0.1417
312.5 -52.5 0.6799 0.1470
312.5 -47.5 0.6338 0.1333
312.5 -42.5 0.5805 0.1129
312.5 -37.5 0.5473 0.0980
312.5 -32.5 0.5451 0.0938
312.5 -27.5 0.5539 0.0807
312.5 -22.5 0.5514 0.0516
312.5 -17.5 0.5320 0.0710
312.5 -12.5 0.5024 0.0893
312.5  -7.5 0.5267 0.0553
312.5  -2.5    NaN    NaN
312.5   2.5    NaN    NaN
312.5   7.5    NaN    NaN
312.5  12.5    NaN    NaN
312.5  17.5    NaN    NaN
312.5  22.5    NaN    NaN
312.5  27.5    NaN    NaN
312.5  32.5    NaN    NaN
312.5  37.5    NaN    NaN
312.5  42.5    NaN    NaN
312.5  47.5    NaN    NaN
312.5  52.5    NaN    NaN
312.5  57.5    NaN    NaN
312.5  62.5    NaN    NaN
312.5  67.5    NaN    NaN
312.5  72.5    NaN    NaN
312.5  77.5    NaN    NaN
312.5  82.5    NaN    NaN
312.5  87.5    NaN    NaN
317.5 -87.5    NaN    NaN
317.5 -82.5 0.4262 0.0606
317.5 -77.5 0.6183 0.1004
317.5 -72.5 0.6222 0.1143
317.5 -67.5 0.6401 0.1272
317.5 -62.5 0.6682 0.1364
317.5 -57.5 0.6926 0.1444
317.5 -52.5 0.6883 0.1485
317.5 -47.5 0.6466 0.1369
317.5 -42.5 0.5863 0.1138
317.5 -37.5 0.5466 0.0962
317.5 -32.5 0.5310 0.0917
317.5 -27.5 0.5399 0.0738
317.5 -22.5 0.5233 0.0573
317.5 -17.5 0.4983 0.0821
317.5 -12.5 0.4756 0.1128
317.5  -7.5    NaN    NaN
317.5  -2.5    NaN    NaN
317.5   2.5    NaN    NaN
317.5   7.5    NaN    NaN
317.5  12.5    NaN    NaN
317.5  17.5    NaN    NaN
317.5  22.5    NaN    NaN
317.5  27.5    NaN    NaN
317.5  32.5    NaN    NaN
317.5  37.5    NaN    NaN
317.5  42.5    NaN    NaN
317.5  47.5    NaN    NaN
317.5  52.5    NaN    NaN
317.5  57.5    NaN    NaN
317.5  62.5    NaN    NaN
317.5  67.5    NaN    NaN
317.5  72.5    NaN    NaN
317.5  77.5    NaN    NaN
317.5  82.5    NaN    NaN
317.5  87.5    NaN    NaN
322.5 -87.5    NaN    NaN
322.5 -82.5 0.4485 0.0837
322.5 -77.5 0.6241 0.1040
322.5 -72.5 0.6277 0.1186
322.5 -67.5 0.6475 0.1272
322.5 -62.5 0.6749 0.1351
322.5 -57.5 0.6971 0.1426
322.5 -52.5 0.6936 0.1463
322.5 -47.5 0.6515 0.1373
322.5 -42.5 0.5902 0.1139
322.5 -37.5 0.5439 0.0908
322.5 -32.5 0.5192 0.0834
322.5 -27.5 0.5174 0.0725
322.5 -22.5 0.4848 0.0926
322.5 -17.5 0.4757 0.0960
322.5 -12.5 0.4954 0.0088
322.5  -7.5    NaN    NaN
322.5  -2.5    NaN    NaN
322.5   2.5    NaN    NaN
322.5   7.5    NaN    NaN
322.5  12.5    NaN    NaN
322.5  17.5    NaN    NaN
322.5  22.5    NaN    NaN
322.5  27.5    NaN    NaN
322.5  32.5    NaN    NaN
322.5  37.5    NaN    NaN
322.5  42.5    NaN    NaN
322.5  47.5    NaN    NaN
322.5  52.5    NaN    NaN
322.5  57.5    NaN    NaN
322.5  62.5    NaN    NaN
322.5  67.5    NaN    NaN
322.5  72.5    NaN    NaN
322.5  77.5    NaN    NaN
322.5  82.5    NaN    NaN
322.5  87.5    NaN    NaN
327.5 -87.5    NaN    NaN
327.5 -82.5 0.4617 0.0727
327.5 -77.5 0.6310 0.1058
327.5 -72.5 0.6315 0.1243
327.5 -67.5 0.6513 0.1307
327.5 -62.5 0.6757 0.1392
327.5 -57.5 0.6975 0.1432
327.5 -52.5 0.6949 0.1457
327.5 -47.5 0.6530 0.1333
327.5 -42.5 0.5946 0.1130
327.5 -37.5 0.5388 0.0856
327.5 -32.5 0.4999 0.0766
327.5 -27.5 0.4872 0.0850
327.5 -22.5 0.4721 0.0925
327.5 -17.5 0.4694 0.0443
327.5 -12.5    NaN    NaN
327.5  -7.5    NaN    NaN
327.5  -2.5    NaN    NaN
327.5   2.5    NaN    NaN
327.5   7.5    NaN    NaN
327.5  12.5    NaN    NaN
327.5  17.5    NaN    NaN
327.5  22.5    NaN    NaN
327.5  27.5    NaN    NaN
327.5  32.5    NaN    NaN
327.5  37.5    NaN    NaN
327.5  42.5    NaN    NaN
327.5  47.5    NaN    NaN
327.5  52.5    NaN    NaN
327.5  57.5    NaN    NaN
327.5  62.5    NaN    NaN
327.5  67.5    NaN    NaN
327.5  72.5    NaN    NaN
327.5  77.5    NaN    NaN
327.5  82.5    NaN    NaN
327.5  87.5    NaN    NaN
332.5 -87.5    NaN    NaN
332.5 -82.5 0.4558 0.0756
332.5 -77.5 0.6346 0.1119
332.5 -72.5 0.6354 0.1280
332.5 -67.5 0.6537 0.1358
332.5 -62.5 0.6711 0.1434
332.5 -57.5 0.6928 0.1450
332.5 -52.5 0.6892 0.1462
332.5 -47.5 0.6468 0.1320
332.5 -42.5 0.5918 0.1115
332.5 -37.5 0.5313 0.0811
332.5 -32.5 0.4807 0.0763
332.5 -27.5 0.4673 0.0891
332.5 -22.5 0.4603 0.0605
332.5 -17.5 0.4280 0.0691
332.5 -12.5    NaN    NaN
332.5  -7.5    NaN    NaN
332.5  -2.5    NaN    NaN
332.5   2.5    NaN    NaN
332.5   7.5    NaN    NaN
332.5  12.5    NaN    NaN
332.5  17.5    NaN    NaN
332.5  22.5    NaN    NaN
332.5  27.5    NaN    NaN
332.5  32.5    NaN    NaN
332.5  37.5    NaN    NaN
332.5  42.5    NaN    NaN
332.5  47.5    NaN    NaN
332.5  52.5    NaN    NaN
332.5  57.5    NaN    NaN
332.5  62.5    NaN    NaN
332.5  67.5    NaN    NaN
332.5  72.5    NaN    NaN
332.5  77.5    NaN    NaN
332.5  82.5    NaN    NaN
332.5  87.5    NaN    NaN
337.5 -87.5    NaN    NaN
337.5 -82.5 0.4642 0.0760
337.5 -77.5 0.6380 0.1168
337.5 -72.5 0.6386 0.1359
337.5 -67.5 0.6518 0.1417
337.5 -62.5 0.6747 0.1434
337.5 -57.5 0.6918 0.1437
337.5 -52.5 0.6875 0.1428
337.5 -47.5 0.6423 0.1280
337.5 -42.5 0.5886 0.1039
337.5 -37.5 0.5214 0.0786
337.5 -32.5 0.4714 0.0870
337.5 -27.5 0.4652 0.0685
337.5 -22.5 0.4340 0.0565
337.5 -17.5 0.3615 0.0547
337.5 -12.5    NaN    NaN
337.5  -7.5    NaN    NaN
337.5  -2.5    NaN    NaN
337.5   2.5    NaN    NaN
337.5   7.5    NaN    NaN
337.5  12.5    NaN    NaN
337.5  17.5    NaN    NaN
337.5  22.5    NaN    NaN
337.5  27.5    NaN    NaN
337.5  32.5    NaN    NaN
337.5  37.5    NaN    NaN
337.5  42.5    NaN    NaN
337.5  47.5    NaN    NaN
337.5  52.5    NaN    NaN
337.5  57.5    NaN    NaN
337.5  62.5    NaN    NaN
337.5  67.5    NaN    NaN
337.5  72.5    NaN    NaN
337.5  77.5    NaN    NaN
337.5  82.5    NaN    NaN
337.5  87.5    NaN    NaN
342.5 -87.5    NaN    NaN
342.5 -82.5 0.4623 0.0808
342.5 -77.5 0.6394 0.1228
342.5 -72.5 0.6420 0.1400
342.5 -67.5 0.6555 0.1470
342.5 -62.5 0.6750 0.1449
342.5 -57.5 0.6903 0.1423
342.5 -52.5 0.6816 0.1385
342.5 -47.5 0.6345 0.1238
342.5 -42.5 0.5777 0.0979
342.5 -37.5 0.5047 0.0920
342.5 -32.5 0.4730 0.0616
342.5 -27.5 0.4622 0.0516
342.5 -22.5 0.3974 0.0628
342.5 -17.5 0.3679 0.0514
342.5 -12.5    NaN    NaN
342.5  -7.5    NaN    NaN
342.5  -2.5    NaN    NaN
342.5   2.5    NaN    NaN
342.5   7.5    NaN    NaN
342.5  12.5    NaN    NaN
342.5  17.5    NaN    NaN
342.5  22.5    NaN    NaN
342.5  27.5    NaN    NaN
342.5  32.5    NaN    NaN
342.5  37.5    NaN    NaN
342.5  42.5    NaN    NaN
342.5  47.5    NaN    NaN
342.5  52.5    NaN    NaN
342.5  57.5    NaN    NaN
342.5  62.5    NaN    NaN
342.5  67.5    NaN    NaN
342.5  72.5    NaN    NaN
342.5  77.5    NaN    NaN
342.5  82.5    NaN    NaN
342.5  87.5    NaN    NaN
347.5 -87.5    NaN    NaN
347.5 -82.5 0.4534 0.0771
347.5 -77.5 0.6380 0.1267
347.5 -72.5 0.6432 0.1465
347.5 -67.5 0.6552 0.1491
347.5 -62.5 0.6731 0.1455
347.5 -57.5 0.6887 0.1402
347.5 -52.5 0.6784 0.1349
347.5 -47.5 0.6287 0.1217
347.5 -42.5 0.5626 0.1029
347.5 -37.5 0.4934 0.0829
347.5 -32.5 0.4605 0.0598
347.5 -27.5 0.4506 0.0519
347.5 -22.5 0.4109 0.0605
347.5 -17.5 0.3964 0.0684
347.5 -12.5 0.3535    NaN
347.5  -7.5    NaN    NaN
347.5  -2.5    NaN    NaN
347.5   2.5    NaN    NaN
347.5   7.5    NaN    NaN
347.5  12.5    NaN    NaN
347.5  17.5    NaN    NaN
347.5  22.5    NaN    NaN
347.5  27.5    NaN    NaN
347.5  32.5    NaN    NaN
347.5  37.5    NaN    NaN
347.5  42.5    NaN    NaN
347.5  47.5    NaN    NaN
347.5  52.5    NaN    NaN
347.5  57.5    NaN    NaN
347.5  62.5    NaN    NaN
347.5  67.5    NaN    NaN
347.5  72.5    NaN    NaN
347.5  77.5    NaN    NaN
347.5  82.5    NaN    NaN
347.5  87.5    NaN    NaN
352.5 -87.5    NaN    NaN
352.5 -82.5 0.4652 0.0704
352.5 -77.5 0.6357 0.1283
352.5 -72.5 0.6430 0.1506
352.5 -67.5 0.6543 0.1534
352.5 -62.5 0.6751 0.1462
352.5 -57.5 0.6818 0.1403
352.5 -52.5 0.6707 0.1327
352.5 -47.5 0.6160 0.1216
352.5 -42.5 0.5409 0.1150
352.5 -37.5 0.4840 0.0708
352.5 -32.5 0.4423 0.0561
352.5 -27.5 0.4237 0.0652
352.5 -22.5 0.4095 0.0647
352.5 -17.5 0.3989 0.0680
352.5 -12.5 0.3916 0.0464
352.5  -7.5 0.3714    NaN
352.5  -2.5    NaN    NaN
352.5   2.5    NaN    NaN
352.5   7.5    NaN    NaN
352.5  12.5    NaN    NaN
352.5  17.5    NaN    NaN
352.5  22.5    NaN    NaN
352.5  27.5    NaN    NaN
352.5  32.5    NaN    NaN
352.5  37.5    NaN    NaN
352.5  42.5    NaN    NaN
352.5  47.5    NaN    NaN
352.5  52.5    NaN    NaN
352.5  57.5    NaN    NaN
352.5  62.5    NaN    NaN
352.5  67.5    NaN    NaN
352.5  72.5    NaN    NaN
352.5  77.5    NaN    NaN
352.5  82.5    NaN    NaN
352.5  87.5    NaN    NaN
357.5 -87.5    NaN    NaN
357.5 -82.5 0.4706 0.0598
357.5 -77.5 0.6304 0.1345
357.5 -72.5 0.6454 0.1533
357.5 -67.5 0.6566 0.1535
357.5 -62.5 0.6701 0.1496
357.5 -57.5 0.6778 0.1403
357.5 -52.5 0.6630 0.1312
357.5 -47.5 0.6027 0.1246
357.5 -42.5 0.5381 0.1001
357.5 -37.5 0.4713 0.0722
357.5 -32.5 0.4303 0.0536
357.5 -27.5 0.4203 0.0728
357.5 -22.5 0.3961 0.0655
357.5 -17.5 0.3915 0.0607
357.5 -12.5 0.3900 0.0553
357.5  -7.5 0.3676 0.0034
357.5  -2.5    NaN    NaN
357.5   2.5    NaN    NaN
357.5   7.5    NaN    NaN
357.5  12.5    NaN    NaN
357.5  17.5    NaN    NaN
357.5  22.5    NaN    NaN
357.5  27.5    NaN    NaN
357.5  32.5    NaN    NaN
357.5  37.5    NaN    NaN
357.5  42.5    NaN    NaN
357.5  47.5    NaN    NaN
357.5  52.5    NaN    NaN
357.5  57.5    NaN    NaN
357.5  62.5    NaN    NaN
357.5  67.5    NaN    NaN
357.5  72.5    NaN    NaN
357.5  77.5    NaN    NaN
357.5  82.5    NaN    NaN
357.5  87.5    NaN    NaN
