# Production date: 2020/April/17
# Fixed condition: Pha 85-90 deg
# Data description: Mean albedo distribution as a function of lon and lat
# Details on the data: Lee et al. JGR:planets
#--------------------------------------
# lon [deg], lat [deg], mean albedo [unitless], standard deviation
#--------------------------------------
  2.5 -87.5    NaN    NaN
  2.5 -82.5 0.3995 0.0350
  2.5 -77.5 0.3941 0.0586
  2.5 -72.5 0.3920 0.0664
  2.5 -67.5 0.3870 0.0695
  2.5 -62.5 0.3962 0.0741
  2.5 -57.5 0.4009 0.0741
  2.5 -52.5 0.3975 0.0794
  2.5 -47.5 0.3784 0.0776
  2.5 -42.5 0.3544 0.0654
  2.5 -37.5 0.3384 0.0578
  2.5 -32.5 0.3292 0.0568
  2.5 -27.5 0.3209 0.0561
  2.5 -22.5 0.3127 0.0547
  2.5 -17.5 0.2980 0.0513
  2.5 -12.5 0.2926 0.0547
  2.5  -7.5 0.2806 0.0503
  2.5  -2.5 0.2720 0.0452
  2.5   2.5 0.2613 0.0446
  2.5   7.5 0.2564 0.0525
  2.5  12.5    NaN    NaN
  2.5  17.5    NaN    NaN
  2.5  22.5    NaN    NaN
  2.5  27.5    NaN    NaN
  2.5  32.5    NaN    NaN
  2.5  37.5    NaN    NaN
  2.5  42.5    NaN    NaN
  2.5  47.5    NaN    NaN
  2.5  52.5    NaN    NaN
  2.5  57.5    NaN    NaN
  2.5  62.5    NaN    NaN
  2.5  67.5    NaN    NaN
  2.5  72.5    NaN    NaN
  2.5  77.5    NaN    NaN
  2.5  82.5    NaN    NaN
  2.5  87.5    NaN    NaN
  7.5 -87.5    NaN    NaN
  7.5 -82.5 0.4006 0.0321
  7.5 -77.5 0.3943 0.0571
  7.5 -72.5 0.3935 0.0649
  7.5 -67.5 0.3861 0.0682
  7.5 -62.5 0.3952 0.0739
  7.5 -57.5 0.4036 0.0716
  7.5 -52.5 0.3987 0.0766
  7.5 -47.5 0.3791 0.0767
  7.5 -42.5 0.3562 0.0652
  7.5 -37.5 0.3396 0.0556
  7.5 -32.5 0.3298 0.0548
  7.5 -27.5 0.3225 0.0542
  7.5 -22.5 0.3131 0.0529
  7.5 -17.5 0.2953 0.0485
  7.5 -12.5 0.2927 0.0479
  7.5  -7.5 0.2817 0.0399
  7.5  -2.5 0.2755 0.0362
  7.5   2.5 0.2718 0.0420
  7.5   7.5 0.2816 0.0549
  7.5  12.5    NaN    NaN
  7.5  17.5    NaN    NaN
  7.5  22.5    NaN    NaN
  7.5  27.5    NaN    NaN
  7.5  32.5    NaN    NaN
  7.5  37.5    NaN    NaN
  7.5  42.5    NaN    NaN
  7.5  47.5    NaN    NaN
  7.5  52.5    NaN    NaN
  7.5  57.5    NaN    NaN
  7.5  62.5    NaN    NaN
  7.5  67.5    NaN    NaN
  7.5  72.5    NaN    NaN
  7.5  77.5    NaN    NaN
  7.5  82.5    NaN    NaN
  7.5  87.5    NaN    NaN
 12.5 -87.5    NaN    NaN
 12.5 -82.5 0.3994 0.0297
 12.5 -77.5 0.3922 0.0566
 12.5 -72.5 0.3933 0.0659
 12.5 -67.5 0.3895 0.0662
 12.5 -62.5 0.3972 0.0719
 12.5 -57.5 0.4046 0.0719
 12.5 -52.5 0.4019 0.0739
 12.5 -47.5 0.3860 0.0733
 12.5 -42.5 0.3619 0.0637
 12.5 -37.5 0.3439 0.0537
 12.5 -32.5 0.3329 0.0521
 12.5 -27.5 0.3245 0.0529
 12.5 -22.5 0.3145 0.0523
 12.5 -17.5 0.2970 0.0494
 12.5 -12.5 0.2923 0.0462
 12.5  -7.5 0.2812 0.0355
 12.5  -2.5 0.2775 0.0338
 12.5   2.5 0.2767 0.0430
 12.5   7.5 0.2842 0.0512
 12.5  12.5    NaN    NaN
 12.5  17.5    NaN    NaN
 12.5  22.5    NaN    NaN
 12.5  27.5    NaN    NaN
 12.5  32.5    NaN    NaN
 12.5  37.5    NaN    NaN
 12.5  42.5    NaN    NaN
 12.5  47.5    NaN    NaN
 12.5  52.5    NaN    NaN
 12.5  57.5    NaN    NaN
 12.5  62.5    NaN    NaN
 12.5  67.5    NaN    NaN
 12.5  72.5    NaN    NaN
 12.5  77.5    NaN    NaN
 12.5  82.5    NaN    NaN
 12.5  87.5    NaN    NaN
 17.5 -87.5    NaN    NaN
 17.5 -82.5 0.3977 0.0299
 17.5 -77.5 0.3908 0.0576
 17.5 -72.5 0.3949 0.0663
 17.5 -67.5 0.3890 0.0669
 17.5 -62.5 0.3986 0.0698
 17.5 -57.5 0.4107 0.0699
 17.5 -52.5 0.4054 0.0731
 17.5 -47.5 0.3897 0.0726
 17.5 -42.5 0.3644 0.0640
 17.5 -37.5 0.3464 0.0540
 17.5 -32.5 0.3353 0.0510
 17.5 -27.5 0.3261 0.0524
 17.5 -22.5 0.3151 0.0523
 17.5 -17.5 0.2993 0.0508
 17.5 -12.5 0.2906 0.0447
 17.5  -7.5 0.2783 0.0331
 17.5  -2.5 0.2744 0.0332
 17.5   2.5 0.2764 0.0408
 17.5   7.5 0.2823 0.0481
 17.5  12.5    NaN    NaN
 17.5  17.5    NaN    NaN
 17.5  22.5    NaN    NaN
 17.5  27.5    NaN    NaN
 17.5  32.5    NaN    NaN
 17.5  37.5    NaN    NaN
 17.5  42.5    NaN    NaN
 17.5  47.5    NaN    NaN
 17.5  52.5    NaN    NaN
 17.5  57.5    NaN    NaN
 17.5  62.5    NaN    NaN
 17.5  67.5    NaN    NaN
 17.5  72.5    NaN    NaN
 17.5  77.5    NaN    NaN
 17.5  82.5    NaN    NaN
 17.5  87.5    NaN    NaN
 22.5 -87.5    NaN    NaN
 22.5 -82.5 0.3983 0.0299
 22.5 -77.5 0.3943 0.0569
 22.5 -72.5 0.3957 0.0673
 22.5 -67.5 0.3931 0.0673
 22.5 -62.5 0.3982 0.0703
 22.5 -57.5 0.4095 0.0734
 22.5 -52.5 0.4062 0.0741
 22.5 -47.5 0.3917 0.0730
 22.5 -42.5 0.3664 0.0646
 22.5 -37.5 0.3489 0.0537
 22.5 -32.5 0.3371 0.0500
 22.5 -27.5 0.3276 0.0508
 22.5 -22.5 0.3158 0.0525
 22.5 -17.5 0.3013 0.0527
 22.5 -12.5 0.2912 0.0447
 22.5  -7.5 0.2723 0.0339
 22.5  -2.5 0.2698 0.0319
 22.5   2.5 0.2733 0.0392
 22.5   7.5 0.2890 0.0469
 22.5  12.5    NaN    NaN
 22.5  17.5    NaN    NaN
 22.5  22.5    NaN    NaN
 22.5  27.5    NaN    NaN
 22.5  32.5    NaN    NaN
 22.5  37.5    NaN    NaN
 22.5  42.5    NaN    NaN
 22.5  47.5    NaN    NaN
 22.5  52.5    NaN    NaN
 22.5  57.5    NaN    NaN
 22.5  62.5    NaN    NaN
 22.5  67.5    NaN    NaN
 22.5  72.5    NaN    NaN
 22.5  77.5    NaN    NaN
 22.5  82.5    NaN    NaN
 22.5  87.5    NaN    NaN
 27.5 -87.5    NaN    NaN
 27.5 -82.5 0.3939 0.0316
 27.5 -77.5 0.3983 0.0553
 27.5 -72.5 0.3985 0.0677
 27.5 -67.5 0.3936 0.0698
 27.5 -62.5 0.3996 0.0714
 27.5 -57.5 0.4126 0.0760
 27.5 -52.5 0.4098 0.0762
 27.5 -47.5 0.3940 0.0744
 27.5 -42.5 0.3706 0.0639
 27.5 -37.5 0.3514 0.0534
 27.5 -32.5 0.3392 0.0496
 27.5 -27.5 0.3281 0.0499
 27.5 -22.5 0.3154 0.0523
 27.5 -17.5 0.3029 0.0530
 27.5 -12.5 0.2869 0.0449
 27.5  -7.5 0.2699 0.0384
 27.5  -2.5 0.2663 0.0326
 27.5   2.5 0.2721 0.0392
 27.5   7.5 0.3077 0.0303
 27.5  12.5    NaN    NaN
 27.5  17.5    NaN    NaN
 27.5  22.5    NaN    NaN
 27.5  27.5    NaN    NaN
 27.5  32.5    NaN    NaN
 27.5  37.5    NaN    NaN
 27.5  42.5    NaN    NaN
 27.5  47.5    NaN    NaN
 27.5  52.5    NaN    NaN
 27.5  57.5    NaN    NaN
 27.5  62.5    NaN    NaN
 27.5  67.5    NaN    NaN
 27.5  72.5    NaN    NaN
 27.5  77.5    NaN    NaN
 27.5  82.5    NaN    NaN
 27.5  87.5    NaN    NaN
 32.5 -87.5    NaN    NaN
 32.5 -82.5 0.3929 0.0309
 32.5 -77.5 0.3982 0.0582
 32.5 -72.5 0.4014 0.0686
 32.5 -67.5 0.3975 0.0702
 32.5 -62.5 0.4040 0.0717
 32.5 -57.5 0.4162 0.0769
 32.5 -52.5 0.4124 0.0779
 32.5 -47.5 0.3944 0.0762
 32.5 -42.5 0.3715 0.0651
 32.5 -37.5 0.3525 0.0548
 32.5 -32.5 0.3401 0.0498
 32.5 -27.5 0.3284 0.0494
 32.5 -22.5 0.3145 0.0514
 32.5 -17.5 0.3042 0.0542
 32.5 -12.5 0.2831 0.0441
 32.5  -7.5 0.2660 0.0365
 32.5  -2.5 0.2629 0.0323
 32.5   2.5 0.2595 0.0401
 32.5   7.5 0.2962 0.0329
 32.5  12.5    NaN    NaN
 32.5  17.5    NaN    NaN
 32.5  22.5    NaN    NaN
 32.5  27.5    NaN    NaN
 32.5  32.5    NaN    NaN
 32.5  37.5    NaN    NaN
 32.5  42.5    NaN    NaN
 32.5  47.5    NaN    NaN
 32.5  52.5    NaN    NaN
 32.5  57.5    NaN    NaN
 32.5  62.5    NaN    NaN
 32.5  67.5    NaN    NaN
 32.5  72.5    NaN    NaN
 32.5  77.5    NaN    NaN
 32.5  82.5    NaN    NaN
 32.5  87.5    NaN    NaN
 37.5 -87.5    NaN    NaN
 37.5 -82.5 0.3928 0.0309
 37.5 -77.5 0.3979 0.0571
 37.5 -72.5 0.4038 0.0702
 37.5 -67.5 0.4006 0.0723
 37.5 -62.5 0.4036 0.0750
 37.5 -57.5 0.4141 0.0803
 37.5 -52.5 0.4118 0.0826
 37.5 -47.5 0.3948 0.0776
 37.5 -42.5 0.3724 0.0663
 37.5 -37.5 0.3537 0.0564
 37.5 -32.5 0.3419 0.0508
 37.5 -27.5 0.3295 0.0497
 37.5 -22.5 0.3131 0.0512
 37.5 -17.5 0.3033 0.0548
 37.5 -12.5 0.2788 0.0438
 37.5  -7.5 0.2656 0.0376
 37.5  -2.5 0.2608 0.0336
 37.5   2.5 0.2562 0.0387
 37.5   7.5 0.2815 0.0269
 37.5  12.5    NaN    NaN
 37.5  17.5    NaN    NaN
 37.5  22.5    NaN    NaN
 37.5  27.5    NaN    NaN
 37.5  32.5    NaN    NaN
 37.5  37.5    NaN    NaN
 37.5  42.5    NaN    NaN
 37.5  47.5    NaN    NaN
 37.5  52.5    NaN    NaN
 37.5  57.5    NaN    NaN
 37.5  62.5    NaN    NaN
 37.5  67.5    NaN    NaN
 37.5  72.5    NaN    NaN
 37.5  77.5    NaN    NaN
 37.5  82.5    NaN    NaN
 37.5  87.5    NaN    NaN
 42.5 -87.5    NaN    NaN
 42.5 -82.5 0.3916 0.0317
 42.5 -77.5 0.4029 0.0592
 42.5 -72.5 0.4068 0.0708
 42.5 -67.5 0.4001 0.0765
 42.5 -62.5 0.4069 0.0771
 42.5 -57.5 0.4153 0.0807
 42.5 -52.5 0.4140 0.0830
 42.5 -47.5 0.3954 0.0784
 42.5 -42.5 0.3728 0.0656
 42.5 -37.5 0.3540 0.0565
 42.5 -32.5 0.3427 0.0521
 42.5 -27.5 0.3300 0.0500
 42.5 -22.5 0.3129 0.0517
 42.5 -17.5 0.3018 0.0554
 42.5 -12.5 0.2772 0.0446
 42.5  -7.5 0.2653 0.0408
 42.5  -2.5 0.2549 0.0377
 42.5   2.5 0.2620 0.0377
 42.5   7.5 0.2859    NaN
 42.5  12.5    NaN    NaN
 42.5  17.5    NaN    NaN
 42.5  22.5    NaN    NaN
 42.5  27.5    NaN    NaN
 42.5  32.5    NaN    NaN
 42.5  37.5    NaN    NaN
 42.5  42.5    NaN    NaN
 42.5  47.5    NaN    NaN
 42.5  52.5    NaN    NaN
 42.5  57.5    NaN    NaN
 42.5  62.5    NaN    NaN
 42.5  67.5    NaN    NaN
 42.5  72.5    NaN    NaN
 42.5  77.5    NaN    NaN
 42.5  82.5    NaN    NaN
 42.5  87.5    NaN    NaN
 47.5 -87.5    NaN    NaN
 47.5 -82.5 0.3899 0.0330
 47.5 -77.5 0.4049 0.0622
 47.5 -72.5 0.4085 0.0721
 47.5 -67.5 0.4035 0.0773
 47.5 -62.5 0.4094 0.0802
 47.5 -57.5 0.4169 0.0827
 47.5 -52.5 0.4141 0.0848
 47.5 -47.5 0.3969 0.0797
 47.5 -42.5 0.3723 0.0661
 47.5 -37.5 0.3551 0.0571
 47.5 -32.5 0.3426 0.0531
 47.5 -27.5 0.3295 0.0500
 47.5 -22.5 0.3129 0.0514
 47.5 -17.5 0.3012 0.0553
 47.5 -12.5 0.2762 0.0475
 47.5  -7.5 0.2657 0.0449
 47.5  -2.5 0.2602 0.0458
 47.5   2.5 0.2908 0.0286
 47.5   7.5 0.3044 0.0067
 47.5  12.5    NaN    NaN
 47.5  17.5    NaN    NaN
 47.5  22.5    NaN    NaN
 47.5  27.5    NaN    NaN
 47.5  32.5    NaN    NaN
 47.5  37.5    NaN    NaN
 47.5  42.5    NaN    NaN
 47.5  47.5    NaN    NaN
 47.5  52.5    NaN    NaN
 47.5  57.5    NaN    NaN
 47.5  62.5    NaN    NaN
 47.5  67.5    NaN    NaN
 47.5  72.5    NaN    NaN
 47.5  77.5    NaN    NaN
 47.5  82.5    NaN    NaN
 47.5  87.5    NaN    NaN
 52.5 -87.5    NaN    NaN
 52.5 -82.5 0.3930 0.0325
 52.5 -77.5 0.3993 0.0602
 52.5 -72.5 0.4120 0.0725
 52.5 -67.5 0.4050 0.0791
 52.5 -62.5 0.4124 0.0817
 52.5 -57.5 0.4180 0.0841
 52.5 -52.5 0.4151 0.0849
 52.5 -47.5 0.3983 0.0807
 52.5 -42.5 0.3731 0.0671
 52.5 -37.5 0.3550 0.0575
 52.5 -32.5 0.3427 0.0536
 52.5 -27.5 0.3297 0.0508
 52.5 -22.5 0.3140 0.0524
 52.5 -17.5 0.3014 0.0561
 52.5 -12.5 0.2771 0.0491
 52.5  -7.5 0.2691 0.0490
 52.5  -2.5 0.2743 0.0506
 52.5   2.5 0.2987 0.0311
 52.5   7.5 0.3153 0.0091
 52.5  12.5 0.3100 0.0079
 52.5  17.5    NaN    NaN
 52.5  22.5    NaN    NaN
 52.5  27.5    NaN    NaN
 52.5  32.5    NaN    NaN
 52.5  37.5    NaN    NaN
 52.5  42.5    NaN    NaN
 52.5  47.5    NaN    NaN
 52.5  52.5    NaN    NaN
 52.5  57.5    NaN    NaN
 52.5  62.5    NaN    NaN
 52.5  67.5    NaN    NaN
 52.5  72.5    NaN    NaN
 52.5  77.5    NaN    NaN
 52.5  82.5    NaN    NaN
 52.5  87.5    NaN    NaN
 57.5 -87.5    NaN    NaN
 57.5 -82.5 0.3886 0.0357
 57.5 -77.5 0.4052 0.0638
 57.5 -72.5 0.4128 0.0741
 57.5 -67.5 0.4081 0.0798
 57.5 -62.5 0.4162 0.0836
 57.5 -57.5 0.4215 0.0828
 57.5 -52.5 0.4188 0.0829
 57.5 -47.5 0.4014 0.0796
 57.5 -42.5 0.3743 0.0681
 57.5 -37.5 0.3545 0.0583
 57.5 -32.5 0.3426 0.0539
 57.5 -27.5 0.3295 0.0527
 57.5 -22.5 0.3173 0.0529
 57.5 -17.5 0.3045 0.0565
 57.5 -12.5 0.2809 0.0523
 57.5  -7.5 0.2765 0.0538
 57.5  -2.5 0.3018 0.0455
 57.5   2.5 0.3156 0.0276
 57.5   7.5 0.3241 0.0084
 57.5  12.5 0.3177 0.0112
 57.5  17.5    NaN    NaN
 57.5  22.5    NaN    NaN
 57.5  27.5    NaN    NaN
 57.5  32.5    NaN    NaN
 57.5  37.5    NaN    NaN
 57.5  42.5    NaN    NaN
 57.5  47.5    NaN    NaN
 57.5  52.5    NaN    NaN
 57.5  57.5    NaN    NaN
 57.5  62.5    NaN    NaN
 57.5  67.5    NaN    NaN
 57.5  72.5    NaN    NaN
 57.5  77.5    NaN    NaN
 57.5  82.5    NaN    NaN
 57.5  87.5    NaN    NaN
 62.5 -87.5    NaN    NaN
 62.5 -82.5 0.3956 0.0329
 62.5 -77.5 0.4068 0.0625
 62.5 -72.5 0.4137 0.0756
 62.5 -67.5 0.4100 0.0807
 62.5 -62.5 0.4166 0.0862
 62.5 -57.5 0.4213 0.0835
 62.5 -52.5 0.4160 0.0845
 62.5 -47.5 0.3979 0.0796
 62.5 -42.5 0.3706 0.0695
 62.5 -37.5 0.3519 0.0597
 62.5 -32.5 0.3397 0.0553
 62.5 -27.5 0.3278 0.0540
 62.5 -22.5 0.3181 0.0548
 62.5 -17.5 0.3075 0.0579
 62.5 -12.5 0.2862 0.0528
 62.5  -7.5 0.2822 0.0560
 62.5  -2.5 0.3127 0.0438
 62.5   2.5 0.3295 0.0254
 62.5   7.5 0.3372 0.0107
 62.5  12.5 0.3356 0.0098
 62.5  17.5    NaN    NaN
 62.5  22.5    NaN    NaN
 62.5  27.5    NaN    NaN
 62.5  32.5    NaN    NaN
 62.5  37.5    NaN    NaN
 62.5  42.5    NaN    NaN
 62.5  47.5    NaN    NaN
 62.5  52.5    NaN    NaN
 62.5  57.5    NaN    NaN
 62.5  62.5    NaN    NaN
 62.5  67.5    NaN    NaN
 62.5  72.5    NaN    NaN
 62.5  77.5    NaN    NaN
 62.5  82.5    NaN    NaN
 62.5  87.5    NaN    NaN
 67.5 -87.5    NaN    NaN
 67.5 -82.5 0.3901 0.0347
 67.5 -77.5 0.4075 0.0616
 67.5 -72.5 0.4148 0.0767
 67.5 -67.5 0.4066 0.0836
 67.5 -62.5 0.4126 0.0876
 67.5 -57.5 0.4207 0.0851
 67.5 -52.5 0.4155 0.0848
 67.5 -47.5 0.3973 0.0787
 67.5 -42.5 0.3707 0.0697
 67.5 -37.5 0.3525 0.0591
 67.5 -32.5 0.3403 0.0553
 67.5 -27.5 0.3290 0.0557
 67.5 -22.5 0.3195 0.0565
 67.5 -17.5 0.3090 0.0601
 67.5 -12.5 0.2912 0.0555
 67.5  -7.5 0.2942 0.0527
 67.5  -2.5 0.3230 0.0417
 67.5   2.5 0.3426 0.0230
 67.5   7.5 0.3513 0.0164
 67.5  12.5 0.3460 0.0152
 67.5  17.5    NaN    NaN
 67.5  22.5    NaN    NaN
 67.5  27.5    NaN    NaN
 67.5  32.5    NaN    NaN
 67.5  37.5    NaN    NaN
 67.5  42.5    NaN    NaN
 67.5  47.5    NaN    NaN
 67.5  52.5    NaN    NaN
 67.5  57.5    NaN    NaN
 67.5  62.5    NaN    NaN
 67.5  67.5    NaN    NaN
 67.5  72.5    NaN    NaN
 67.5  77.5    NaN    NaN
 67.5  82.5    NaN    NaN
 67.5  87.5    NaN    NaN
 72.5 -87.5    NaN    NaN
 72.5 -82.5 0.3924 0.0322
 72.5 -77.5 0.4060 0.0620
 72.5 -72.5 0.4131 0.0777
 72.5 -67.5 0.4075 0.0833
 72.5 -62.5 0.4116 0.0880
 72.5 -57.5 0.4226 0.0868
 72.5 -52.5 0.4173 0.0847
 72.5 -47.5 0.3980 0.0804
 72.5 -42.5 0.3704 0.0698
 72.5 -37.5 0.3520 0.0591
 72.5 -32.5 0.3392 0.0553
 72.5 -27.5 0.3280 0.0556
 72.5 -22.5 0.3187 0.0577
 72.5 -17.5 0.3117 0.0610
 72.5 -12.5 0.2960 0.0565
 72.5  -7.5 0.3034 0.0510
 72.5  -2.5 0.3333 0.0370
 72.5   2.5 0.3476 0.0312
 72.5   7.5 0.3550 0.0242
 72.5  12.5 0.3477 0.0209
 72.5  17.5    NaN    NaN
 72.5  22.5    NaN    NaN
 72.5  27.5    NaN    NaN
 72.5  32.5    NaN    NaN
 72.5  37.5    NaN    NaN
 72.5  42.5    NaN    NaN
 72.5  47.5    NaN    NaN
 72.5  52.5    NaN    NaN
 72.5  57.5    NaN    NaN
 72.5  62.5    NaN    NaN
 72.5  67.5    NaN    NaN
 72.5  72.5    NaN    NaN
 72.5  77.5    NaN    NaN
 72.5  82.5    NaN    NaN
 72.5  87.5    NaN    NaN
 77.5 -87.5    NaN    NaN
 77.5 -82.5 0.3930 0.0321
 77.5 -77.5 0.4027 0.0602
 77.5 -72.5 0.4130 0.0780
 77.5 -67.5 0.4075 0.0841
 77.5 -62.5 0.4119 0.0890
 77.5 -57.5 0.4270 0.0869
 77.5 -52.5 0.4197 0.0846
 77.5 -47.5 0.3997 0.0815
 77.5 -42.5 0.3720 0.0696
 77.5 -37.5 0.3522 0.0593
 77.5 -32.5 0.3395 0.0560
 77.5 -27.5 0.3283 0.0547
 77.5 -22.5 0.3182 0.0580
 77.5 -17.5 0.3130 0.0601
 77.5 -12.5 0.3037 0.0540
 77.5  -7.5 0.3098 0.0488
 77.5  -2.5 0.3339 0.0402
 77.5   2.5 0.3453 0.0362
 77.5   7.5 0.3471 0.0280
 77.5  12.5 0.3395 0.0234
 77.5  17.5    NaN    NaN
 77.5  22.5    NaN    NaN
 77.5  27.5    NaN    NaN
 77.5  32.5    NaN    NaN
 77.5  37.5    NaN    NaN
 77.5  42.5    NaN    NaN
 77.5  47.5    NaN    NaN
 77.5  52.5    NaN    NaN
 77.5  57.5    NaN    NaN
 77.5  62.5    NaN    NaN
 77.5  67.5    NaN    NaN
 77.5  72.5    NaN    NaN
 77.5  77.5    NaN    NaN
 77.5  82.5    NaN    NaN
 77.5  87.5    NaN    NaN
 82.5 -87.5    NaN    NaN
 82.5 -82.5 0.3948 0.0342
 82.5 -77.5 0.4011 0.0610
 82.5 -72.5 0.4118 0.0795
 82.5 -67.5 0.4091 0.0846
 82.5 -62.5 0.4154 0.0877
 82.5 -57.5 0.4302 0.0869
 82.5 -52.5 0.4231 0.0847
 82.5 -47.5 0.4035 0.0821
 82.5 -42.5 0.3756 0.0688
 82.5 -37.5 0.3545 0.0584
 82.5 -32.5 0.3405 0.0563
 82.5 -27.5 0.3297 0.0556
 82.5 -22.5 0.3195 0.0594
 82.5 -17.5 0.3139 0.0614
 82.5 -12.5 0.3113 0.0519
 82.5  -7.5 0.3109 0.0463
 82.5  -2.5 0.3330 0.0446
 82.5   2.5 0.3460 0.0362
 82.5   7.5 0.3478 0.0302
 82.5  12.5 0.3363 0.0268
 82.5  17.5    NaN    NaN
 82.5  22.5    NaN    NaN
 82.5  27.5    NaN    NaN
 82.5  32.5    NaN    NaN
 82.5  37.5    NaN    NaN
 82.5  42.5    NaN    NaN
 82.5  47.5    NaN    NaN
 82.5  52.5    NaN    NaN
 82.5  57.5    NaN    NaN
 82.5  62.5    NaN    NaN
 82.5  67.5    NaN    NaN
 82.5  72.5    NaN    NaN
 82.5  77.5    NaN    NaN
 82.5  82.5    NaN    NaN
 82.5  87.5    NaN    NaN
 87.5 -87.5    NaN    NaN
 87.5 -82.5 0.3967 0.0331
 87.5 -77.5 0.4042 0.0658
 87.5 -72.5 0.4137 0.0793
 87.5 -67.5 0.4115 0.0836
 87.5 -62.5 0.4152 0.0875
 87.5 -57.5 0.4296 0.0885
 87.5 -52.5 0.4250 0.0854
 87.5 -47.5 0.4038 0.0828
 87.5 -42.5 0.3756 0.0703
 87.5 -37.5 0.3546 0.0591
 87.5 -32.5 0.3408 0.0565
 87.5 -27.5 0.3308 0.0562
 87.5 -22.5 0.3198 0.0595
 87.5 -17.5 0.3146 0.0628
 87.5 -12.5 0.3145 0.0532
 87.5  -7.5 0.3144 0.0480
 87.5  -2.5 0.3301 0.0476
 87.5   2.5 0.3470 0.0384
 87.5   7.5 0.3473 0.0324
 87.5  12.5 0.3351 0.0278
 87.5  17.5    NaN    NaN
 87.5  22.5    NaN    NaN
 87.5  27.5    NaN    NaN
 87.5  32.5    NaN    NaN
 87.5  37.5    NaN    NaN
 87.5  42.5    NaN    NaN
 87.5  47.5    NaN    NaN
 87.5  52.5    NaN    NaN
 87.5  57.5    NaN    NaN
 87.5  62.5    NaN    NaN
 87.5  67.5    NaN    NaN
 87.5  72.5    NaN    NaN
 87.5  77.5    NaN    NaN
 87.5  82.5    NaN    NaN
 87.5  87.5    NaN    NaN
 92.5 -87.5    NaN    NaN
 92.5 -82.5 0.3968 0.0365
 92.5 -77.5 0.4007 0.0629
 92.5 -72.5 0.4154 0.0783
 92.5 -67.5 0.4101 0.0833
 92.5 -62.5 0.4164 0.0874
 92.5 -57.5 0.4284 0.0903
 92.5 -52.5 0.4247 0.0886
 92.5 -47.5 0.4043 0.0835
 92.5 -42.5 0.3766 0.0725
 92.5 -37.5 0.3549 0.0610
 92.5 -32.5 0.3402 0.0572
 92.5 -27.5 0.3301 0.0576
 92.5 -22.5 0.3183 0.0604
 92.5 -17.5 0.3194 0.0606
 92.5 -12.5 0.3180 0.0550
 92.5  -7.5 0.3147 0.0518
 92.5  -2.5 0.3297 0.0495
 92.5   2.5 0.3405 0.0437
 92.5   7.5 0.3408 0.0388
 92.5  12.5 0.3330 0.0319
 92.5  17.5    NaN    NaN
 92.5  22.5    NaN    NaN
 92.5  27.5    NaN    NaN
 92.5  32.5    NaN    NaN
 92.5  37.5    NaN    NaN
 92.5  42.5    NaN    NaN
 92.5  47.5    NaN    NaN
 92.5  52.5    NaN    NaN
 92.5  57.5    NaN    NaN
 92.5  62.5    NaN    NaN
 92.5  67.5    NaN    NaN
 92.5  72.5    NaN    NaN
 92.5  77.5    NaN    NaN
 92.5  82.5    NaN    NaN
 92.5  87.5    NaN    NaN
 97.5 -87.5    NaN    NaN
 97.5 -82.5 0.3910 0.0428
 97.5 -77.5 0.4016 0.0642
 97.5 -72.5 0.4148 0.0780
 97.5 -67.5 0.4090 0.0841
 97.5 -62.5 0.4166 0.0883
 97.5 -57.5 0.4290 0.0911
 97.5 -52.5 0.4248 0.0923
 97.5 -47.5 0.4032 0.0859
 97.5 -42.5 0.3775 0.0739
 97.5 -37.5 0.3553 0.0632
 97.5 -32.5 0.3399 0.0578
 97.5 -27.5 0.3293 0.0579
 97.5 -22.5 0.3172 0.0611
 97.5 -17.5 0.3182 0.0605
 97.5 -12.5 0.3145 0.0567
 97.5  -7.5 0.3136 0.0497
 97.5  -2.5 0.3254 0.0496
 97.5   2.5 0.3289 0.0456
 97.5   7.5 0.3272 0.0448
 97.5  12.5 0.3319 0.0330
 97.5  17.5    NaN    NaN
 97.5  22.5    NaN    NaN
 97.5  27.5    NaN    NaN
 97.5  32.5    NaN    NaN
 97.5  37.5    NaN    NaN
 97.5  42.5    NaN    NaN
 97.5  47.5    NaN    NaN
 97.5  52.5    NaN    NaN
 97.5  57.5    NaN    NaN
 97.5  62.5    NaN    NaN
 97.5  67.5    NaN    NaN
 97.5  72.5    NaN    NaN
 97.5  77.5    NaN    NaN
 97.5  82.5    NaN    NaN
 97.5  87.5    NaN    NaN
102.5 -87.5    NaN    NaN
102.5 -82.5 0.3919 0.0450
102.5 -77.5 0.3971 0.0596
102.5 -72.5 0.4129 0.0786
102.5 -67.5 0.4070 0.0848
102.5 -62.5 0.4172 0.0875
102.5 -57.5 0.4282 0.0919
102.5 -52.5 0.4251 0.0936
102.5 -47.5 0.4024 0.0861
102.5 -42.5 0.3773 0.0749
102.5 -37.5 0.3563 0.0647
102.5 -32.5 0.3409 0.0584
102.5 -27.5 0.3303 0.0579
102.5 -22.5 0.3195 0.0613
102.5 -17.5 0.3205 0.0606
102.5 -12.5 0.3136 0.0578
102.5  -7.5 0.3157 0.0485
102.5  -2.5 0.3172 0.0481
102.5   2.5 0.3164 0.0429
102.5   7.5 0.3244 0.0441
102.5  12.5 0.3588    NaN
102.5  17.5    NaN    NaN
102.5  22.5    NaN    NaN
102.5  27.5    NaN    NaN
102.5  32.5    NaN    NaN
102.5  37.5    NaN    NaN
102.5  42.5    NaN    NaN
102.5  47.5    NaN    NaN
102.5  52.5    NaN    NaN
102.5  57.5    NaN    NaN
102.5  62.5    NaN    NaN
102.5  67.5    NaN    NaN
102.5  72.5    NaN    NaN
102.5  77.5    NaN    NaN
102.5  82.5    NaN    NaN
102.5  87.5    NaN    NaN
107.5 -87.5    NaN    NaN
107.5 -82.5 0.3949 0.0441
107.5 -77.5 0.4016 0.0636
107.5 -72.5 0.4096 0.0794
107.5 -67.5 0.4076 0.0845
107.5 -62.5 0.4158 0.0881
107.5 -57.5 0.4280 0.0914
107.5 -52.5 0.4241 0.0929
107.5 -47.5 0.4045 0.0854
107.5 -42.5 0.3775 0.0741
107.5 -37.5 0.3564 0.0661
107.5 -32.5 0.3409 0.0600
107.5 -27.5 0.3302 0.0584
107.5 -22.5 0.3215 0.0606
107.5 -17.5 0.3182 0.0617
107.5 -12.5 0.3120 0.0583
107.5  -7.5 0.3134 0.0478
107.5  -2.5 0.3143 0.0372
107.5   2.5 0.3167 0.0399
107.5   7.5 0.3214 0.0347
107.5  12.5 0.3303 0.0151
107.5  17.5    NaN    NaN
107.5  22.5    NaN    NaN
107.5  27.5    NaN    NaN
107.5  32.5    NaN    NaN
107.5  37.5    NaN    NaN
107.5  42.5    NaN    NaN
107.5  47.5    NaN    NaN
107.5  52.5    NaN    NaN
107.5  57.5    NaN    NaN
107.5  62.5    NaN    NaN
107.5  67.5    NaN    NaN
107.5  72.5    NaN    NaN
107.5  77.5    NaN    NaN
107.5  82.5    NaN    NaN
107.5  87.5    NaN    NaN
112.5 -87.5    NaN    NaN
112.5 -82.5 0.3902 0.0446
112.5 -77.5 0.3997 0.0633
112.5 -72.5 0.4091 0.0786
112.5 -67.5 0.4057 0.0856
112.5 -62.5 0.4169 0.0869
112.5 -57.5 0.4270 0.0919
112.5 -52.5 0.4222 0.0933
112.5 -47.5 0.3995 0.0871
112.5 -42.5 0.3766 0.0740
112.5 -37.5 0.3555 0.0646
112.5 -32.5 0.3416 0.0598
112.5 -27.5 0.3313 0.0575
112.5 -22.5 0.3234 0.0586
112.5 -17.5 0.3205 0.0611
112.5 -12.5 0.3172 0.0563
112.5  -7.5 0.3172 0.0498
112.5  -2.5 0.3136 0.0394
112.5   2.5 0.3219 0.0432
112.5   7.5 0.3442 0.0198
112.5  12.5 0.3330 0.0006
112.5  17.5    NaN    NaN
112.5  22.5    NaN    NaN
112.5  27.5    NaN    NaN
112.5  32.5    NaN    NaN
112.5  37.5    NaN    NaN
112.5  42.5    NaN    NaN
112.5  47.5    NaN    NaN
112.5  52.5    NaN    NaN
112.5  57.5    NaN    NaN
112.5  62.5    NaN    NaN
112.5  67.5    NaN    NaN
112.5  72.5    NaN    NaN
112.5  77.5    NaN    NaN
112.5  82.5    NaN    NaN
112.5  87.5    NaN    NaN
117.5 -87.5    NaN    NaN
117.5 -82.5 0.3919 0.0444
117.5 -77.5 0.3965 0.0593
117.5 -72.5 0.4089 0.0772
117.5 -67.5 0.4064 0.0851
117.5 -62.5 0.4138 0.0869
117.5 -57.5 0.4244 0.0924
117.5 -52.5 0.4173 0.0928
117.5 -47.5 0.3975 0.0861
117.5 -42.5 0.3750 0.0742
117.5 -37.5 0.3564 0.0646
117.5 -32.5 0.3424 0.0595
117.5 -27.5 0.3348 0.0569
117.5 -22.5 0.3267 0.0587
117.5 -17.5 0.3243 0.0614
117.5 -12.5 0.3230 0.0581
117.5  -7.5 0.3294 0.0492
117.5  -2.5 0.3217 0.0397
117.5   2.5 0.3407 0.0402
117.5   7.5 0.3540 0.0160
117.5  12.5 0.3508 0.0115
117.5  17.5 0.3447 0.0055
117.5  22.5    NaN    NaN
117.5  27.5    NaN    NaN
117.5  32.5    NaN    NaN
117.5  37.5    NaN    NaN
117.5  42.5    NaN    NaN
117.5  47.5    NaN    NaN
117.5  52.5    NaN    NaN
117.5  57.5    NaN    NaN
117.5  62.5    NaN    NaN
117.5  67.5    NaN    NaN
117.5  72.5    NaN    NaN
117.5  77.5    NaN    NaN
117.5  82.5    NaN    NaN
117.5  87.5    NaN    NaN
122.5 -87.5    NaN    NaN
122.5 -82.5 0.3873 0.0458
122.5 -77.5 0.3961 0.0609
122.5 -72.5 0.4077 0.0759
122.5 -67.5 0.4045 0.0845
122.5 -62.5 0.4148 0.0851
122.5 -57.5 0.4273 0.0900
122.5 -52.5 0.4159 0.0921
122.5 -47.5 0.3962 0.0857
122.5 -42.5 0.3746 0.0735
122.5 -37.5 0.3575 0.0641
122.5 -32.5 0.3447 0.0586
122.5 -27.5 0.3372 0.0589
122.5 -22.5 0.3304 0.0606
122.5 -17.5 0.3281 0.0640
122.5 -12.5 0.3277 0.0641
122.5  -7.5 0.3374 0.0528
122.5  -2.5 0.3255 0.0493
122.5   2.5 0.3552 0.0530
122.5   7.5 0.3613 0.0299
122.5  12.5 0.3637 0.0259
122.5  17.5 0.3653 0.0156
122.5  22.5    NaN    NaN
122.5  27.5    NaN    NaN
122.5  32.5    NaN    NaN
122.5  37.5    NaN    NaN
122.5  42.5    NaN    NaN
122.5  47.5    NaN    NaN
122.5  52.5    NaN    NaN
122.5  57.5    NaN    NaN
122.5  62.5    NaN    NaN
122.5  67.5    NaN    NaN
122.5  72.5    NaN    NaN
122.5  77.5    NaN    NaN
122.5  82.5    NaN    NaN
122.5  87.5    NaN    NaN
127.5 -87.5    NaN    NaN
127.5 -82.5 0.3939 0.0447
127.5 -77.5 0.3945 0.0611
127.5 -72.5 0.4040 0.0765
127.5 -67.5 0.4087 0.0848
127.5 -62.5 0.4176 0.0841
127.5 -57.5 0.4286 0.0898
127.5 -52.5 0.4183 0.0922
127.5 -47.5 0.3979 0.0858
127.5 -42.5 0.3767 0.0738
127.5 -37.5 0.3597 0.0647
127.5 -32.5 0.3480 0.0596
127.5 -27.5 0.3395 0.0594
127.5 -22.5 0.3337 0.0623
127.5 -17.5 0.3298 0.0666
127.5 -12.5 0.3313 0.0668
127.5  -7.5 0.3454 0.0580
127.5  -2.5 0.3305 0.0550
127.5   2.5 0.3602 0.0449
127.5   7.5 0.3687 0.0385
127.5  12.5 0.3676 0.0332
127.5  17.5 0.3568 0.0206
127.5  22.5    NaN    NaN
127.5  27.5    NaN    NaN
127.5  32.5    NaN    NaN
127.5  37.5    NaN    NaN
127.5  42.5    NaN    NaN
127.5  47.5    NaN    NaN
127.5  52.5    NaN    NaN
127.5  57.5    NaN    NaN
127.5  62.5    NaN    NaN
127.5  67.5    NaN    NaN
127.5  72.5    NaN    NaN
127.5  77.5    NaN    NaN
127.5  82.5    NaN    NaN
127.5  87.5    NaN    NaN
132.5 -87.5    NaN    NaN
132.5 -82.5 0.3979 0.0423
132.5 -77.5 0.3946 0.0619
132.5 -72.5 0.4075 0.0772
132.5 -67.5 0.4117 0.0871
132.5 -62.5 0.4193 0.0866
132.5 -57.5 0.4322 0.0914
132.5 -52.5 0.4219 0.0926
132.5 -47.5 0.4012 0.0861
132.5 -42.5 0.3783 0.0742
132.5 -37.5 0.3627 0.0654
132.5 -32.5 0.3514 0.0614
132.5 -27.5 0.3431 0.0606
132.5 -22.5 0.3372 0.0641
132.5 -17.5 0.3318 0.0687
132.5 -12.5 0.3336 0.0693
132.5  -7.5 0.3509 0.0609
132.5  -2.5 0.3383 0.0546
132.5   2.5 0.3548 0.0588
132.5   7.5 0.3679 0.0484
132.5  12.5 0.3697 0.0390
132.5  17.5 0.3629 0.0292
132.5  22.5    NaN    NaN
132.5  27.5    NaN    NaN
132.5  32.5    NaN    NaN
132.5  37.5    NaN    NaN
132.5  42.5    NaN    NaN
132.5  47.5    NaN    NaN
132.5  52.5    NaN    NaN
132.5  57.5    NaN    NaN
132.5  62.5    NaN    NaN
132.5  67.5    NaN    NaN
132.5  72.5    NaN    NaN
132.5  77.5    NaN    NaN
132.5  82.5    NaN    NaN
132.5  87.5    NaN    NaN
137.5 -87.5    NaN    NaN
137.5 -82.5 0.3986 0.0453
137.5 -77.5 0.3905 0.0622
137.5 -72.5 0.4120 0.0818
137.5 -67.5 0.4157 0.0894
137.5 -62.5 0.4232 0.0895
137.5 -57.5 0.4359 0.0934
137.5 -52.5 0.4263 0.0936
137.5 -47.5 0.4058 0.0867
137.5 -42.5 0.3742 0.0801
137.5 -37.5 0.3586 0.0698
137.5 -32.5 0.3487 0.0641
137.5 -27.5 0.3408 0.0630
137.5 -22.5 0.3336 0.0658
137.5 -17.5 0.3256 0.0700
137.5 -12.5 0.3259 0.0685
137.5  -7.5 0.3276 0.0613
137.5  -2.5 0.3078 0.0452
137.5   2.5 0.3141 0.0485
137.5   7.5 0.3232 0.0475
137.5  12.5 0.3525 0.0514
137.5  17.5 0.3549 0.0429
137.5  22.5    NaN    NaN
137.5  27.5    NaN    NaN
137.5  32.5    NaN    NaN
137.5  37.5    NaN    NaN
137.5  42.5    NaN    NaN
137.5  47.5    NaN    NaN
137.5  52.5    NaN    NaN
137.5  57.5    NaN    NaN
137.5  62.5    NaN    NaN
137.5  67.5    NaN    NaN
137.5  72.5    NaN    NaN
137.5  77.5    NaN    NaN
137.5  82.5    NaN    NaN
137.5  87.5    NaN    NaN
142.5 -87.5    NaN    NaN
142.5 -82.5 0.4007 0.0420
142.5 -77.5 0.3912 0.0664
142.5 -72.5 0.4174 0.0849
142.5 -67.5 0.4195 0.0939
142.5 -62.5 0.4276 0.0939
142.5 -57.5 0.4318 0.1014
142.5 -52.5 0.4222 0.1009
142.5 -47.5 0.3961 0.0925
142.5 -42.5 0.3747 0.0788
142.5 -37.5 0.3538 0.0687
142.5 -32.5 0.3449 0.0622
142.5 -27.5 0.3387 0.0609
142.5 -22.5 0.3360 0.0612
142.5 -17.5 0.3291 0.0654
142.5 -12.5 0.3329 0.0606
142.5  -7.5 0.3327 0.0498
142.5  -2.5 0.3299 0.0350
142.5   2.5 0.3346 0.0346
142.5   7.5 0.3357 0.0316
142.5  12.5 0.3411 0.0318
142.5  17.5 0.3538 0.0461
142.5  22.5    NaN    NaN
142.5  27.5    NaN    NaN
142.5  32.5    NaN    NaN
142.5  37.5    NaN    NaN
142.5  42.5    NaN    NaN
142.5  47.5    NaN    NaN
142.5  52.5    NaN    NaN
142.5  57.5    NaN    NaN
142.5  62.5    NaN    NaN
142.5  67.5    NaN    NaN
142.5  72.5    NaN    NaN
142.5  77.5    NaN    NaN
142.5  82.5    NaN    NaN
142.5  87.5    NaN    NaN
147.5 -87.5    NaN    NaN
147.5 -82.5 0.4021 0.0372
147.5 -77.5 0.3902 0.0639
147.5 -72.5 0.4237 0.0880
147.5 -67.5 0.4238 0.0983
147.5 -62.5 0.4273 0.0977
147.5 -57.5 0.4313 0.1018
147.5 -52.5 0.4141 0.1022
147.5 -47.5 0.3923 0.0938
147.5 -42.5 0.3723 0.0789
147.5 -37.5 0.3581 0.0662
147.5 -32.5 0.3472 0.0607
147.5 -27.5 0.3412 0.0602
147.5 -22.5 0.3377 0.0593
147.5 -17.5 0.3321 0.0621
147.5 -12.5 0.3363 0.0571
147.5  -7.5 0.3382 0.0478
147.5  -2.5 0.3378 0.0440
147.5   2.5 0.3402 0.0380
147.5   7.5 0.3411 0.0333
147.5  12.5 0.3455 0.0305
147.5  17.5 0.3341 0.0514
147.5  22.5    NaN    NaN
147.5  27.5    NaN    NaN
147.5  32.5    NaN    NaN
147.5  37.5    NaN    NaN
147.5  42.5    NaN    NaN
147.5  47.5    NaN    NaN
147.5  52.5    NaN    NaN
147.5  57.5    NaN    NaN
147.5  62.5    NaN    NaN
147.5  67.5    NaN    NaN
147.5  72.5    NaN    NaN
147.5  77.5    NaN    NaN
147.5  82.5    NaN    NaN
147.5  87.5    NaN    NaN
152.5 -87.5    NaN    NaN
152.5 -82.5 0.4005 0.0430
152.5 -77.5 0.3915 0.0667
152.5 -72.5 0.4275 0.0920
152.5 -67.5 0.4255 0.0987
152.5 -62.5 0.4325 0.0977
152.5 -57.5 0.4309 0.1017
152.5 -52.5 0.4126 0.1019
152.5 -47.5 0.3960 0.0924
152.5 -42.5 0.3756 0.0788
152.5 -37.5 0.3604 0.0664
152.5 -32.5 0.3522 0.0602
152.5 -27.5 0.3471 0.0602
152.5 -22.5 0.3437 0.0602
152.5 -17.5 0.3407 0.0610
152.5 -12.5 0.3421 0.0568
152.5  -7.5 0.3476 0.0457
152.5  -2.5 0.3514 0.0400
152.5   2.5 0.3522 0.0371
152.5   7.5 0.3503 0.0323
152.5  12.5 0.3577 0.0226
152.5  17.5 0.3725 0.0043
152.5  22.5    NaN    NaN
152.5  27.5    NaN    NaN
152.5  32.5    NaN    NaN
152.5  37.5    NaN    NaN
152.5  42.5    NaN    NaN
152.5  47.5    NaN    NaN
152.5  52.5    NaN    NaN
152.5  57.5    NaN    NaN
152.5  62.5    NaN    NaN
152.5  67.5    NaN    NaN
152.5  72.5    NaN    NaN
152.5  77.5    NaN    NaN
152.5  82.5    NaN    NaN
152.5  87.5    NaN    NaN
157.5 -87.5    NaN    NaN
157.5 -82.5 0.4032 0.0392
157.5 -77.5 0.4021 0.0721
157.5 -72.5 0.4290 0.0952
157.5 -67.5 0.4330 0.0999
157.5 -62.5 0.4383 0.0996
157.5 -57.5 0.4351 0.1023
157.5 -52.5 0.4202 0.1007
157.5 -47.5 0.4027 0.0909
157.5 -42.5 0.3837 0.0786
157.5 -37.5 0.3669 0.0653
157.5 -32.5 0.3583 0.0605
157.5 -27.5 0.3509 0.0621
157.5 -22.5 0.3470 0.0622
157.5 -17.5 0.3471 0.0614
157.5 -12.5 0.3486 0.0586
157.5  -7.5 0.3530 0.0492
157.5  -2.5 0.3591 0.0403
157.5   2.5 0.3590 0.0390
157.5   7.5 0.3546 0.0347
157.5  12.5 0.3658 0.0243
157.5  17.5 0.3961 0.0038
157.5  22.5 0.3820 0.0017
157.5  27.5    NaN    NaN
157.5  32.5    NaN    NaN
157.5  37.5    NaN    NaN
157.5  42.5    NaN    NaN
157.5  47.5    NaN    NaN
157.5  52.5    NaN    NaN
157.5  57.5    NaN    NaN
157.5  62.5    NaN    NaN
157.5  67.5    NaN    NaN
157.5  72.5    NaN    NaN
157.5  77.5    NaN    NaN
157.5  82.5    NaN    NaN
157.5  87.5    NaN    NaN
162.5 -87.5    NaN    NaN
162.5 -82.5 0.4041 0.0367
162.5 -77.5 0.4088 0.0746
162.5 -72.5 0.4398 0.0943
162.5 -67.5 0.4402 0.1023
162.5 -62.5 0.4478 0.1044
162.5 -57.5 0.4438 0.1050
162.5 -52.5 0.4268 0.1020
162.5 -47.5 0.4098 0.0914
162.5 -42.5 0.3898 0.0795
162.5 -37.5 0.3717 0.0652
162.5 -32.5 0.3629 0.0608
162.5 -27.5 0.3567 0.0640
162.5 -22.5 0.3497 0.0652
162.5 -17.5 0.3489 0.0632
162.5 -12.5 0.3524 0.0580
162.5  -7.5 0.3546 0.0512
162.5  -2.5 0.3591 0.0391
162.5   2.5 0.3554 0.0407
162.5   7.5 0.3555 0.0366
162.5  12.5 0.3674 0.0338
162.5  17.5 0.4115 0.0047
162.5  22.5 0.3959 0.0004
162.5  27.5    NaN    NaN
162.5  32.5    NaN    NaN
162.5  37.5    NaN    NaN
162.5  42.5    NaN    NaN
162.5  47.5    NaN    NaN
162.5  52.5    NaN    NaN
162.5  57.5    NaN    NaN
162.5  62.5    NaN    NaN
162.5  67.5    NaN    NaN
162.5  72.5    NaN    NaN
162.5  77.5    NaN    NaN
162.5  82.5    NaN    NaN
162.5  87.5    NaN    NaN
167.5 -87.5    NaN    NaN
167.5 -82.5 0.4102 0.0393
167.5 -77.5 0.4194 0.0812
167.5 -72.5 0.4485 0.0951
167.5 -67.5 0.4505 0.1057
167.5 -62.5 0.4587 0.1104
167.5 -57.5 0.4534 0.1084
167.5 -52.5 0.4342 0.1027
167.5 -47.5 0.4161 0.0919
167.5 -42.5 0.3953 0.0791
167.5 -37.5 0.3754 0.0651
167.5 -32.5 0.3660 0.0614
167.5 -27.5 0.3604 0.0663
167.5 -22.5 0.3526 0.0680
167.5 -17.5 0.3482 0.0661
167.5 -12.5 0.3537 0.0572
167.5  -7.5 0.3542 0.0498
167.5  -2.5 0.3534 0.0426
167.5   2.5 0.3486 0.0385
167.5   7.5 0.3482 0.0382
167.5  12.5 0.3650 0.0424
167.5  17.5 0.3987 0.0327
167.5  22.5    NaN    NaN
167.5  27.5    NaN    NaN
167.5  32.5    NaN    NaN
167.5  37.5    NaN    NaN
167.5  42.5    NaN    NaN
167.5  47.5    NaN    NaN
167.5  52.5    NaN    NaN
167.5  57.5    NaN    NaN
167.5  62.5    NaN    NaN
167.5  67.5    NaN    NaN
167.5  72.5    NaN    NaN
167.5  77.5    NaN    NaN
167.5  82.5    NaN    NaN
167.5  87.5    NaN    NaN
172.5 -87.5    NaN    NaN
172.5 -82.5 0.4146 0.0420
172.5 -77.5 0.4272 0.0823
172.5 -72.5 0.4567 0.0973
172.5 -67.5 0.4583 0.1102
172.5 -62.5 0.4666 0.1156
172.5 -57.5 0.4606 0.1119
172.5 -52.5 0.4406 0.1039
172.5 -47.5 0.4215 0.0930
172.5 -42.5 0.3991 0.0797
172.5 -37.5 0.3782 0.0665
172.5 -32.5 0.3681 0.0623
172.5 -27.5 0.3627 0.0673
172.5 -22.5 0.3546 0.0707
172.5 -17.5 0.3469 0.0700
172.5 -12.5 0.3527 0.0572
172.5  -7.5 0.3503 0.0475
172.5  -2.5 0.3472 0.0415
172.5   2.5 0.3363 0.0379
172.5   7.5 0.3396 0.0431
172.5  12.5 0.3622 0.0514
172.5  17.5 0.3941 0.0399
172.5  22.5 0.3469 0.0139
172.5  27.5    NaN    NaN
172.5  32.5    NaN    NaN
172.5  37.5    NaN    NaN
172.5  42.5    NaN    NaN
172.5  47.5    NaN    NaN
172.5  52.5    NaN    NaN
172.5  57.5    NaN    NaN
172.5  62.5    NaN    NaN
172.5  67.5    NaN    NaN
172.5  72.5    NaN    NaN
172.5  77.5    NaN    NaN
172.5  82.5    NaN    NaN
172.5  87.5    NaN    NaN
177.5 -87.5    NaN    NaN
177.5 -82.5 0.4149 0.0446
177.5 -77.5 0.4398 0.0833
177.5 -72.5 0.4639 0.1009
177.5 -67.5 0.4635 0.1155
177.5 -62.5 0.4719 0.1205
177.5 -57.5 0.4685 0.1155
177.5 -52.5 0.4459 0.1063
177.5 -47.5 0.4255 0.0951
177.5 -42.5 0.4023 0.0804
177.5 -37.5 0.3810 0.0679
177.5 -32.5 0.3701 0.0641
177.5 -27.5 0.3633 0.0684
177.5 -22.5 0.3548 0.0732
177.5 -17.5 0.3444 0.0727
177.5 -12.5 0.3482 0.0579
177.5  -7.5 0.3441 0.0456
177.5  -2.5 0.3366 0.0406
177.5   2.5 0.3299 0.0414
177.5   7.5 0.3383 0.0467
177.5  12.5 0.3786 0.0445
177.5  17.5 0.3915 0.0277
177.5  22.5 0.3690 0.0078
177.5  27.5    NaN    NaN
177.5  32.5    NaN    NaN
177.5  37.5    NaN    NaN
177.5  42.5    NaN    NaN
177.5  47.5    NaN    NaN
177.5  52.5    NaN    NaN
177.5  57.5    NaN    NaN
177.5  62.5    NaN    NaN
177.5  67.5    NaN    NaN
177.5  72.5    NaN    NaN
177.5  77.5    NaN    NaN
177.5  82.5    NaN    NaN
177.5  87.5    NaN    NaN
182.5 -87.5    NaN    NaN
182.5 -82.5 0.4206 0.0461
182.5 -77.5 0.4516 0.0830
182.5 -72.5 0.4687 0.1059
182.5 -67.5 0.4710 0.1185
182.5 -62.5 0.4782 0.1246
182.5 -57.5 0.4736 0.1203
182.5 -52.5 0.4501 0.1090
182.5 -47.5 0.4288 0.0964
182.5 -42.5 0.4050 0.0810
182.5 -37.5 0.3828 0.0689
182.5 -32.5 0.3703 0.0650
182.5 -27.5 0.3625 0.0680
182.5 -22.5 0.3543 0.0736
182.5 -17.5 0.3417 0.0731
182.5 -12.5 0.3389 0.0591
182.5  -7.5 0.3357 0.0470
182.5  -2.5 0.3292 0.0409
182.5   2.5 0.3262 0.0473
182.5   7.5 0.3390 0.0481
182.5  12.5 0.3863 0.0399
182.5  17.5 0.3846 0.0243
182.5  22.5 0.3826 0.0257
182.5  27.5    NaN    NaN
182.5  32.5    NaN    NaN
182.5  37.5    NaN    NaN
182.5  42.5    NaN    NaN
182.5  47.5    NaN    NaN
182.5  52.5    NaN    NaN
182.5  57.5    NaN    NaN
182.5  62.5    NaN    NaN
182.5  67.5    NaN    NaN
182.5  72.5    NaN    NaN
182.5  77.5    NaN    NaN
182.5  82.5    NaN    NaN
182.5  87.5    NaN    NaN
187.5 -87.5    NaN    NaN
187.5 -82.5 0.4244 0.0477
187.5 -77.5 0.4625 0.0844
187.5 -72.5 0.4737 0.1091
187.5 -67.5 0.4750 0.1232
187.5 -62.5 0.4838 0.1286
187.5 -57.5 0.4807 0.1234
187.5 -52.5 0.4556 0.1107
187.5 -47.5 0.4311 0.0975
187.5 -42.5 0.4069 0.0819
187.5 -37.5 0.3850 0.0697
187.5 -32.5 0.3708 0.0651
187.5 -27.5 0.3621 0.0671
187.5 -22.5 0.3522 0.0716
187.5 -17.5 0.3396 0.0731
187.5 -12.5 0.3309 0.0612
187.5  -7.5 0.3307 0.0487
187.5  -2.5 0.3259 0.0422
187.5   2.5 0.3231 0.0471
187.5   7.5 0.3411 0.0529
187.5  12.5 0.3801 0.0370
187.5  17.5 0.3824 0.0444
187.5  22.5 0.3969    NaN
187.5  27.5    NaN    NaN
187.5  32.5    NaN    NaN
187.5  37.5    NaN    NaN
187.5  42.5    NaN    NaN
187.5  47.5    NaN    NaN
187.5  52.5    NaN    NaN
187.5  57.5    NaN    NaN
187.5  62.5    NaN    NaN
187.5  67.5    NaN    NaN
187.5  72.5    NaN    NaN
187.5  77.5    NaN    NaN
187.5  82.5    NaN    NaN
187.5  87.5    NaN    NaN
192.5 -87.5    NaN    NaN
192.5 -82.5 0.4203 0.0484
192.5 -77.5 0.4659 0.0863
192.5 -72.5 0.4796 0.1130
192.5 -67.5 0.4814 0.1272
192.5 -62.5 0.4891 0.1327
192.5 -57.5 0.4847 0.1272
192.5 -52.5 0.4601 0.1131
192.5 -47.5 0.4339 0.0975
192.5 -42.5 0.4086 0.0819
192.5 -37.5 0.3872 0.0699
192.5 -32.5 0.3710 0.0656
192.5 -27.5 0.3608 0.0662
192.5 -22.5 0.3482 0.0686
192.5 -17.5 0.3332 0.0701
192.5 -12.5 0.3273 0.0617
192.5  -7.5 0.3286 0.0517
192.5  -2.5 0.3222 0.0423
192.5   2.5 0.3187 0.0481
192.5   7.5 0.3426 0.0486
192.5  12.5 0.3555 0.0386
192.5  17.5 0.3824 0.0326
192.5  22.5    NaN    NaN
192.5  27.5    NaN    NaN
192.5  32.5    NaN    NaN
192.5  37.5    NaN    NaN
192.5  42.5    NaN    NaN
192.5  47.5    NaN    NaN
192.5  52.5    NaN    NaN
192.5  57.5    NaN    NaN
192.5  62.5    NaN    NaN
192.5  67.5    NaN    NaN
192.5  72.5    NaN    NaN
192.5  77.5    NaN    NaN
192.5  82.5    NaN    NaN
192.5  87.5    NaN    NaN
197.5 -87.5    NaN    NaN
197.5 -82.5 0.4130 0.0402
197.5 -77.5 0.4670 0.0885
197.5 -72.5 0.4857 0.1156
197.5 -67.5 0.4867 0.1307
197.5 -62.5 0.4937 0.1368
197.5 -57.5 0.4892 0.1295
197.5 -52.5 0.4640 0.1160
197.5 -47.5 0.4349 0.0981
197.5 -42.5 0.4084 0.0812
197.5 -37.5 0.3865 0.0699
197.5 -32.5 0.3705 0.0660
197.5 -27.5 0.3580 0.0646
197.5 -22.5 0.3448 0.0654
197.5 -17.5 0.3260 0.0640
197.5 -12.5 0.3222 0.0596
197.5  -7.5 0.3209 0.0502
197.5  -2.5 0.3191 0.0458
197.5   2.5 0.3272 0.0498
197.5   7.5 0.3480 0.0546
197.5  12.5 0.3667 0.0308
197.5  17.5 0.3707 0.0142
197.5  22.5 0.3669 0.0015
197.5  27.5    NaN    NaN
197.5  32.5    NaN    NaN
197.5  37.5    NaN    NaN
197.5  42.5    NaN    NaN
197.5  47.5    NaN    NaN
197.5  52.5    NaN    NaN
197.5  57.5    NaN    NaN
197.5  62.5    NaN    NaN
197.5  67.5    NaN    NaN
197.5  72.5    NaN    NaN
197.5  77.5    NaN    NaN
197.5  82.5    NaN    NaN
197.5  87.5    NaN    NaN
202.5 -87.5    NaN    NaN
202.5 -82.5 0.4165 0.0414
202.5 -77.5 0.4692 0.0907
202.5 -72.5 0.4895 0.1188
202.5 -67.5 0.4915 0.1330
202.5 -62.5 0.4996 0.1400
202.5 -57.5 0.4934 0.1314
202.5 -52.5 0.4675 0.1170
202.5 -47.5 0.4365 0.0988
202.5 -42.5 0.4083 0.0803
202.5 -37.5 0.3874 0.0680
202.5 -32.5 0.3717 0.0658
202.5 -27.5 0.3580 0.0642
202.5 -22.5 0.3423 0.0640
202.5 -17.5 0.3219 0.0615
202.5 -12.5 0.3164 0.0596
202.5  -7.5 0.3127 0.0487
202.5  -2.5 0.3112 0.0530
202.5   2.5 0.3378 0.0581
202.5   7.5 0.3614 0.0566
202.5  12.5 0.3877 0.0320
202.5  17.5 0.3843 0.0204
202.5  22.5 0.3772 0.0130
202.5  27.5    NaN    NaN
202.5  32.5    NaN    NaN
202.5  37.5    NaN    NaN
202.5  42.5    NaN    NaN
202.5  47.5    NaN    NaN
202.5  52.5    NaN    NaN
202.5  57.5    NaN    NaN
202.5  62.5    NaN    NaN
202.5  67.5    NaN    NaN
202.5  72.5    NaN    NaN
202.5  77.5    NaN    NaN
202.5  82.5    NaN    NaN
202.5  87.5    NaN    NaN
207.5 -87.5    NaN    NaN
207.5 -82.5 0.4220 0.0432
207.5 -77.5 0.4688 0.0917
207.5 -72.5 0.4919 0.1204
207.5 -67.5 0.4935 0.1361
207.5 -62.5 0.5032 0.1420
207.5 -57.5 0.4978 0.1331
207.5 -52.5 0.4712 0.1190
207.5 -47.5 0.4381 0.0998
207.5 -42.5 0.4091 0.0790
207.5 -37.5 0.3877 0.0660
207.5 -32.5 0.3721 0.0648
207.5 -27.5 0.3583 0.0643
207.5 -22.5 0.3402 0.0628
207.5 -17.5 0.3191 0.0604
207.5 -12.5 0.3131 0.0610
207.5  -7.5 0.3079 0.0552
207.5  -2.5 0.3148 0.0661
207.5   2.5 0.3509 0.0728
207.5   7.5 0.3916 0.0582
207.5  12.5 0.4055 0.0386
207.5  17.5 0.3980 0.0228
207.5  22.5 0.3913 0.0129
207.5  27.5    NaN    NaN
207.5  32.5    NaN    NaN
207.5  37.5    NaN    NaN
207.5  42.5    NaN    NaN
207.5  47.5    NaN    NaN
207.5  52.5    NaN    NaN
207.5  57.5    NaN    NaN
207.5  62.5    NaN    NaN
207.5  67.5    NaN    NaN
207.5  72.5    NaN    NaN
207.5  77.5    NaN    NaN
207.5  82.5    NaN    NaN
207.5  87.5    NaN    NaN
212.5 -87.5    NaN    NaN
212.5 -82.5 0.4273 0.0467
212.5 -77.5 0.4707 0.0933
212.5 -72.5 0.4940 0.1213
212.5 -67.5 0.4969 0.1380
212.5 -62.5 0.5052 0.1464
212.5 -57.5 0.4997 0.1371
212.5 -52.5 0.4734 0.1220
212.5 -47.5 0.4396 0.1019
212.5 -42.5 0.4094 0.0782
212.5 -37.5 0.3872 0.0657
212.5 -32.5 0.3723 0.0636
212.5 -27.5 0.3571 0.0631
212.5 -22.5 0.3372 0.0604
212.5 -17.5 0.3147 0.0584
212.5 -12.5 0.3062 0.0609
212.5  -7.5 0.3050 0.0624
212.5  -2.5 0.3307 0.0733
212.5   2.5 0.3542 0.0735
212.5   7.5 0.3960 0.0636
212.5  12.5 0.4114 0.0355
212.5  17.5 0.4046 0.0116
212.5  22.5 0.3920 0.0155
212.5  27.5    NaN    NaN
212.5  32.5    NaN    NaN
212.5  37.5    NaN    NaN
212.5  42.5    NaN    NaN
212.5  47.5    NaN    NaN
212.5  52.5    NaN    NaN
212.5  57.5    NaN    NaN
212.5  62.5    NaN    NaN
212.5  67.5    NaN    NaN
212.5  72.5    NaN    NaN
212.5  77.5    NaN    NaN
212.5  82.5    NaN    NaN
212.5  87.5    NaN    NaN
217.5 -87.5    NaN    NaN
217.5 -82.5 0.4360 0.0484
217.5 -77.5 0.4707 0.0940
217.5 -72.5 0.4943 0.1207
217.5 -67.5 0.4990 0.1398
217.5 -62.5 0.5079 0.1497
217.5 -57.5 0.5017 0.1414
217.5 -52.5 0.4762 0.1248
217.5 -47.5 0.4412 0.1038
217.5 -42.5 0.4095 0.0786
217.5 -37.5 0.3868 0.0668
217.5 -32.5 0.3723 0.0635
217.5 -27.5 0.3551 0.0621
217.5 -22.5 0.3346 0.0598
217.5 -17.5 0.3092 0.0572
217.5 -12.5 0.2992 0.0590
217.5  -7.5 0.3011 0.0695
217.5  -2.5 0.3329 0.0817
217.5   2.5 0.3556 0.0772
217.5   7.5 0.3824 0.0749
217.5  12.5 0.4102 0.0358
217.5  17.5 0.3967 0.0153
217.5  22.5 0.3796 0.0160
217.5  27.5    NaN    NaN
217.5  32.5    NaN    NaN
217.5  37.5    NaN    NaN
217.5  42.5    NaN    NaN
217.5  47.5    NaN    NaN
217.5  52.5    NaN    NaN
217.5  57.5    NaN    NaN
217.5  62.5    NaN    NaN
217.5  67.5    NaN    NaN
217.5  72.5    NaN    NaN
217.5  77.5    NaN    NaN
217.5  82.5    NaN    NaN
217.5  87.5    NaN    NaN
222.5 -87.5    NaN    NaN
222.5 -82.5 0.4417 0.0524
222.5 -77.5 0.4711 0.0942
222.5 -72.5 0.4946 0.1201
222.5 -67.5 0.5027 0.1398
222.5 -62.5 0.5135 0.1511
222.5 -57.5 0.5067 0.1432
222.5 -52.5 0.4794 0.1273
222.5 -47.5 0.4428 0.1056
222.5 -42.5 0.4104 0.0812
222.5 -37.5 0.3869 0.0673
222.5 -32.5 0.3723 0.0638
222.5 -27.5 0.3543 0.0610
222.5 -22.5 0.3327 0.0591
222.5 -17.5 0.3053 0.0562
222.5 -12.5 0.2926 0.0620
222.5  -7.5 0.3075 0.0784
222.5  -2.5 0.3275 0.0856
222.5   2.5 0.3570 0.0818
222.5   7.5 0.3743 0.0710
222.5  12.5 0.4091 0.0216
222.5  17.5 0.3797 0.0177
222.5  22.5 0.3619 0.0047
222.5  27.5    NaN    NaN
222.5  32.5    NaN    NaN
222.5  37.5    NaN    NaN
222.5  42.5    NaN    NaN
222.5  47.5    NaN    NaN
222.5  52.5    NaN    NaN
222.5  57.5    NaN    NaN
222.5  62.5    NaN    NaN
222.5  67.5    NaN    NaN
222.5  72.5    NaN    NaN
222.5  77.5    NaN    NaN
222.5  82.5    NaN    NaN
222.5  87.5    NaN    NaN
227.5 -87.5    NaN    NaN
227.5 -82.5 0.4498 0.0540
227.5 -77.5 0.4696 0.0955
227.5 -72.5 0.4937 0.1194
227.5 -67.5 0.5051 0.1392
227.5 -62.5 0.5146 0.1531
227.5 -57.5 0.5109 0.1450
227.5 -52.5 0.4838 0.1274
227.5 -47.5 0.4466 0.1053
227.5 -42.5 0.4134 0.0827
227.5 -37.5 0.3875 0.0671
227.5 -32.5 0.3724 0.0635
227.5 -27.5 0.3550 0.0595
227.5 -22.5 0.3322 0.0576
227.5 -17.5 0.3027 0.0543
227.5 -12.5 0.2893 0.0668
227.5  -7.5 0.3042 0.0828
227.5  -2.5 0.3226 0.0866
227.5   2.5 0.3462 0.0769
227.5   7.5 0.3581 0.0617
227.5  12.5 0.3820 0.0304
227.5  17.5 0.3645 0.0258
227.5  22.5 0.3543 0.0053
227.5  27.5    NaN    NaN
227.5  32.5    NaN    NaN
227.5  37.5    NaN    NaN
227.5  42.5    NaN    NaN
227.5  47.5    NaN    NaN
227.5  52.5    NaN    NaN
227.5  57.5    NaN    NaN
227.5  62.5    NaN    NaN
227.5  67.5    NaN    NaN
227.5  72.5    NaN    NaN
227.5  77.5    NaN    NaN
227.5  82.5    NaN    NaN
227.5  87.5    NaN    NaN
232.5 -87.5    NaN    NaN
232.5 -82.5 0.4632 0.0538
232.5 -77.5 0.4698 0.0936
232.5 -72.5 0.4919 0.1186
232.5 -67.5 0.5041 0.1408
232.5 -62.5 0.5148 0.1530
232.5 -57.5 0.5126 0.1472
232.5 -52.5 0.4860 0.1290
232.5 -47.5 0.4481 0.1069
232.5 -42.5 0.4145 0.0852
232.5 -37.5 0.3877 0.0686
232.5 -32.5 0.3709 0.0629
232.5 -27.5 0.3540 0.0590
232.5 -22.5 0.3299 0.0554
232.5 -17.5 0.2993 0.0521
232.5 -12.5 0.2865 0.0694
232.5  -7.5 0.3012 0.0805
232.5  -2.5 0.3202 0.0799
232.5   2.5 0.3326 0.0701
232.5   7.5 0.3446 0.0526
232.5  12.5 0.3549 0.0441
232.5  17.5 0.3481 0.0276
232.5  22.5    NaN    NaN
232.5  27.5    NaN    NaN
232.5  32.5    NaN    NaN
232.5  37.5    NaN    NaN
232.5  42.5    NaN    NaN
232.5  47.5    NaN    NaN
232.5  52.5    NaN    NaN
232.5  57.5    NaN    NaN
232.5  62.5    NaN    NaN
232.5  67.5    NaN    NaN
232.5  72.5    NaN    NaN
232.5  77.5    NaN    NaN
232.5  82.5    NaN    NaN
232.5  87.5    NaN    NaN
237.5 -87.5    NaN    NaN
237.5 -82.5 0.4692 0.0538
237.5 -77.5 0.4724 0.0928
237.5 -72.5 0.4887 0.1175
237.5 -67.5 0.5028 0.1399
237.5 -62.5 0.5146 0.1524
237.5 -57.5 0.5138 0.1474
237.5 -52.5 0.4890 0.1285
237.5 -47.5 0.4507 0.1078
237.5 -42.5 0.4160 0.0855
237.5 -37.5 0.3889 0.0702
237.5 -32.5 0.3703 0.0617
237.5 -27.5 0.3522 0.0589
237.5 -22.5 0.3274 0.0526
237.5 -17.5 0.2960 0.0563
237.5 -12.5 0.2867 0.0700
237.5  -7.5 0.3016 0.0763
237.5  -2.5 0.3175 0.0751
237.5   2.5 0.3237 0.0622
237.5   7.5 0.3345 0.0497
237.5  12.5 0.3324 0.0425
237.5  17.5 0.3288 0.0393
237.5  22.5    NaN    NaN
237.5  27.5    NaN    NaN
237.5  32.5    NaN    NaN
237.5  37.5    NaN    NaN
237.5  42.5    NaN    NaN
237.5  47.5    NaN    NaN
237.5  52.5    NaN    NaN
237.5  57.5    NaN    NaN
237.5  62.5    NaN    NaN
237.5  67.5    NaN    NaN
237.5  72.5    NaN    NaN
237.5  77.5    NaN    NaN
237.5  82.5    NaN    NaN
237.5  87.5    NaN    NaN
242.5 -87.5    NaN    NaN
242.5 -82.5 0.4681 0.0571
242.5 -77.5 0.4723 0.0922
242.5 -72.5 0.4859 0.1157
242.5 -67.5 0.4990 0.1386
242.5 -62.5 0.5124 0.1509
242.5 -57.5 0.5124 0.1473
242.5 -52.5 0.4899 0.1291
242.5 -47.5 0.4516 0.1095
242.5 -42.5 0.4162 0.0864
242.5 -37.5 0.3887 0.0718
242.5 -32.5 0.3695 0.0618
242.5 -27.5 0.3499 0.0581
242.5 -22.5 0.3218 0.0508
242.5 -17.5 0.2934 0.0594
242.5 -12.5 0.2863 0.0694
242.5  -7.5 0.3003 0.0728
242.5  -2.5 0.3148 0.0680
242.5   2.5 0.3193 0.0539
242.5   7.5 0.3181 0.0462
242.5  12.5 0.3138 0.0355
242.5  17.5 0.2937 0.0013
242.5  22.5    NaN    NaN
242.5  27.5    NaN    NaN
242.5  32.5    NaN    NaN
242.5  37.5    NaN    NaN
242.5  42.5    NaN    NaN
242.5  47.5    NaN    NaN
242.5  52.5    NaN    NaN
242.5  57.5    NaN    NaN
242.5  62.5    NaN    NaN
242.5  67.5    NaN    NaN
242.5  72.5    NaN    NaN
242.5  77.5    NaN    NaN
242.5  82.5    NaN    NaN
242.5  87.5    NaN    NaN
247.5 -87.5    NaN    NaN
247.5 -82.5 0.4736 0.0572
247.5 -77.5 0.4715 0.0909
247.5 -72.5 0.4840 0.1142
247.5 -67.5 0.4953 0.1366
247.5 -62.5 0.5086 0.1492
247.5 -57.5 0.5086 0.1470
247.5 -52.5 0.4881 0.1291
247.5 -47.5 0.4512 0.1110
247.5 -42.5 0.4164 0.0880
247.5 -37.5 0.3875 0.0734
247.5 -32.5 0.3682 0.0648
247.5 -27.5 0.3468 0.0583
247.5 -22.5 0.3167 0.0525
247.5 -17.5 0.2931 0.0584
247.5 -12.5 0.2856 0.0672
247.5  -7.5 0.2991 0.0730
247.5  -2.5 0.3118 0.0621
247.5   2.5 0.3141 0.0479
247.5   7.5 0.3037 0.0320
247.5  12.5 0.2964 0.0280
247.5  17.5    NaN    NaN
247.5  22.5    NaN    NaN
247.5  27.5    NaN    NaN
247.5  32.5    NaN    NaN
247.5  37.5    NaN    NaN
247.5  42.5    NaN    NaN
247.5  47.5    NaN    NaN
247.5  52.5    NaN    NaN
247.5  57.5    NaN    NaN
247.5  62.5    NaN    NaN
247.5  67.5    NaN    NaN
247.5  72.5    NaN    NaN
247.5  77.5    NaN    NaN
247.5  82.5    NaN    NaN
247.5  87.5    NaN    NaN
252.5 -87.5    NaN    NaN
252.5 -82.5 0.4720 0.0633
252.5 -77.5 0.4706 0.0893
252.5 -72.5 0.4826 0.1133
252.5 -67.5 0.4927 0.1333
252.5 -62.5 0.5057 0.1469
252.5 -57.5 0.5061 0.1449
252.5 -52.5 0.4843 0.1284
252.5 -47.5 0.4477 0.1118
252.5 -42.5 0.4141 0.0909
252.5 -37.5 0.3858 0.0746
252.5 -32.5 0.3663 0.0668
252.5 -27.5 0.3444 0.0589
252.5 -22.5 0.3123 0.0553
252.5 -17.5 0.2926 0.0564
252.5 -12.5 0.2833 0.0643
252.5  -7.5 0.2961 0.0670
252.5  -2.5 0.3068 0.0549
252.5   2.5 0.3040 0.0366
252.5   7.5 0.2955 0.0237
252.5  12.5 0.2806 0.0157
252.5  17.5    NaN    NaN
252.5  22.5    NaN    NaN
252.5  27.5    NaN    NaN
252.5  32.5    NaN    NaN
252.5  37.5    NaN    NaN
252.5  42.5    NaN    NaN
252.5  47.5    NaN    NaN
252.5  52.5    NaN    NaN
252.5  57.5    NaN    NaN
252.5  62.5    NaN    NaN
252.5  67.5    NaN    NaN
252.5  72.5    NaN    NaN
252.5  77.5    NaN    NaN
252.5  82.5    NaN    NaN
252.5  87.5    NaN    NaN
257.5 -87.5    NaN    NaN
257.5 -82.5 0.4819 0.0582
257.5 -77.5 0.4669 0.0899
257.5 -72.5 0.4782 0.1131
257.5 -67.5 0.4886 0.1318
257.5 -62.5 0.5023 0.1427
257.5 -57.5 0.5030 0.1423
257.5 -52.5 0.4819 0.1265
257.5 -47.5 0.4467 0.1092
257.5 -42.5 0.4135 0.0914
257.5 -37.5 0.3854 0.0737
257.5 -32.5 0.3655 0.0673
257.5 -27.5 0.3453 0.0607
257.5 -22.5 0.3121 0.0536
257.5 -17.5 0.2929 0.0534
257.5 -12.5 0.2792 0.0596
257.5  -7.5 0.2955 0.0628
257.5  -2.5 0.3000 0.0477
257.5   2.5 0.2975 0.0276
257.5   7.5 0.2881 0.0221
257.5  12.5 0.2913 0.0172
257.5  17.5    NaN    NaN
257.5  22.5    NaN    NaN
257.5  27.5    NaN    NaN
257.5  32.5    NaN    NaN
257.5  37.5    NaN    NaN
257.5  42.5    NaN    NaN
257.5  47.5    NaN    NaN
257.5  52.5    NaN    NaN
257.5  57.5    NaN    NaN
257.5  62.5    NaN    NaN
257.5  67.5    NaN    NaN
257.5  72.5    NaN    NaN
257.5  77.5    NaN    NaN
257.5  82.5    NaN    NaN
257.5  87.5    NaN    NaN
262.5 -87.5    NaN    NaN
262.5 -82.5 0.4980 0.0425
262.5 -77.5 0.4616 0.0918
262.5 -72.5 0.4757 0.1125
262.5 -67.5 0.4852 0.1277
262.5 -62.5 0.4983 0.1410
262.5 -57.5 0.4983 0.1388
262.5 -52.5 0.4797 0.1235
262.5 -47.5 0.4454 0.1073
262.5 -42.5 0.4124 0.0901
262.5 -37.5 0.3854 0.0728
262.5 -32.5 0.3643 0.0663
262.5 -27.5 0.3446 0.0616
262.5 -22.5 0.3124 0.0522
262.5 -17.5 0.2928 0.0523
262.5 -12.5 0.2780 0.0581
262.5  -7.5 0.2935 0.0595
262.5  -2.5 0.2950 0.0444
262.5   2.5 0.2887 0.0296
262.5   7.5 0.2984 0.0262
262.5  12.5 0.2995 0.0213
262.5  17.5    NaN    NaN
262.5  22.5    NaN    NaN
262.5  27.5    NaN    NaN
262.5  32.5    NaN    NaN
262.5  37.5    NaN    NaN
262.5  42.5    NaN    NaN
262.5  47.5    NaN    NaN
262.5  52.5    NaN    NaN
262.5  57.5    NaN    NaN
262.5  62.5    NaN    NaN
262.5  67.5    NaN    NaN
262.5  72.5    NaN    NaN
262.5  77.5    NaN    NaN
262.5  82.5    NaN    NaN
262.5  87.5    NaN    NaN
267.5 -87.5    NaN    NaN
267.5 -82.5 0.4993 0.0387
267.5 -77.5 0.4524 0.0957
267.5 -72.5 0.4698 0.1117
267.5 -67.5 0.4808 0.1245
267.5 -62.5 0.4947 0.1360
267.5 -57.5 0.4951 0.1356
267.5 -52.5 0.4759 0.1233
267.5 -47.5 0.4434 0.1063
267.5 -42.5 0.4108 0.0889
267.5 -37.5 0.3852 0.0735
267.5 -32.5 0.3640 0.0665
267.5 -27.5 0.3397 0.0619
267.5 -22.5 0.3125 0.0505
267.5 -17.5 0.2917 0.0511
267.5 -12.5 0.2760 0.0547
267.5  -7.5 0.2895 0.0536
267.5  -2.5 0.2927 0.0432
267.5   2.5 0.2937 0.0434
267.5   7.5 0.3114 0.0309
267.5  12.5 0.3158 0.0178
267.5  17.5    NaN    NaN
267.5  22.5    NaN    NaN
267.5  27.5    NaN    NaN
267.5  32.5    NaN    NaN
267.5  37.5    NaN    NaN
267.5  42.5    NaN    NaN
267.5  47.5    NaN    NaN
267.5  52.5    NaN    NaN
267.5  57.5    NaN    NaN
267.5  62.5    NaN    NaN
267.5  67.5    NaN    NaN
267.5  72.5    NaN    NaN
267.5  77.5    NaN    NaN
267.5  82.5    NaN    NaN
267.5  87.5    NaN    NaN
272.5 -87.5    NaN    NaN
272.5 -82.5 0.4978 0.0369
272.5 -77.5 0.4435 0.0970
272.5 -72.5 0.4650 0.1090
272.5 -67.5 0.4734 0.1226
272.5 -62.5 0.4870 0.1333
272.5 -57.5 0.4875 0.1325
272.5 -52.5 0.4709 0.1211
272.5 -47.5 0.4404 0.1063
272.5 -42.5 0.4086 0.0895
272.5 -37.5 0.3840 0.0744
272.5 -32.5 0.3636 0.0656
272.5 -27.5 0.3354 0.0598
272.5 -22.5 0.3118 0.0475
272.5 -17.5 0.2920 0.0477
272.5 -12.5 0.2743 0.0507
272.5  -7.5 0.2855 0.0486
272.5  -2.5 0.2926 0.0462
272.5   2.5 0.3146 0.0409
272.5   7.5 0.3332 0.0092
272.5  12.5 0.3207 0.0157
272.5  17.5    NaN    NaN
272.5  22.5    NaN    NaN
272.5  27.5    NaN    NaN
272.5  32.5    NaN    NaN
272.5  37.5    NaN    NaN
272.5  42.5    NaN    NaN
272.5  47.5    NaN    NaN
272.5  52.5    NaN    NaN
272.5  57.5    NaN    NaN
272.5  62.5    NaN    NaN
272.5  67.5    NaN    NaN
272.5  72.5    NaN    NaN
272.5  77.5    NaN    NaN
272.5  82.5    NaN    NaN
272.5  87.5    NaN    NaN
277.5 -87.5    NaN    NaN
277.5 -82.5 0.4945 0.0380
277.5 -77.5 0.4378 0.0956
277.5 -72.5 0.4601 0.1055
277.5 -67.5 0.4662 0.1203
277.5 -62.5 0.4772 0.1305
277.5 -57.5 0.4801 0.1300
277.5 -52.5 0.4654 0.1197
277.5 -47.5 0.4373 0.1056
277.5 -42.5 0.4077 0.0883
277.5 -37.5 0.3827 0.0748
277.5 -32.5 0.3617 0.0668
277.5 -27.5 0.3347 0.0575
277.5 -22.5 0.3119 0.0462
277.5 -17.5 0.2913 0.0456
277.5 -12.5 0.2713 0.0467
277.5  -7.5 0.2814 0.0459
277.5  -2.5 0.2999 0.0336
277.5   2.5 0.3105 0.0406
277.5   7.5 0.3302 0.0058
277.5  12.5 0.3184 0.0129
277.5  17.5 0.2924    NaN
277.5  22.5    NaN    NaN
277.5  27.5    NaN    NaN
277.5  32.5    NaN    NaN
277.5  37.5    NaN    NaN
277.5  42.5    NaN    NaN
277.5  47.5    NaN    NaN
277.5  52.5    NaN    NaN
277.5  57.5    NaN    NaN
277.5  62.5    NaN    NaN
277.5  67.5    NaN    NaN
277.5  72.5    NaN    NaN
277.5  77.5    NaN    NaN
277.5  82.5    NaN    NaN
277.5  87.5    NaN    NaN
282.5 -87.5    NaN    NaN
282.5 -82.5 0.4903 0.0401
282.5 -77.5 0.4302 0.0930
282.5 -72.5 0.4508 0.1072
282.5 -67.5 0.4598 0.1152
282.5 -62.5 0.4709 0.1235
282.5 -57.5 0.4742 0.1247
282.5 -52.5 0.4591 0.1170
282.5 -47.5 0.4324 0.1041
282.5 -42.5 0.4050 0.0880
282.5 -37.5 0.3807 0.0753
282.5 -32.5 0.3571 0.0682
282.5 -27.5 0.3341 0.0569
282.5 -22.5 0.3114 0.0463
282.5 -17.5 0.2904 0.0450
282.5 -12.5 0.2678 0.0454
282.5  -7.5 0.2834 0.0450
282.5  -2.5 0.2945 0.0302
282.5   2.5 0.3068 0.0202
282.5   7.5 0.3216 0.0060
282.5  12.5 0.3129 0.0095
282.5  17.5 0.2954    NaN
282.5  22.5    NaN    NaN
282.5  27.5    NaN    NaN
282.5  32.5    NaN    NaN
282.5  37.5    NaN    NaN
282.5  42.5    NaN    NaN
282.5  47.5    NaN    NaN
282.5  52.5    NaN    NaN
282.5  57.5    NaN    NaN
282.5  62.5    NaN    NaN
282.5  67.5    NaN    NaN
282.5  72.5    NaN    NaN
282.5  77.5    NaN    NaN
282.5  82.5    NaN    NaN
282.5  87.5    NaN    NaN
287.5 -87.5    NaN    NaN
287.5 -82.5 0.4836 0.0443
287.5 -77.5 0.4352 0.0895
287.5 -72.5 0.4437 0.1090
287.5 -67.5 0.4536 0.1139
287.5 -62.5 0.4630 0.1152
287.5 -57.5 0.4681 0.1186
287.5 -52.5 0.4528 0.1121
287.5 -47.5 0.4292 0.1021
287.5 -42.5 0.4018 0.0879
287.5 -37.5 0.3777 0.0748
287.5 -32.5 0.3533 0.0677
287.5 -27.5 0.3324 0.0557
287.5 -22.5 0.3114 0.0469
287.5 -17.5 0.2906 0.0457
287.5 -12.5 0.2693 0.0476
287.5  -7.5 0.2825 0.0469
287.5  -2.5 0.2983 0.0320
287.5   2.5 0.3020 0.0222
287.5   7.5 0.3127 0.0062
287.5  12.5 0.3039 0.0054
287.5  17.5 0.2893    NaN
287.5  22.5    NaN    NaN
287.5  27.5    NaN    NaN
287.5  32.5    NaN    NaN
287.5  37.5    NaN    NaN
287.5  42.5    NaN    NaN
287.5  47.5    NaN    NaN
287.5  52.5    NaN    NaN
287.5  57.5    NaN    NaN
287.5  62.5    NaN    NaN
287.5  67.5    NaN    NaN
287.5  72.5    NaN    NaN
287.5  77.5    NaN    NaN
287.5  82.5    NaN    NaN
287.5  87.5    NaN    NaN
292.5 -87.5    NaN    NaN
292.5 -82.5 0.4729 0.0516
292.5 -77.5 0.4274 0.0896
292.5 -72.5 0.4316 0.1063
292.5 -67.5 0.4427 0.1132
292.5 -62.5 0.4579 0.1124
292.5 -57.5 0.4578 0.1117
292.5 -52.5 0.4446 0.1081
292.5 -47.5 0.4225 0.1003
292.5 -42.5 0.3970 0.0868
292.5 -37.5 0.3746 0.0741
292.5 -32.5 0.3512 0.0660
292.5 -27.5 0.3317 0.0543
292.5 -22.5 0.3118 0.0476
292.5 -17.5 0.2904 0.0467
292.5 -12.5 0.2711 0.0500
292.5  -7.5 0.2860 0.0505
292.5  -2.5 0.3036 0.0388
292.5   2.5 0.3072 0.0319
292.5   7.5 0.3099 0.0230
292.5  12.5 0.3027 0.0132
292.5  17.5    NaN    NaN
292.5  22.5    NaN    NaN
292.5  27.5    NaN    NaN
292.5  32.5    NaN    NaN
292.5  37.5    NaN    NaN
292.5  42.5    NaN    NaN
292.5  47.5    NaN    NaN
292.5  52.5    NaN    NaN
292.5  57.5    NaN    NaN
292.5  62.5    NaN    NaN
292.5  67.5    NaN    NaN
292.5  72.5    NaN    NaN
292.5  77.5    NaN    NaN
292.5  82.5    NaN    NaN
292.5  87.5    NaN    NaN
297.5 -87.5    NaN    NaN
297.5 -82.5 0.4630 0.0567
297.5 -77.5 0.4244 0.0888
297.5 -72.5 0.4294 0.1031
297.5 -67.5 0.4326 0.1127
297.5 -62.5 0.4457 0.1150
297.5 -57.5 0.4478 0.1115
297.5 -52.5 0.4405 0.1064
297.5 -47.5 0.4197 0.0994
297.5 -42.5 0.3959 0.0848
297.5 -37.5 0.3718 0.0723
297.5 -32.5 0.3503 0.0629
297.5 -27.5 0.3301 0.0511
297.5 -22.5 0.3138 0.0475
297.5 -17.5 0.2924 0.0474
297.5 -12.5 0.2746 0.0525
297.5  -7.5 0.2928 0.0511
297.5  -2.5 0.3165 0.0456
297.5   2.5 0.3303 0.0378
297.5   7.5 0.3293 0.0259
297.5  12.5 0.3303 0.0078
297.5  17.5    NaN    NaN
297.5  22.5    NaN    NaN
297.5  27.5    NaN    NaN
297.5  32.5    NaN    NaN
297.5  37.5    NaN    NaN
297.5  42.5    NaN    NaN
297.5  47.5    NaN    NaN
297.5  52.5    NaN    NaN
297.5  57.5    NaN    NaN
297.5  62.5    NaN    NaN
297.5  67.5    NaN    NaN
297.5  72.5    NaN    NaN
297.5  77.5    NaN    NaN
297.5  82.5    NaN    NaN
297.5  87.5    NaN    NaN
302.5 -87.5    NaN    NaN
302.5 -82.5 0.4440 0.0670
302.5 -77.5 0.4275 0.0876
302.5 -72.5 0.4257 0.0997
302.5 -67.5 0.4267 0.1095
302.5 -62.5 0.4384 0.1111
302.5 -57.5 0.4454 0.1094
302.5 -52.5 0.4377 0.1093
302.5 -47.5 0.4172 0.1041
302.5 -42.5 0.3909 0.0870
302.5 -37.5 0.3649 0.0715
302.5 -32.5 0.3463 0.0601
302.5 -27.5 0.3272 0.0499
302.5 -22.5 0.3128 0.0472
302.5 -17.5 0.2940 0.0477
302.5 -12.5 0.2777 0.0526
302.5  -7.5 0.2978 0.0499
302.5  -2.5 0.3244 0.0564
302.5   2.5 0.3565 0.0351
302.5   7.5 0.3388 0.0270
302.5  12.5 0.3315 0.0325
302.5  17.5    NaN    NaN
302.5  22.5    NaN    NaN
302.5  27.5    NaN    NaN
302.5  32.5    NaN    NaN
302.5  37.5    NaN    NaN
302.5  42.5    NaN    NaN
302.5  47.5    NaN    NaN
302.5  52.5    NaN    NaN
302.5  57.5    NaN    NaN
302.5  62.5    NaN    NaN
302.5  67.5    NaN    NaN
302.5  72.5    NaN    NaN
302.5  77.5    NaN    NaN
302.5  82.5    NaN    NaN
302.5  87.5    NaN    NaN
307.5 -87.5    NaN    NaN
307.5 -82.5 0.4229 0.0754
307.5 -77.5 0.4218 0.0829
307.5 -72.5 0.4238 0.0956
307.5 -67.5 0.4210 0.1051
307.5 -62.5 0.4322 0.1085
307.5 -57.5 0.4393 0.1124
307.5 -52.5 0.4347 0.1105
307.5 -47.5 0.4136 0.1022
307.5 -42.5 0.3863 0.0883
307.5 -37.5 0.3622 0.0687
307.5 -32.5 0.3446 0.0571
307.5 -27.5 0.3270 0.0497
307.5 -22.5 0.3137 0.0482
307.5 -17.5 0.2954 0.0490
307.5 -12.5 0.2811 0.0525
307.5  -7.5 0.2986 0.0493
307.5  -2.5 0.3239 0.0586
307.5   2.5 0.3668 0.0335
307.5   7.5 0.3454 0.0444
307.5  12.5 0.3401 0.0310
307.5  17.5 0.3540    NaN
307.5  22.5    NaN    NaN
307.5  27.5    NaN    NaN
307.5  32.5    NaN    NaN
307.5  37.5    NaN    NaN
307.5  42.5    NaN    NaN
307.5  47.5    NaN    NaN
307.5  52.5    NaN    NaN
307.5  57.5    NaN    NaN
307.5  62.5    NaN    NaN
307.5  67.5    NaN    NaN
307.5  72.5    NaN    NaN
307.5  77.5    NaN    NaN
307.5  82.5    NaN    NaN
307.5  87.5    NaN    NaN
312.5 -87.5    NaN    NaN
312.5 -82.5 0.3743 0.0586
312.5 -77.5 0.4174 0.0794
312.5 -72.5 0.4209 0.0920
312.5 -67.5 0.4186 0.1023
312.5 -62.5 0.4305 0.1052
312.5 -57.5 0.4389 0.1093
312.5 -52.5 0.4339 0.1086
312.5 -47.5 0.4126 0.1003
312.5 -42.5 0.3846 0.0851
312.5 -37.5 0.3609 0.0667
312.5 -32.5 0.3421 0.0559
312.5 -27.5 0.3266 0.0499
312.5 -22.5 0.3135 0.0493
312.5 -17.5 0.2970 0.0500
312.5 -12.5 0.2841 0.0528
312.5  -7.5 0.3003 0.0499
312.5  -2.5 0.3273 0.0591
312.5   2.5 0.3745 0.0349
312.5   7.5 0.3573 0.0375
312.5  12.5 0.3474 0.0308
312.5  17.5 0.3480 0.0341
312.5  22.5    NaN    NaN
312.5  27.5    NaN    NaN
312.5  32.5    NaN    NaN
312.5  37.5    NaN    NaN
312.5  42.5    NaN    NaN
312.5  47.5    NaN    NaN
312.5  52.5    NaN    NaN
312.5  57.5    NaN    NaN
312.5  62.5    NaN    NaN
312.5  67.5    NaN    NaN
312.5  72.5    NaN    NaN
312.5  77.5    NaN    NaN
312.5  82.5    NaN    NaN
312.5  87.5    NaN    NaN
317.5 -87.5    NaN    NaN
317.5 -82.5 0.3483 0.0370
317.5 -77.5 0.4154 0.0758
317.5 -72.5 0.4205 0.0882
317.5 -67.5 0.4166 0.0985
317.5 -62.5 0.4286 0.1019
317.5 -57.5 0.4362 0.1059
317.5 -52.5 0.4313 0.1060
317.5 -47.5 0.4114 0.0953
317.5 -42.5 0.3803 0.0803
317.5 -37.5 0.3572 0.0640
317.5 -32.5 0.3416 0.0548
317.5 -27.5 0.3272 0.0492
317.5 -22.5 0.3144 0.0498
317.5 -17.5 0.2986 0.0514
317.5 -12.5 0.2885 0.0537
317.5  -7.5 0.3000 0.0506
317.5  -2.5 0.3246 0.0589
317.5   2.5 0.3716 0.0360
317.5   7.5 0.3667 0.0247
317.5  12.5 0.3579 0.0291
317.5  17.5 0.3456 0.0286
317.5  22.5    NaN    NaN
317.5  27.5    NaN    NaN
317.5  32.5    NaN    NaN
317.5  37.5    NaN    NaN
317.5  42.5    NaN    NaN
317.5  47.5    NaN    NaN
317.5  52.5    NaN    NaN
317.5  57.5    NaN    NaN
317.5  62.5    NaN    NaN
317.5  67.5    NaN    NaN
317.5  72.5    NaN    NaN
317.5  77.5    NaN    NaN
317.5  82.5    NaN    NaN
317.5  87.5    NaN    NaN
322.5 -87.5    NaN    NaN
322.5 -82.5 0.3542 0.0363
322.5 -77.5 0.4141 0.0739
322.5 -72.5 0.4179 0.0852
322.5 -67.5 0.4154 0.0955
322.5 -62.5 0.4230 0.0987
322.5 -57.5 0.4346 0.1020
322.5 -52.5 0.4278 0.1015
322.5 -47.5 0.4057 0.0917
322.5 -42.5 0.3748 0.0749
322.5 -37.5 0.3519 0.0599
322.5 -32.5 0.3376 0.0523
322.5 -27.5 0.3260 0.0491
322.5 -22.5 0.3139 0.0496
322.5 -17.5 0.2984 0.0519
322.5 -12.5 0.2905 0.0519
322.5  -7.5 0.2983 0.0462
322.5  -2.5 0.3135 0.0488
322.5   2.5 0.3441 0.0458
322.5   7.5 0.3641 0.0234
322.5  12.5 0.3644 0.0239
322.5  17.5 0.3475 0.0262
322.5  22.5    NaN    NaN
322.5  27.5    NaN    NaN
322.5  32.5    NaN    NaN
322.5  37.5    NaN    NaN
322.5  42.5    NaN    NaN
322.5  47.5    NaN    NaN
322.5  52.5    NaN    NaN
322.5  57.5    NaN    NaN
322.5  62.5    NaN    NaN
322.5  67.5    NaN    NaN
322.5  72.5    NaN    NaN
322.5  77.5    NaN    NaN
322.5  82.5    NaN    NaN
322.5  87.5    NaN    NaN
327.5 -87.5    NaN    NaN
327.5 -82.5 0.3518 0.0334
327.5 -77.5 0.4131 0.0700
327.5 -72.5 0.4149 0.0837
327.5 -67.5 0.4116 0.0922
327.5 -62.5 0.4215 0.0937
327.5 -57.5 0.4317 0.0983
327.5 -52.5 0.4255 0.0986
327.5 -47.5 0.4016 0.0876
327.5 -42.5 0.3710 0.0726
327.5 -37.5 0.3489 0.0583
327.5 -32.5 0.3354 0.0517
327.5 -27.5 0.3256 0.0482
327.5 -22.5 0.3132 0.0491
327.5 -17.5 0.2995 0.0517
327.5 -12.5 0.2933 0.0520
327.5  -7.5 0.2996 0.0470
327.5  -2.5 0.3158 0.0408
327.5   2.5 0.3328 0.0397
327.5   7.5 0.3531 0.0260
327.5  12.5 0.3601 0.0148
327.5  17.5 0.3407 0.0172
327.5  22.5    NaN    NaN
327.5  27.5    NaN    NaN
327.5  32.5    NaN    NaN
327.5  37.5    NaN    NaN
327.5  42.5    NaN    NaN
327.5  47.5    NaN    NaN
327.5  52.5    NaN    NaN
327.5  57.5    NaN    NaN
327.5  62.5    NaN    NaN
327.5  67.5    NaN    NaN
327.5  72.5    NaN    NaN
327.5  77.5    NaN    NaN
327.5  82.5    NaN    NaN
327.5  87.5    NaN    NaN
332.5 -87.5    NaN    NaN
332.5 -82.5 0.3462 0.0340
332.5 -77.5 0.4005 0.0669
332.5 -72.5 0.4129 0.0799
332.5 -67.5 0.4110 0.0887
332.5 -62.5 0.4176 0.0892
332.5 -57.5 0.4289 0.0942
332.5 -52.5 0.4235 0.0952
332.5 -47.5 0.3980 0.0845
332.5 -42.5 0.3680 0.0696
332.5 -37.5 0.3475 0.0577
332.5 -32.5 0.3342 0.0519
332.5 -27.5 0.3251 0.0489
332.5 -22.5 0.3130 0.0489
332.5 -17.5 0.3013 0.0520
332.5 -12.5 0.2966 0.0524
332.5  -7.5 0.3021 0.0461
332.5  -2.5 0.3114 0.0353
332.5   2.5 0.3214 0.0347
332.5   7.5 0.3411 0.0258
332.5  12.5 0.3540 0.0061
332.5  17.5 0.3330 0.0144
332.5  22.5    NaN    NaN
332.5  27.5    NaN    NaN
332.5  32.5    NaN    NaN
332.5  37.5    NaN    NaN
332.5  42.5    NaN    NaN
332.5  47.5    NaN    NaN
332.5  52.5    NaN    NaN
332.5  57.5    NaN    NaN
332.5  62.5    NaN    NaN
332.5  67.5    NaN    NaN
332.5  72.5    NaN    NaN
332.5  77.5    NaN    NaN
332.5  82.5    NaN    NaN
332.5  87.5    NaN    NaN
337.5 -87.5    NaN    NaN
337.5 -82.5 0.3615 0.0341
337.5 -77.5 0.4026 0.0660
337.5 -72.5 0.4079 0.0751
337.5 -67.5 0.4066 0.0856
337.5 -62.5 0.4160 0.0850
337.5 -57.5 0.4254 0.0894
337.5 -52.5 0.4190 0.0924
337.5 -47.5 0.3941 0.0824
337.5 -42.5 0.3656 0.0677
337.5 -37.5 0.3457 0.0570
337.5 -32.5 0.3346 0.0522
337.5 -27.5 0.3255 0.0499
337.5 -22.5 0.3134 0.0494
337.5 -17.5 0.3033 0.0502
337.5 -12.5 0.2977 0.0530
337.5  -7.5 0.3055 0.0488
337.5  -2.5 0.3100 0.0309
337.5   2.5 0.3093 0.0341
337.5   7.5 0.3245 0.0290
337.5  12.5 0.3350 0.0019
337.5  17.5 0.3128 0.0025
337.5  22.5    NaN    NaN
337.5  27.5    NaN    NaN
337.5  32.5    NaN    NaN
337.5  37.5    NaN    NaN
337.5  42.5    NaN    NaN
337.5  47.5    NaN    NaN
337.5  52.5    NaN    NaN
337.5  57.5    NaN    NaN
337.5  62.5    NaN    NaN
337.5  67.5    NaN    NaN
337.5  72.5    NaN    NaN
337.5  77.5    NaN    NaN
337.5  82.5    NaN    NaN
337.5  87.5    NaN    NaN
342.5 -87.5    NaN    NaN
342.5 -82.5 0.3796 0.0419
342.5 -77.5 0.3997 0.0626
342.5 -72.5 0.4003 0.0707
342.5 -67.5 0.4023 0.0828
342.5 -62.5 0.4112 0.0836
342.5 -57.5 0.4204 0.0848
342.5 -52.5 0.4149 0.0873
342.5 -47.5 0.3923 0.0787
342.5 -42.5 0.3662 0.0645
342.5 -37.5 0.3461 0.0547
342.5 -32.5 0.3356 0.0514
342.5 -27.5 0.3263 0.0502
342.5 -22.5 0.3144 0.0503
342.5 -17.5 0.3043 0.0510
342.5 -12.5 0.3004 0.0549
342.5  -7.5 0.3041 0.0516
342.5  -2.5 0.3070 0.0372
342.5   2.5 0.2982 0.0270
342.5   7.5 0.3036 0.0189
342.5  12.5 0.3072 0.0038
342.5  17.5 0.2941 0.0030
342.5  22.5    NaN    NaN
342.5  27.5    NaN    NaN
342.5  32.5    NaN    NaN
342.5  37.5    NaN    NaN
342.5  42.5    NaN    NaN
342.5  47.5    NaN    NaN
342.5  52.5    NaN    NaN
342.5  57.5    NaN    NaN
342.5  62.5    NaN    NaN
342.5  67.5    NaN    NaN
342.5  72.5    NaN    NaN
342.5  77.5    NaN    NaN
342.5  82.5    NaN    NaN
342.5  87.5    NaN    NaN
347.5 -87.5    NaN    NaN
347.5 -82.5 0.3878 0.0411
347.5 -77.5 0.3958 0.0598
347.5 -72.5 0.3952 0.0671
347.5 -67.5 0.3969 0.0779
347.5 -62.5 0.4090 0.0791
347.5 -57.5 0.4167 0.0781
347.5 -52.5 0.4111 0.0827
347.5 -47.5 0.3894 0.0763
347.5 -42.5 0.3638 0.0627
347.5 -37.5 0.3448 0.0542
347.5 -32.5 0.3342 0.0517
347.5 -27.5 0.3256 0.0502
347.5 -22.5 0.3152 0.0505
347.5 -17.5 0.3058 0.0515
347.5 -12.5 0.3020 0.0563
347.5  -7.5 0.3076 0.0544
347.5  -2.5 0.3083 0.0428
347.5   2.5 0.2933 0.0326
347.5   7.5 0.2840 0.0233
347.5  12.5    NaN    NaN
347.5  17.5    NaN    NaN
347.5  22.5    NaN    NaN
347.5  27.5    NaN    NaN
347.5  32.5    NaN    NaN
347.5  37.5    NaN    NaN
347.5  42.5    NaN    NaN
347.5  47.5    NaN    NaN
347.5  52.5    NaN    NaN
347.5  57.5    NaN    NaN
347.5  62.5    NaN    NaN
347.5  67.5    NaN    NaN
347.5  72.5    NaN    NaN
347.5  77.5    NaN    NaN
347.5  82.5    NaN    NaN
347.5  87.5    NaN    NaN
352.5 -87.5    NaN    NaN
352.5 -82.5 0.3956 0.0372
352.5 -77.5 0.3944 0.0622
352.5 -72.5 0.3924 0.0682
352.5 -67.5 0.3881 0.0729
352.5 -62.5 0.4006 0.0744
352.5 -57.5 0.4107 0.0719
352.5 -52.5 0.4100 0.0780
352.5 -47.5 0.3910 0.0723
352.5 -42.5 0.3643 0.0591
352.5 -37.5 0.3464 0.0526
352.5 -32.5 0.3349 0.0519
352.5 -27.5 0.3256 0.0517
352.5 -22.5 0.3162 0.0518
352.5 -17.5 0.3056 0.0514
352.5 -12.5 0.3020 0.0557
352.5  -7.5 0.3065 0.0513
352.5  -2.5 0.3041 0.0411
352.5   2.5 0.2944 0.0333
352.5   7.5 0.2812 0.0287
352.5  12.5    NaN    NaN
352.5  17.5    NaN    NaN
352.5  22.5    NaN    NaN
352.5  27.5    NaN    NaN
352.5  32.5    NaN    NaN
352.5  37.5    NaN    NaN
352.5  42.5    NaN    NaN
352.5  47.5    NaN    NaN
352.5  52.5    NaN    NaN
352.5  57.5    NaN    NaN
352.5  62.5    NaN    NaN
352.5  67.5    NaN    NaN
352.5  72.5    NaN    NaN
352.5  77.5    NaN    NaN
352.5  82.5    NaN    NaN
352.5  87.5    NaN    NaN
357.5 -87.5    NaN    NaN
357.5 -82.5 0.4043 0.0322
357.5 -77.5 0.3936 0.0564
357.5 -72.5 0.3919 0.0666
357.5 -67.5 0.3881 0.0714
357.5 -62.5 0.3959 0.0764
357.5 -57.5 0.4035 0.0752
357.5 -52.5 0.4000 0.0800
357.5 -47.5 0.3824 0.0754
357.5 -42.5 0.3574 0.0629
357.5 -37.5 0.3415 0.0562
357.5 -32.5 0.3321 0.0544
357.5 -27.5 0.3237 0.0540
357.5 -22.5 0.3142 0.0534
357.5 -17.5 0.3011 0.0522
357.5 -12.5 0.2958 0.0570
357.5  -7.5 0.2927 0.0535
357.5  -2.5 0.2792 0.0491
357.5   2.5 0.2612 0.0482
357.5   7.5 0.2649 0.0512
357.5  12.5    NaN    NaN
357.5  17.5    NaN    NaN
357.5  22.5    NaN    NaN
357.5  27.5    NaN    NaN
357.5  32.5    NaN    NaN
357.5  37.5    NaN    NaN
357.5  42.5    NaN    NaN
357.5  47.5    NaN    NaN
357.5  52.5    NaN    NaN
357.5  57.5    NaN    NaN
357.5  62.5    NaN    NaN
357.5  67.5    NaN    NaN
357.5  72.5    NaN    NaN
357.5  77.5    NaN    NaN
357.5  82.5    NaN    NaN
357.5  87.5    NaN    NaN
