# Production date: 2020/April/17
# Fixed condition: Pha 75-80 deg
# Data description: Mean albedo distribution as a function of lon and lat
# Details on the data: Lee et al. JGR:planets
#--------------------------------------
# lon [deg], lat [deg], mean albedo [unitless], standard deviation
#--------------------------------------
  2.5 -87.5    NaN    NaN
  2.5 -82.5    NaN    NaN
  2.5 -77.5 0.4296 0.0402
  2.5 -72.5 0.4194 0.0523
  2.5 -67.5 0.4120 0.0649
  2.5 -62.5 0.4244 0.0778
  2.5 -57.5 0.4315 0.0798
  2.5 -52.5 0.4256 0.0862
  2.5 -47.5 0.4060 0.0866
  2.5 -42.5 0.3758 0.0736
  2.5 -37.5 0.3540 0.0632
  2.5 -32.5 0.3423 0.0589
  2.5 -27.5 0.3339 0.0544
  2.5 -22.5 0.3263 0.0505
  2.5 -17.5 0.3151 0.0478
  2.5 -12.5 0.3009 0.0418
  2.5  -7.5 0.2822 0.0419
  2.5  -2.5 0.2697 0.0479
  2.5   2.5 0.2785 0.0507
  2.5   7.5 0.2872 0.0458
  2.5  12.5 0.3038 0.0231
  2.5  17.5 0.2892    NaN
  2.5  22.5    NaN    NaN
  2.5  27.5    NaN    NaN
  2.5  32.5    NaN    NaN
  2.5  37.5    NaN    NaN
  2.5  42.5    NaN    NaN
  2.5  47.5    NaN    NaN
  2.5  52.5    NaN    NaN
  2.5  57.5    NaN    NaN
  2.5  62.5    NaN    NaN
  2.5  67.5    NaN    NaN
  2.5  72.5    NaN    NaN
  2.5  77.5    NaN    NaN
  2.5  82.5    NaN    NaN
  2.5  87.5    NaN    NaN
  7.5 -87.5    NaN    NaN
  7.5 -82.5    NaN    NaN
  7.5 -77.5 0.4303 0.0417
  7.5 -72.5 0.4215 0.0519
  7.5 -67.5 0.4111 0.0652
  7.5 -62.5 0.4249 0.0736
  7.5 -57.5 0.4346 0.0757
  7.5 -52.5 0.4259 0.0866
  7.5 -47.5 0.4079 0.0889
  7.5 -42.5 0.3755 0.0759
  7.5 -37.5 0.3525 0.0654
  7.5 -32.5 0.3428 0.0612
  7.5 -27.5 0.3343 0.0566
  7.5 -22.5 0.3269 0.0516
  7.5 -17.5 0.3154 0.0508
  7.5 -12.5 0.3037 0.0425
  7.5  -7.5 0.2831 0.0419
  7.5  -2.5 0.2701 0.0470
  7.5   2.5 0.2771 0.0508
  7.5   7.5 0.2836 0.0490
  7.5  12.5 0.2879 0.0205
  7.5  17.5    NaN    NaN
  7.5  22.5    NaN    NaN
  7.5  27.5    NaN    NaN
  7.5  32.5    NaN    NaN
  7.5  37.5    NaN    NaN
  7.5  42.5    NaN    NaN
  7.5  47.5    NaN    NaN
  7.5  52.5    NaN    NaN
  7.5  57.5    NaN    NaN
  7.5  62.5    NaN    NaN
  7.5  67.5    NaN    NaN
  7.5  72.5    NaN    NaN
  7.5  77.5    NaN    NaN
  7.5  82.5    NaN    NaN
  7.5  87.5    NaN    NaN
 12.5 -87.5    NaN    NaN
 12.5 -82.5    NaN    NaN
 12.5 -77.5 0.4316 0.0433
 12.5 -72.5 0.4221 0.0526
 12.5 -67.5 0.4123 0.0635
 12.5 -62.5 0.4251 0.0689
 12.5 -57.5 0.4340 0.0745
 12.5 -52.5 0.4263 0.0865
 12.5 -47.5 0.4092 0.0890
 12.5 -42.5 0.3782 0.0741
 12.5 -37.5 0.3560 0.0629
 12.5 -32.5 0.3464 0.0598
 12.5 -27.5 0.3395 0.0564
 12.5 -22.5 0.3321 0.0509
 12.5 -17.5 0.3209 0.0489
 12.5 -12.5 0.3067 0.0426
 12.5  -7.5 0.2850 0.0418
 12.5  -2.5 0.2711 0.0460
 12.5   2.5 0.2760 0.0509
 12.5   7.5 0.2753 0.0511
 12.5  12.5 0.2766 0.0210
 12.5  17.5    NaN    NaN
 12.5  22.5    NaN    NaN
 12.5  27.5    NaN    NaN
 12.5  32.5    NaN    NaN
 12.5  37.5    NaN    NaN
 12.5  42.5    NaN    NaN
 12.5  47.5    NaN    NaN
 12.5  52.5    NaN    NaN
 12.5  57.5    NaN    NaN
 12.5  62.5    NaN    NaN
 12.5  67.5    NaN    NaN
 12.5  72.5    NaN    NaN
 12.5  77.5    NaN    NaN
 12.5  82.5    NaN    NaN
 12.5  87.5    NaN    NaN
 17.5 -87.5    NaN    NaN
 17.5 -82.5    NaN    NaN
 17.5 -77.5 0.4332 0.0437
 17.5 -72.5 0.4234 0.0532
 17.5 -67.5 0.4134 0.0628
 17.5 -62.5 0.4221 0.0661
 17.5 -57.5 0.4335 0.0720
 17.5 -52.5 0.4316 0.0829
 17.5 -47.5 0.4086 0.0902
 17.5 -42.5 0.3788 0.0751
 17.5 -37.5 0.3579 0.0634
 17.5 -32.5 0.3472 0.0611
 17.5 -27.5 0.3417 0.0593
 17.5 -22.5 0.3347 0.0535
 17.5 -17.5 0.3236 0.0489
 17.5 -12.5 0.3094 0.0434
 17.5  -7.5 0.2869 0.0412
 17.5  -2.5 0.2699 0.0448
 17.5   2.5 0.2752 0.0492
 17.5   7.5 0.2702 0.0462
 17.5  12.5 0.2629 0.0138
 17.5  17.5    NaN    NaN
 17.5  22.5    NaN    NaN
 17.5  27.5    NaN    NaN
 17.5  32.5    NaN    NaN
 17.5  37.5    NaN    NaN
 17.5  42.5    NaN    NaN
 17.5  47.5    NaN    NaN
 17.5  52.5    NaN    NaN
 17.5  57.5    NaN    NaN
 17.5  62.5    NaN    NaN
 17.5  67.5    NaN    NaN
 17.5  72.5    NaN    NaN
 17.5  77.5    NaN    NaN
 17.5  82.5    NaN    NaN
 17.5  87.5    NaN    NaN
 22.5 -87.5    NaN    NaN
 22.5 -82.5    NaN    NaN
 22.5 -77.5 0.4349 0.0430
 22.5 -72.5 0.4264 0.0524
 22.5 -67.5 0.4113 0.0625
 22.5 -62.5 0.4207 0.0647
 22.5 -57.5 0.4351 0.0704
 22.5 -52.5 0.4320 0.0838
 22.5 -47.5 0.4137 0.0889
 22.5 -42.5 0.3828 0.0746
 22.5 -37.5 0.3609 0.0638
 22.5 -32.5 0.3507 0.0607
 22.5 -27.5 0.3455 0.0601
 22.5 -22.5 0.3390 0.0540
 22.5 -17.5 0.3261 0.0498
 22.5 -12.5 0.3104 0.0455
 22.5  -7.5 0.2876 0.0408
 22.5  -2.5 0.2692 0.0422
 22.5   2.5 0.2710 0.0462
 22.5   7.5 0.2641 0.0439
 22.5  12.5 0.2497 0.0148
 22.5  17.5    NaN    NaN
 22.5  22.5    NaN    NaN
 22.5  27.5    NaN    NaN
 22.5  32.5    NaN    NaN
 22.5  37.5    NaN    NaN
 22.5  42.5    NaN    NaN
 22.5  47.5    NaN    NaN
 22.5  52.5    NaN    NaN
 22.5  57.5    NaN    NaN
 22.5  62.5    NaN    NaN
 22.5  67.5    NaN    NaN
 22.5  72.5    NaN    NaN
 22.5  77.5    NaN    NaN
 22.5  82.5    NaN    NaN
 22.5  87.5    NaN    NaN
 27.5 -87.5    NaN    NaN
 27.5 -82.5    NaN    NaN
 27.5 -77.5 0.4349 0.0421
 27.5 -72.5 0.4257 0.0528
 27.5 -67.5 0.4139 0.0613
 27.5 -62.5 0.4199 0.0636
 27.5 -57.5 0.4344 0.0713
 27.5 -52.5 0.4321 0.0854
 27.5 -47.5 0.4150 0.0898
 27.5 -42.5 0.3844 0.0756
 27.5 -37.5 0.3602 0.0658
 27.5 -32.5 0.3508 0.0608
 27.5 -27.5 0.3471 0.0598
 27.5 -22.5 0.3400 0.0554
 27.5 -17.5 0.3280 0.0499
 27.5 -12.5 0.3124 0.0450
 27.5  -7.5 0.2901 0.0408
 27.5  -2.5 0.2691 0.0422
 27.5   2.5 0.2650 0.0449
 27.5   7.5 0.2562 0.0367
 27.5  12.5 0.2407 0.0144
 27.5  17.5    NaN    NaN
 27.5  22.5    NaN    NaN
 27.5  27.5    NaN    NaN
 27.5  32.5    NaN    NaN
 27.5  37.5    NaN    NaN
 27.5  42.5    NaN    NaN
 27.5  47.5    NaN    NaN
 27.5  52.5    NaN    NaN
 27.5  57.5    NaN    NaN
 27.5  62.5    NaN    NaN
 27.5  67.5    NaN    NaN
 27.5  72.5    NaN    NaN
 27.5  77.5    NaN    NaN
 27.5  82.5    NaN    NaN
 27.5  87.5    NaN    NaN
 32.5 -87.5    NaN    NaN
 32.5 -82.5    NaN    NaN
 32.5 -77.5 0.4368 0.0405
 32.5 -72.5 0.4257 0.0506
 32.5 -67.5 0.4140 0.0608
 32.5 -62.5 0.4214 0.0618
 32.5 -57.5 0.4344 0.0725
 32.5 -52.5 0.4264 0.0921
 32.5 -47.5 0.4084 0.0954
 32.5 -42.5 0.3812 0.0799
 32.5 -37.5 0.3617 0.0663
 32.5 -32.5 0.3530 0.0605
 32.5 -27.5 0.3482 0.0579
 32.5 -22.5 0.3419 0.0554
 32.5 -17.5 0.3317 0.0496
 32.5 -12.5 0.3155 0.0464
 32.5  -7.5 0.2940 0.0440
 32.5  -2.5 0.2709 0.0419
 32.5   2.5 0.2674 0.0447
 32.5   7.5 0.2495 0.0409
 32.5  12.5 0.2559 0.0319
 32.5  17.5    NaN    NaN
 32.5  22.5    NaN    NaN
 32.5  27.5    NaN    NaN
 32.5  32.5    NaN    NaN
 32.5  37.5    NaN    NaN
 32.5  42.5    NaN    NaN
 32.5  47.5    NaN    NaN
 32.5  52.5    NaN    NaN
 32.5  57.5    NaN    NaN
 32.5  62.5    NaN    NaN
 32.5  67.5    NaN    NaN
 32.5  72.5    NaN    NaN
 32.5  77.5    NaN    NaN
 32.5  82.5    NaN    NaN
 32.5  87.5    NaN    NaN
 37.5 -87.5    NaN    NaN
 37.5 -82.5    NaN    NaN
 37.5 -77.5 0.4393 0.0382
 37.5 -72.5 0.4254 0.0495
 37.5 -67.5 0.4157 0.0602
 37.5 -62.5 0.4162 0.0652
 37.5 -57.5 0.4299 0.0775
 37.5 -52.5 0.4267 0.0915
 37.5 -47.5 0.4119 0.0945
 37.5 -42.5 0.3838 0.0801
 37.5 -37.5 0.3618 0.0656
 37.5 -32.5 0.3553 0.0597
 37.5 -27.5 0.3498 0.0568
 37.5 -22.5 0.3431 0.0551
 37.5 -17.5 0.3338 0.0501
 37.5 -12.5 0.3182 0.0483
 37.5  -7.5 0.2967 0.0457
 37.5  -2.5 0.2741 0.0425
 37.5   2.5 0.2694 0.0512
 37.5   7.5 0.2557 0.0530
 37.5  12.5 0.2583 0.0413
 37.5  17.5    NaN    NaN
 37.5  22.5    NaN    NaN
 37.5  27.5    NaN    NaN
 37.5  32.5    NaN    NaN
 37.5  37.5    NaN    NaN
 37.5  42.5    NaN    NaN
 37.5  47.5    NaN    NaN
 37.5  52.5    NaN    NaN
 37.5  57.5    NaN    NaN
 37.5  62.5    NaN    NaN
 37.5  67.5    NaN    NaN
 37.5  72.5    NaN    NaN
 37.5  77.5    NaN    NaN
 37.5  82.5    NaN    NaN
 37.5  87.5    NaN    NaN
 42.5 -87.5    NaN    NaN
 42.5 -82.5    NaN    NaN
 42.5 -77.5 0.4383 0.0381
 42.5 -72.5 0.4246 0.0504
 42.5 -67.5 0.4139 0.0594
 42.5 -62.5 0.4177 0.0639
 42.5 -57.5 0.4320 0.0765
 42.5 -52.5 0.4290 0.0899
 42.5 -47.5 0.4114 0.0942
 42.5 -42.5 0.3856 0.0808
 42.5 -37.5 0.3631 0.0650
 42.5 -32.5 0.3570 0.0587
 42.5 -27.5 0.3505 0.0549
 42.5 -22.5 0.3451 0.0526
 42.5 -17.5 0.3359 0.0504
 42.5 -12.5 0.3205 0.0486
 42.5  -7.5 0.3017 0.0464
 42.5  -2.5 0.2780 0.0418
 42.5   2.5 0.2733 0.0569
 42.5   7.5 0.2768 0.0582
 42.5  12.5 0.2933 0.0102
 42.5  17.5    NaN    NaN
 42.5  22.5    NaN    NaN
 42.5  27.5    NaN    NaN
 42.5  32.5    NaN    NaN
 42.5  37.5    NaN    NaN
 42.5  42.5    NaN    NaN
 42.5  47.5    NaN    NaN
 42.5  52.5    NaN    NaN
 42.5  57.5    NaN    NaN
 42.5  62.5    NaN    NaN
 42.5  67.5    NaN    NaN
 42.5  72.5    NaN    NaN
 42.5  77.5    NaN    NaN
 42.5  82.5    NaN    NaN
 42.5  87.5    NaN    NaN
 47.5 -87.5    NaN    NaN
 47.5 -82.5    NaN    NaN
 47.5 -77.5 0.4370 0.0382
 47.5 -72.5 0.4252 0.0505
 47.5 -67.5 0.4153 0.0564
 47.5 -62.5 0.4209 0.0617
 47.5 -57.5 0.4339 0.0745
 47.5 -52.5 0.4306 0.0871
 47.5 -47.5 0.4108 0.0926
 47.5 -42.5 0.3863 0.0805
 47.5 -37.5 0.3660 0.0638
 47.5 -32.5 0.3580 0.0574
 47.5 -27.5 0.3513 0.0533
 47.5 -22.5 0.3459 0.0515
 47.5 -17.5 0.3376 0.0496
 47.5 -12.5 0.3235 0.0493
 47.5  -7.5 0.3058 0.0477
 47.5  -2.5 0.2811 0.0454
 47.5   2.5 0.2763 0.0587
 47.5   7.5 0.3025 0.0548
 47.5  12.5 0.2949 0.0078
 47.5  17.5    NaN    NaN
 47.5  22.5    NaN    NaN
 47.5  27.5    NaN    NaN
 47.5  32.5    NaN    NaN
 47.5  37.5    NaN    NaN
 47.5  42.5    NaN    NaN
 47.5  47.5    NaN    NaN
 47.5  52.5    NaN    NaN
 47.5  57.5    NaN    NaN
 47.5  62.5    NaN    NaN
 47.5  67.5    NaN    NaN
 47.5  72.5    NaN    NaN
 47.5  77.5    NaN    NaN
 47.5  82.5    NaN    NaN
 47.5  87.5    NaN    NaN
 52.5 -87.5    NaN    NaN
 52.5 -82.5    NaN    NaN
 52.5 -77.5 0.4344 0.0400
 52.5 -72.5 0.4266 0.0485
 52.5 -67.5 0.4167 0.0540
 52.5 -62.5 0.4233 0.0616
 52.5 -57.5 0.4349 0.0736
 52.5 -52.5 0.4290 0.0870
 52.5 -47.5 0.4110 0.0920
 52.5 -42.5 0.3878 0.0799
 52.5 -37.5 0.3674 0.0635
 52.5 -32.5 0.3562 0.0573
 52.5 -27.5 0.3523 0.0533
 52.5 -22.5 0.3475 0.0506
 52.5 -17.5 0.3391 0.0509
 52.5 -12.5 0.3263 0.0516
 52.5  -7.5 0.3127 0.0489
 52.5  -2.5 0.2889 0.0447
 52.5   2.5 0.2920 0.0528
 52.5   7.5 0.3061 0.0597
 52.5  12.5 0.3068 0.0155
 52.5  17.5    NaN    NaN
 52.5  22.5    NaN    NaN
 52.5  27.5    NaN    NaN
 52.5  32.5    NaN    NaN
 52.5  37.5    NaN    NaN
 52.5  42.5    NaN    NaN
 52.5  47.5    NaN    NaN
 52.5  52.5    NaN    NaN
 52.5  57.5    NaN    NaN
 52.5  62.5    NaN    NaN
 52.5  67.5    NaN    NaN
 52.5  72.5    NaN    NaN
 52.5  77.5    NaN    NaN
 52.5  82.5    NaN    NaN
 52.5  87.5    NaN    NaN
 57.5 -87.5    NaN    NaN
 57.5 -82.5    NaN    NaN
 57.5 -77.5 0.4342 0.0395
 57.5 -72.5 0.4303 0.0450
 57.5 -67.5 0.4179 0.0529
 57.5 -62.5 0.4250 0.0615
 57.5 -57.5 0.4387 0.0706
 57.5 -52.5 0.4349 0.0823
 57.5 -47.5 0.4139 0.0888
 57.5 -42.5 0.3904 0.0784
 57.5 -37.5 0.3696 0.0619
 57.5 -32.5 0.3568 0.0560
 57.5 -27.5 0.3525 0.0530
 57.5 -22.5 0.3482 0.0501
 57.5 -17.5 0.3399 0.0518
 57.5 -12.5 0.3270 0.0519
 57.5  -7.5 0.3156 0.0489
 57.5  -2.5 0.2927 0.0489
 57.5   2.5 0.2993 0.0559
 57.5   7.5 0.3287 0.0409
 57.5  12.5 0.3204 0.0256
 57.5  17.5    NaN    NaN
 57.5  22.5    NaN    NaN
 57.5  27.5    NaN    NaN
 57.5  32.5    NaN    NaN
 57.5  37.5    NaN    NaN
 57.5  42.5    NaN    NaN
 57.5  47.5    NaN    NaN
 57.5  52.5    NaN    NaN
 57.5  57.5    NaN    NaN
 57.5  62.5    NaN    NaN
 57.5  67.5    NaN    NaN
 57.5  72.5    NaN    NaN
 57.5  77.5    NaN    NaN
 57.5  82.5    NaN    NaN
 57.5  87.5    NaN    NaN
 62.5 -87.5    NaN    NaN
 62.5 -82.5 0.4062    NaN
 62.5 -77.5 0.4342 0.0402
 62.5 -72.5 0.4308 0.0449
 62.5 -67.5 0.4187 0.0512
 62.5 -62.5 0.4302 0.0598
 62.5 -57.5 0.4430 0.0676
 62.5 -52.5 0.4400 0.0787
 62.5 -47.5 0.4173 0.0870
 62.5 -42.5 0.3902 0.0771
 62.5 -37.5 0.3710 0.0612
 62.5 -32.5 0.3581 0.0545
 62.5 -27.5 0.3521 0.0536
 62.5 -22.5 0.3479 0.0502
 62.5 -17.5 0.3416 0.0530
 62.5 -12.5 0.3308 0.0516
 62.5  -7.5 0.3176 0.0494
 62.5  -2.5 0.2980 0.0478
 62.5   2.5 0.3009 0.0538
 62.5   7.5 0.3406 0.0224
 62.5  12.5 0.3113 0.0279
 62.5  17.5    NaN    NaN
 62.5  22.5    NaN    NaN
 62.5  27.5    NaN    NaN
 62.5  32.5    NaN    NaN
 62.5  37.5    NaN    NaN
 62.5  42.5    NaN    NaN
 62.5  47.5    NaN    NaN
 62.5  52.5    NaN    NaN
 62.5  57.5    NaN    NaN
 62.5  62.5    NaN    NaN
 62.5  67.5    NaN    NaN
 62.5  72.5    NaN    NaN
 62.5  77.5    NaN    NaN
 62.5  82.5    NaN    NaN
 62.5  87.5    NaN    NaN
 67.5 -87.5    NaN    NaN
 67.5 -82.5 0.3625 0.0716
 67.5 -77.5 0.4356 0.0403
 67.5 -72.5 0.4328 0.0428
 67.5 -67.5 0.4217 0.0491
 67.5 -62.5 0.4325 0.0595
 67.5 -57.5 0.4431 0.0681
 67.5 -52.5 0.4429 0.0776
 67.5 -47.5 0.4196 0.0858
 67.5 -42.5 0.3922 0.0775
 67.5 -37.5 0.3697 0.0617
 67.5 -32.5 0.3577 0.0554
 67.5 -27.5 0.3520 0.0531
 67.5 -22.5 0.3463 0.0510
 67.5 -17.5 0.3399 0.0514
 67.5 -12.5 0.3329 0.0492
 67.5  -7.5 0.3202 0.0471
 67.5  -2.5 0.3039 0.0449
 67.5   2.5 0.3017 0.0458
 67.5   7.5 0.3107 0.0252
 67.5  12.5 0.3049 0.0348
 67.5  17.5    NaN    NaN
 67.5  22.5    NaN    NaN
 67.5  27.5    NaN    NaN
 67.5  32.5    NaN    NaN
 67.5  37.5    NaN    NaN
 67.5  42.5    NaN    NaN
 67.5  47.5    NaN    NaN
 67.5  52.5    NaN    NaN
 67.5  57.5    NaN    NaN
 67.5  62.5    NaN    NaN
 67.5  67.5    NaN    NaN
 67.5  72.5    NaN    NaN
 67.5  77.5    NaN    NaN
 67.5  82.5    NaN    NaN
 67.5  87.5    NaN    NaN
 72.5 -87.5    NaN    NaN
 72.5 -82.5 0.3677 0.0469
 72.5 -77.5 0.4385 0.0387
 72.5 -72.5 0.4371 0.0410
 72.5 -67.5 0.4252 0.0476
 72.5 -62.5 0.4353 0.0586
 72.5 -57.5 0.4473 0.0667
 72.5 -52.5 0.4433 0.0782
 72.5 -47.5 0.4204 0.0843
 72.5 -42.5 0.3934 0.0765
 72.5 -37.5 0.3726 0.0607
 72.5 -32.5 0.3570 0.0565
 72.5 -27.5 0.3521 0.0535
 72.5 -22.5 0.3460 0.0515
 72.5 -17.5 0.3418 0.0497
 72.5 -12.5 0.3345 0.0460
 72.5  -7.5 0.3219 0.0441
 72.5  -2.5 0.3093 0.0414
 72.5   2.5 0.3095 0.0358
 72.5   7.5 0.3095 0.0228
 72.5  12.5 0.3166 0.0331
 72.5  17.5    NaN    NaN
 72.5  22.5    NaN    NaN
 72.5  27.5    NaN    NaN
 72.5  32.5    NaN    NaN
 72.5  37.5    NaN    NaN
 72.5  42.5    NaN    NaN
 72.5  47.5    NaN    NaN
 72.5  52.5    NaN    NaN
 72.5  57.5    NaN    NaN
 72.5  62.5    NaN    NaN
 72.5  67.5    NaN    NaN
 72.5  72.5    NaN    NaN
 72.5  77.5    NaN    NaN
 72.5  82.5    NaN    NaN
 72.5  87.5    NaN    NaN
 77.5 -87.5    NaN    NaN
 77.5 -82.5 0.3645 0.0390
 77.5 -77.5 0.4415 0.0383
 77.5 -72.5 0.4399 0.0418
 77.5 -67.5 0.4289 0.0481
 77.5 -62.5 0.4333 0.0608
 77.5 -57.5 0.4468 0.0694
 77.5 -52.5 0.4436 0.0785
 77.5 -47.5 0.4217 0.0840
 77.5 -42.5 0.3894 0.0790
 77.5 -37.5 0.3697 0.0618
 77.5 -32.5 0.3570 0.0567
 77.5 -27.5 0.3478 0.0545
 77.5 -22.5 0.3436 0.0524
 77.5 -17.5 0.3413 0.0497
 77.5 -12.5 0.3333 0.0472
 77.5  -7.5 0.3219 0.0441
 77.5  -2.5 0.3121 0.0403
 77.5   2.5 0.3058 0.0369
 77.5   7.5 0.3025 0.0318
 77.5  12.5 0.3024 0.0350
 77.5  17.5    NaN    NaN
 77.5  22.5    NaN    NaN
 77.5  27.5    NaN    NaN
 77.5  32.5    NaN    NaN
 77.5  37.5    NaN    NaN
 77.5  42.5    NaN    NaN
 77.5  47.5    NaN    NaN
 77.5  52.5    NaN    NaN
 77.5  57.5    NaN    NaN
 77.5  62.5    NaN    NaN
 77.5  67.5    NaN    NaN
 77.5  72.5    NaN    NaN
 77.5  77.5    NaN    NaN
 77.5  82.5    NaN    NaN
 77.5  87.5    NaN    NaN
 82.5 -87.5    NaN    NaN
 82.5 -82.5 0.3623 0.0349
 82.5 -77.5 0.4452 0.0376
 82.5 -72.5 0.4429 0.0422
 82.5 -67.5 0.4299 0.0504
 82.5 -62.5 0.4334 0.0598
 82.5 -57.5 0.4458 0.0731
 82.5 -52.5 0.4395 0.0857
 82.5 -47.5 0.4154 0.0896
 82.5 -42.5 0.3896 0.0793
 82.5 -37.5 0.3646 0.0636
 82.5 -32.5 0.3538 0.0591
 82.5 -27.5 0.3453 0.0555
 82.5 -22.5 0.3419 0.0526
 82.5 -17.5 0.3388 0.0502
 82.5 -12.5 0.3339 0.0451
 82.5  -7.5 0.3243 0.0421
 82.5  -2.5 0.3151 0.0393
 82.5   2.5 0.3078 0.0335
 82.5   7.5 0.3072 0.0285
 82.5  12.5 0.3009 0.0259
 82.5  17.5 0.1956    NaN
 82.5  22.5    NaN    NaN
 82.5  27.5    NaN    NaN
 82.5  32.5    NaN    NaN
 82.5  37.5    NaN    NaN
 82.5  42.5    NaN    NaN
 82.5  47.5    NaN    NaN
 82.5  52.5    NaN    NaN
 82.5  57.5    NaN    NaN
 82.5  62.5    NaN    NaN
 82.5  67.5    NaN    NaN
 82.5  72.5    NaN    NaN
 82.5  77.5    NaN    NaN
 82.5  82.5    NaN    NaN
 82.5  87.5    NaN    NaN
 87.5 -87.5    NaN    NaN
 87.5 -82.5 0.3679 0.0321
 87.5 -77.5 0.4466 0.0389
 87.5 -72.5 0.4435 0.0473
 87.5 -67.5 0.4324 0.0511
 87.5 -62.5 0.4351 0.0603
 87.5 -57.5 0.4459 0.0775
 87.5 -52.5 0.4383 0.0909
 87.5 -47.5 0.4121 0.0939
 87.5 -42.5 0.3854 0.0812
 87.5 -37.5 0.3640 0.0632
 87.5 -32.5 0.3545 0.0572
 87.5 -27.5 0.3466 0.0548
 87.5 -22.5 0.3410 0.0524
 87.5 -17.5 0.3385 0.0498
 87.5 -12.5 0.3364 0.0428
 87.5  -7.5 0.3272 0.0395
 87.5  -2.5 0.3167 0.0379
 87.5   2.5 0.3124 0.0318
 87.5   7.5 0.3133 0.0272
 87.5  12.5 0.3050 0.0202
 87.5  17.5 0.2698 0.0290
 87.5  22.5    NaN    NaN
 87.5  27.5    NaN    NaN
 87.5  32.5    NaN    NaN
 87.5  37.5    NaN    NaN
 87.5  42.5    NaN    NaN
 87.5  47.5    NaN    NaN
 87.5  52.5    NaN    NaN
 87.5  57.5    NaN    NaN
 87.5  62.5    NaN    NaN
 87.5  67.5    NaN    NaN
 87.5  72.5    NaN    NaN
 87.5  77.5    NaN    NaN
 87.5  82.5    NaN    NaN
 87.5  87.5    NaN    NaN
 92.5 -87.5    NaN    NaN
 92.5 -82.5 0.3752 0.0242
 92.5 -77.5 0.4520 0.0385
 92.5 -72.5 0.4459 0.0495
 92.5 -67.5 0.4312 0.0550
 92.5 -62.5 0.4332 0.0641
 92.5 -57.5 0.4432 0.0811
 92.5 -52.5 0.4377 0.0954
 92.5 -47.5 0.4172 0.0943
 92.5 -42.5 0.3890 0.0792
 92.5 -37.5 0.3668 0.0618
 92.5 -32.5 0.3573 0.0548
 92.5 -27.5 0.3517 0.0524
 92.5 -22.5 0.3446 0.0499
 92.5 -17.5 0.3390 0.0497
 92.5 -12.5 0.3396 0.0412
 92.5  -7.5 0.3307 0.0390
 92.5  -2.5 0.3189 0.0416
 92.5   2.5 0.3191 0.0335
 92.5   7.5 0.3220 0.0250
 92.5  12.5 0.3147 0.0161
 92.5  17.5 0.2920 0.0270
 92.5  22.5    NaN    NaN
 92.5  27.5    NaN    NaN
 92.5  32.5    NaN    NaN
 92.5  37.5    NaN    NaN
 92.5  42.5    NaN    NaN
 92.5  47.5    NaN    NaN
 92.5  52.5    NaN    NaN
 92.5  57.5    NaN    NaN
 92.5  62.5    NaN    NaN
 92.5  67.5    NaN    NaN
 92.5  72.5    NaN    NaN
 92.5  77.5    NaN    NaN
 92.5  82.5    NaN    NaN
 92.5  87.5    NaN    NaN
 97.5 -87.5    NaN    NaN
 97.5 -82.5 0.3876 0.0183
 97.5 -77.5 0.4553 0.0415
 97.5 -72.5 0.4455 0.0541
 97.5 -67.5 0.4323 0.0592
 97.5 -62.5 0.4361 0.0652
 97.5 -57.5 0.4487 0.0808
 97.5 -52.5 0.4461 0.0953
 97.5 -47.5 0.4239 0.0952
 97.5 -42.5 0.3925 0.0773
 97.5 -37.5 0.3648 0.0648
 97.5 -32.5 0.3547 0.0565
 97.5 -27.5 0.3501 0.0528
 97.5 -22.5 0.3447 0.0502
 97.5 -17.5 0.3368 0.0495
 97.5 -12.5 0.3317 0.0438
 97.5  -7.5 0.3271 0.0377
 97.5  -2.5 0.3195 0.0401
 97.5   2.5 0.3188 0.0329
 97.5   7.5 0.3191 0.0293
 97.5  12.5 0.3182 0.0186
 97.5  17.5 0.3115 0.0090
 97.5  22.5    NaN    NaN
 97.5  27.5    NaN    NaN
 97.5  32.5    NaN    NaN
 97.5  37.5    NaN    NaN
 97.5  42.5    NaN    NaN
 97.5  47.5    NaN    NaN
 97.5  52.5    NaN    NaN
 97.5  57.5    NaN    NaN
 97.5  62.5    NaN    NaN
 97.5  67.5    NaN    NaN
 97.5  72.5    NaN    NaN
 97.5  77.5    NaN    NaN
 97.5  82.5    NaN    NaN
 97.5  87.5    NaN    NaN
102.5 -87.5    NaN    NaN
102.5 -82.5 0.3880 0.0116
102.5 -77.5 0.4559 0.0435
102.5 -72.5 0.4444 0.0592
102.5 -67.5 0.4343 0.0623
102.5 -62.5 0.4425 0.0670
102.5 -57.5 0.4548 0.0804
102.5 -52.5 0.4450 0.0985
102.5 -47.5 0.4162 0.1015
102.5 -42.5 0.3847 0.0838
102.5 -37.5 0.3640 0.0665
102.5 -32.5 0.3490 0.0590
102.5 -27.5 0.3435 0.0543
102.5 -22.5 0.3402 0.0498
102.5 -17.5 0.3358 0.0451
102.5 -12.5 0.3332 0.0404
102.5  -7.5 0.3263 0.0382
102.5  -2.5 0.3203 0.0385
102.5   2.5 0.3243 0.0331
102.5   7.5 0.3214 0.0250
102.5  12.5 0.3187 0.0221
102.5  17.5 0.3162 0.0116
102.5  22.5    NaN    NaN
102.5  27.5    NaN    NaN
102.5  32.5    NaN    NaN
102.5  37.5    NaN    NaN
102.5  42.5    NaN    NaN
102.5  47.5    NaN    NaN
102.5  52.5    NaN    NaN
102.5  57.5    NaN    NaN
102.5  62.5    NaN    NaN
102.5  67.5    NaN    NaN
102.5  72.5    NaN    NaN
102.5  77.5    NaN    NaN
102.5  82.5    NaN    NaN
102.5  87.5    NaN    NaN
107.5 -87.5    NaN    NaN
107.5 -82.5 0.3946 0.0131
107.5 -77.5 0.4554 0.0454
107.5 -72.5 0.4443 0.0632
107.5 -67.5 0.4379 0.0654
107.5 -62.5 0.4461 0.0677
107.5 -57.5 0.4524 0.0839
107.5 -52.5 0.4364 0.1067
107.5 -47.5 0.4146 0.1056
107.5 -42.5 0.3781 0.0890
107.5 -37.5 0.3591 0.0680
107.5 -32.5 0.3488 0.0579
107.5 -27.5 0.3436 0.0523
107.5 -22.5 0.3400 0.0479
107.5 -17.5 0.3354 0.0410
107.5 -12.5 0.3320 0.0398
107.5  -7.5 0.3246 0.0393
107.5  -2.5 0.3184 0.0402
107.5   2.5 0.3256 0.0351
107.5   7.5 0.3258 0.0280
107.5  12.5 0.3226 0.0237
107.5  17.5 0.3122 0.0162
107.5  22.5    NaN    NaN
107.5  27.5    NaN    NaN
107.5  32.5    NaN    NaN
107.5  37.5    NaN    NaN
107.5  42.5    NaN    NaN
107.5  47.5    NaN    NaN
107.5  52.5    NaN    NaN
107.5  57.5    NaN    NaN
107.5  62.5    NaN    NaN
107.5  67.5    NaN    NaN
107.5  72.5    NaN    NaN
107.5  77.5    NaN    NaN
107.5  82.5    NaN    NaN
107.5  87.5    NaN    NaN
112.5 -87.5    NaN    NaN
112.5 -82.5 0.3976 0.0154
112.5 -77.5 0.4547 0.0475
112.5 -72.5 0.4487 0.0650
112.5 -67.5 0.4409 0.0671
112.5 -62.5 0.4442 0.0691
112.5 -57.5 0.4480 0.0885
112.5 -52.5 0.4393 0.1061
112.5 -47.5 0.4151 0.1055
112.5 -42.5 0.3839 0.0891
112.5 -37.5 0.3633 0.0673
112.5 -32.5 0.3533 0.0545
112.5 -27.5 0.3478 0.0496
112.5 -22.5 0.3436 0.0442
112.5 -17.5 0.3398 0.0378
112.5 -12.5 0.3357 0.0388
112.5  -7.5 0.3269 0.0413
112.5  -2.5 0.3189 0.0431
112.5   2.5 0.3256 0.0406
112.5   7.5 0.3320 0.0353
112.5  12.5 0.3216 0.0261
112.5  17.5 0.3102 0.0180
112.5  22.5    NaN    NaN
112.5  27.5    NaN    NaN
112.5  32.5    NaN    NaN
112.5  37.5    NaN    NaN
112.5  42.5    NaN    NaN
112.5  47.5    NaN    NaN
112.5  52.5    NaN    NaN
112.5  57.5    NaN    NaN
112.5  62.5    NaN    NaN
112.5  67.5    NaN    NaN
112.5  72.5    NaN    NaN
112.5  77.5    NaN    NaN
112.5  82.5    NaN    NaN
112.5  87.5    NaN    NaN
117.5 -87.5    NaN    NaN
117.5 -82.5 0.3985 0.0178
117.5 -77.5 0.4536 0.0546
117.5 -72.5 0.4522 0.0652
117.5 -67.5 0.4429 0.0674
117.5 -62.5 0.4464 0.0697
117.5 -57.5 0.4557 0.0872
117.5 -52.5 0.4473 0.1034
117.5 -47.5 0.4222 0.1030
117.5 -42.5 0.3922 0.0884
117.5 -37.5 0.3691 0.0652
117.5 -32.5 0.3580 0.0523
117.5 -27.5 0.3502 0.0482
117.5 -22.5 0.3474 0.0414
117.5 -17.5 0.3412 0.0388
117.5 -12.5 0.3362 0.0412
117.5  -7.5 0.3292 0.0440
117.5  -2.5 0.3220 0.0476
117.5   2.5 0.3218 0.0460
117.5   7.5 0.3317 0.0375
117.5  12.5 0.3213 0.0275
117.5  17.5 0.3076 0.0218
117.5  22.5    NaN    NaN
117.5  27.5    NaN    NaN
117.5  32.5    NaN    NaN
117.5  37.5    NaN    NaN
117.5  42.5    NaN    NaN
117.5  47.5    NaN    NaN
117.5  52.5    NaN    NaN
117.5  57.5    NaN    NaN
117.5  62.5    NaN    NaN
117.5  67.5    NaN    NaN
117.5  72.5    NaN    NaN
117.5  77.5    NaN    NaN
117.5  82.5    NaN    NaN
117.5  87.5    NaN    NaN
122.5 -87.5    NaN    NaN
122.5 -82.5 0.4003 0.0205
122.5 -77.5 0.4557 0.0566
122.5 -72.5 0.4546 0.0666
122.5 -67.5 0.4468 0.0684
122.5 -62.5 0.4532 0.0703
122.5 -57.5 0.4657 0.0849
122.5 -52.5 0.4548 0.0988
122.5 -47.5 0.4260 0.1022
122.5 -42.5 0.3965 0.0881
122.5 -37.5 0.3734 0.0642
122.5 -32.5 0.3615 0.0511
122.5 -27.5 0.3536 0.0480
122.5 -22.5 0.3519 0.0412
122.5 -17.5 0.3426 0.0405
122.5 -12.5 0.3371 0.0440
122.5  -7.5 0.3288 0.0456
122.5  -2.5 0.3202 0.0495
122.5   2.5 0.3192 0.0468
122.5   7.5 0.3271 0.0383
122.5  12.5 0.3198 0.0280
122.5  17.5 0.3013 0.0173
122.5  22.5    NaN    NaN
122.5  27.5    NaN    NaN
122.5  32.5    NaN    NaN
122.5  37.5    NaN    NaN
122.5  42.5    NaN    NaN
122.5  47.5    NaN    NaN
122.5  52.5    NaN    NaN
122.5  57.5    NaN    NaN
122.5  62.5    NaN    NaN
122.5  67.5    NaN    NaN
122.5  72.5    NaN    NaN
122.5  77.5    NaN    NaN
122.5  82.5    NaN    NaN
122.5  87.5    NaN    NaN
127.5 -87.5    NaN    NaN
127.5 -82.5 0.3955 0.0278
127.5 -77.5 0.4594 0.0584
127.5 -72.5 0.4560 0.0677
127.5 -67.5 0.4550 0.0722
127.5 -62.5 0.4603 0.0715
127.5 -57.5 0.4703 0.0838
127.5 -52.5 0.4618 0.0962
127.5 -47.5 0.4338 0.0997
127.5 -42.5 0.4034 0.0866
127.5 -37.5 0.3793 0.0642
127.5 -32.5 0.3652 0.0491
127.5 -27.5 0.3588 0.0470
127.5 -22.5 0.3555 0.0445
127.5 -17.5 0.3463 0.0424
127.5 -12.5 0.3360 0.0450
127.5  -7.5 0.3262 0.0465
127.5  -2.5 0.3201 0.0520
127.5   2.5 0.3190 0.0487
127.5   7.5 0.3256 0.0400
127.5  12.5 0.3174 0.0280
127.5  17.5 0.2914 0.0169
127.5  22.5    NaN    NaN
127.5  27.5    NaN    NaN
127.5  32.5    NaN    NaN
127.5  37.5    NaN    NaN
127.5  42.5    NaN    NaN
127.5  47.5    NaN    NaN
127.5  52.5    NaN    NaN
127.5  57.5    NaN    NaN
127.5  62.5    NaN    NaN
127.5  67.5    NaN    NaN
127.5  72.5    NaN    NaN
127.5  77.5    NaN    NaN
127.5  82.5    NaN    NaN
127.5  87.5    NaN    NaN
132.5 -87.5    NaN    NaN
132.5 -82.5 0.3932 0.0294
132.5 -77.5 0.4608 0.0600
132.5 -72.5 0.4603 0.0692
132.5 -67.5 0.4620 0.0757
132.5 -62.5 0.4655 0.0755
132.5 -57.5 0.4762 0.0821
132.5 -52.5 0.4699 0.0931
132.5 -47.5 0.4385 0.0970
132.5 -42.5 0.4060 0.0851
132.5 -37.5 0.3807 0.0651
132.5 -32.5 0.3663 0.0484
132.5 -27.5 0.3592 0.0458
132.5 -22.5 0.3563 0.0469
132.5 -17.5 0.3490 0.0434
132.5 -12.5 0.3372 0.0458
132.5  -7.5 0.3273 0.0475
132.5  -2.5 0.3211 0.0505
132.5   2.5 0.3138 0.0464
132.5   7.5 0.3198 0.0369
132.5  12.5 0.3074 0.0317
132.5  17.5 0.2830 0.0180
132.5  22.5    NaN    NaN
132.5  27.5    NaN    NaN
132.5  32.5    NaN    NaN
132.5  37.5    NaN    NaN
132.5  42.5    NaN    NaN
132.5  47.5    NaN    NaN
132.5  52.5    NaN    NaN
132.5  57.5    NaN    NaN
132.5  62.5    NaN    NaN
132.5  67.5    NaN    NaN
132.5  72.5    NaN    NaN
132.5  77.5    NaN    NaN
132.5  82.5    NaN    NaN
132.5  87.5    NaN    NaN
137.5 -87.5    NaN    NaN
137.5 -82.5 0.3931 0.0310
137.5 -77.5 0.4613 0.0592
137.5 -72.5 0.4636 0.0718
137.5 -67.5 0.4657 0.0806
137.5 -62.5 0.4718 0.0784
137.5 -57.5 0.4801 0.0811
137.5 -52.5 0.4737 0.0903
137.5 -47.5 0.4409 0.0944
137.5 -42.5 0.4103 0.0840
137.5 -37.5 0.3833 0.0653
137.5 -32.5 0.3682 0.0490
137.5 -27.5 0.3598 0.0456
137.5 -22.5 0.3563 0.0467
137.5 -17.5 0.3522 0.0455
137.5 -12.5 0.3391 0.0496
137.5  -7.5 0.3273 0.0519
137.5  -2.5 0.3210 0.0524
137.5   2.5 0.3073 0.0426
137.5   7.5 0.3107 0.0316
137.5  12.5 0.2957 0.0260
137.5  17.5 0.2877 0.0219
137.5  22.5    NaN    NaN
137.5  27.5    NaN    NaN
137.5  32.5    NaN    NaN
137.5  37.5    NaN    NaN
137.5  42.5    NaN    NaN
137.5  47.5    NaN    NaN
137.5  52.5    NaN    NaN
137.5  57.5    NaN    NaN
137.5  62.5    NaN    NaN
137.5  67.5    NaN    NaN
137.5  72.5    NaN    NaN
137.5  77.5    NaN    NaN
137.5  82.5    NaN    NaN
137.5  87.5    NaN    NaN
142.5 -87.5    NaN    NaN
142.5 -82.5 0.3934 0.0338
142.5 -77.5 0.4636 0.0598
142.5 -72.5 0.4647 0.0751
142.5 -67.5 0.4713 0.0840
142.5 -62.5 0.4750 0.0824
142.5 -57.5 0.4859 0.0819
142.5 -52.5 0.4771 0.0904
142.5 -47.5 0.4456 0.0923
142.5 -42.5 0.4134 0.0827
142.5 -37.5 0.3862 0.0642
142.5 -32.5 0.3695 0.0505
142.5 -27.5 0.3599 0.0463
142.5 -22.5 0.3543 0.0480
142.5 -17.5 0.3485 0.0494
142.5 -12.5 0.3399 0.0512
142.5  -7.5 0.3279 0.0523
142.5  -2.5 0.3175 0.0516
142.5   2.5 0.3054 0.0420
142.5   7.5 0.3034 0.0274
142.5  12.5 0.2879 0.0201
142.5  17.5 0.2544 0.0330
142.5  22.5    NaN    NaN
142.5  27.5    NaN    NaN
142.5  32.5    NaN    NaN
142.5  37.5    NaN    NaN
142.5  42.5    NaN    NaN
142.5  47.5    NaN    NaN
142.5  52.5    NaN    NaN
142.5  57.5    NaN    NaN
142.5  62.5    NaN    NaN
142.5  67.5    NaN    NaN
142.5  72.5    NaN    NaN
142.5  77.5    NaN    NaN
142.5  82.5    NaN    NaN
142.5  87.5    NaN    NaN
147.5 -87.5    NaN    NaN
147.5 -82.5 0.3873 0.0384
147.5 -77.5 0.4649 0.0619
147.5 -72.5 0.4687 0.0768
147.5 -67.5 0.4719 0.0875
147.5 -62.5 0.4778 0.0889
147.5 -57.5 0.4867 0.0888
147.5 -52.5 0.4800 0.0917
147.5 -47.5 0.4494 0.0915
147.5 -42.5 0.4133 0.0825
147.5 -37.5 0.3882 0.0652
147.5 -32.5 0.3706 0.0512
147.5 -27.5 0.3580 0.0486
147.5 -22.5 0.3528 0.0490
147.5 -17.5 0.3457 0.0512
147.5 -12.5 0.3374 0.0518
147.5  -7.5 0.3242 0.0481
147.5  -2.5 0.3093 0.0478
147.5   2.5 0.3060 0.0426
147.5   7.5 0.2967 0.0237
147.5  12.5 0.2856 0.0170
147.5  17.5 0.2588 0.0169
147.5  22.5    NaN    NaN
147.5  27.5    NaN    NaN
147.5  32.5    NaN    NaN
147.5  37.5    NaN    NaN
147.5  42.5    NaN    NaN
147.5  47.5    NaN    NaN
147.5  52.5    NaN    NaN
147.5  57.5    NaN    NaN
147.5  62.5    NaN    NaN
147.5  67.5    NaN    NaN
147.5  72.5    NaN    NaN
147.5  77.5    NaN    NaN
147.5  82.5    NaN    NaN
147.5  87.5    NaN    NaN
152.5 -87.5    NaN    NaN
152.5 -82.5 0.3838 0.0378
152.5 -77.5 0.4659 0.0645
152.5 -72.5 0.4674 0.0827
152.5 -67.5 0.4750 0.0906
152.5 -62.5 0.4787 0.0955
152.5 -57.5 0.4876 0.0951
152.5 -52.5 0.4791 0.0960
152.5 -47.5 0.4534 0.0918
152.5 -42.5 0.4151 0.0811
152.5 -37.5 0.3878 0.0659
152.5 -32.5 0.3701 0.0522
152.5 -27.5 0.3581 0.0494
152.5 -22.5 0.3498 0.0500
152.5 -17.5 0.3419 0.0523
152.5 -12.5 0.3317 0.0518
152.5  -7.5 0.3205 0.0448
152.5  -2.5 0.3063 0.0469
152.5   2.5 0.3039 0.0402
152.5   7.5 0.2901 0.0217
152.5  12.5 0.2871 0.0113
152.5  17.5 0.2601 0.0112
152.5  22.5    NaN    NaN
152.5  27.5    NaN    NaN
152.5  32.5    NaN    NaN
152.5  37.5    NaN    NaN
152.5  42.5    NaN    NaN
152.5  47.5    NaN    NaN
152.5  52.5    NaN    NaN
152.5  57.5    NaN    NaN
152.5  62.5    NaN    NaN
152.5  67.5    NaN    NaN
152.5  72.5    NaN    NaN
152.5  77.5    NaN    NaN
152.5  82.5    NaN    NaN
152.5  87.5    NaN    NaN
157.5 -87.5    NaN    NaN
157.5 -82.5 0.3816 0.0333
157.5 -77.5 0.4654 0.0669
157.5 -72.5 0.4701 0.0847
157.5 -67.5 0.4730 0.0961
157.5 -62.5 0.4793 0.1017
157.5 -57.5 0.4878 0.1016
157.5 -52.5 0.4806 0.0987
157.5 -47.5 0.4540 0.0927
157.5 -42.5 0.4152 0.0800
157.5 -37.5 0.3851 0.0654
157.5 -32.5 0.3693 0.0533
157.5 -27.5 0.3578 0.0492
157.5 -22.5 0.3484 0.0511
157.5 -17.5 0.3376 0.0533
157.5 -12.5 0.3236 0.0529
157.5  -7.5 0.3156 0.0493
157.5  -2.5 0.3038 0.0489
157.5   2.5 0.3028 0.0402
157.5   7.5 0.2904 0.0243
157.5  12.5 0.2784 0.0156
157.5  17.5 0.2612 0.0132
157.5  22.5    NaN    NaN
157.5  27.5    NaN    NaN
157.5  32.5    NaN    NaN
157.5  37.5    NaN    NaN
157.5  42.5    NaN    NaN
157.5  47.5    NaN    NaN
157.5  52.5    NaN    NaN
157.5  57.5    NaN    NaN
157.5  62.5    NaN    NaN
157.5  67.5    NaN    NaN
157.5  72.5    NaN    NaN
157.5  77.5    NaN    NaN
157.5  82.5    NaN    NaN
157.5  87.5    NaN    NaN
162.5 -87.5    NaN    NaN
162.5 -82.5 0.3873 0.0352
162.5 -77.5 0.4618 0.0737
162.5 -72.5 0.4675 0.0900
162.5 -67.5 0.4750 0.0997
162.5 -62.5 0.4813 0.1054
162.5 -57.5 0.4856 0.1087
162.5 -52.5 0.4781 0.1039
162.5 -47.5 0.4512 0.0944
162.5 -42.5 0.4145 0.0801
162.5 -37.5 0.3830 0.0645
162.5 -32.5 0.3675 0.0547
162.5 -27.5 0.3566 0.0489
162.5 -22.5 0.3442 0.0510
162.5 -17.5 0.3345 0.0538
162.5 -12.5 0.3176 0.0529
162.5  -7.5 0.3094 0.0528
162.5  -2.5 0.3033 0.0499
162.5   2.5 0.3002 0.0457
162.5   7.5 0.2818 0.0341
162.5  12.5 0.2764 0.0274
162.5  17.5 0.2670 0.0141
162.5  22.5 0.2645    NaN
162.5  27.5    NaN    NaN
162.5  32.5    NaN    NaN
162.5  37.5    NaN    NaN
162.5  42.5    NaN    NaN
162.5  47.5    NaN    NaN
162.5  52.5    NaN    NaN
162.5  57.5    NaN    NaN
162.5  62.5    NaN    NaN
162.5  67.5    NaN    NaN
162.5  72.5    NaN    NaN
162.5  77.5    NaN    NaN
162.5  82.5    NaN    NaN
162.5  87.5    NaN    NaN
167.5 -87.5    NaN    NaN
167.5 -82.5 0.3836 0.0360
167.5 -77.5 0.4609 0.0760
167.5 -72.5 0.4662 0.0938
167.5 -67.5 0.4705 0.1060
167.5 -62.5 0.4793 0.1107
167.5 -57.5 0.4889 0.1134
167.5 -52.5 0.4797 0.1065
167.5 -47.5 0.4497 0.0950
167.5 -42.5 0.4126 0.0813
167.5 -37.5 0.3793 0.0645
167.5 -32.5 0.3630 0.0565
167.5 -27.5 0.3532 0.0511
167.5 -22.5 0.3413 0.0512
167.5 -17.5 0.3274 0.0550
167.5 -12.5 0.3119 0.0553
167.5  -7.5 0.3008 0.0567
167.5  -2.5 0.3010 0.0571
167.5   2.5 0.2927 0.0498
167.5   7.5 0.2740 0.0440
167.5  12.5 0.2808 0.0302
167.5  17.5 0.2730 0.0166
167.5  22.5 0.2561 0.0148
167.5  27.5    NaN    NaN
167.5  32.5    NaN    NaN
167.5  37.5    NaN    NaN
167.5  42.5    NaN    NaN
167.5  47.5    NaN    NaN
167.5  52.5    NaN    NaN
167.5  57.5    NaN    NaN
167.5  62.5    NaN    NaN
167.5  67.5    NaN    NaN
167.5  72.5    NaN    NaN
167.5  77.5    NaN    NaN
167.5  82.5    NaN    NaN
167.5  87.5    NaN    NaN
172.5 -87.5    NaN    NaN
172.5 -82.5 0.3781 0.0302
172.5 -77.5 0.4589 0.0782
172.5 -72.5 0.4625 0.0971
172.5 -67.5 0.4682 0.1086
172.5 -62.5 0.4804 0.1133
172.5 -57.5 0.4899 0.1165
172.5 -52.5 0.4793 0.1094
172.5 -47.5 0.4482 0.0991
172.5 -42.5 0.4089 0.0826
172.5 -37.5 0.3778 0.0665
172.5 -32.5 0.3583 0.0575
172.5 -27.5 0.3475 0.0549
172.5 -22.5 0.3397 0.0523
172.5 -17.5 0.3226 0.0542
172.5 -12.5 0.3054 0.0568
172.5  -7.5 0.2927 0.0628
172.5  -2.5 0.2978 0.0679
172.5   2.5 0.2896 0.0576
172.5   7.5 0.2760 0.0630
172.5  12.5 0.2945 0.0361
172.5  17.5 0.2721 0.0167
172.5  22.5 0.2564 0.0146
172.5  27.5    NaN    NaN
172.5  32.5    NaN    NaN
172.5  37.5    NaN    NaN
172.5  42.5    NaN    NaN
172.5  47.5    NaN    NaN
172.5  52.5    NaN    NaN
172.5  57.5    NaN    NaN
172.5  62.5    NaN    NaN
172.5  67.5    NaN    NaN
172.5  72.5    NaN    NaN
172.5  77.5    NaN    NaN
172.5  82.5    NaN    NaN
172.5  87.5    NaN    NaN
177.5 -87.5    NaN    NaN
177.5 -82.5 0.3737 0.0321
177.5 -77.5 0.4564 0.0796
177.5 -72.5 0.4624 0.0989
177.5 -67.5 0.4676 0.1114
177.5 -62.5 0.4779 0.1172
177.5 -57.5 0.4865 0.1211
177.5 -52.5 0.4751 0.1158
177.5 -47.5 0.4462 0.1004
177.5 -42.5 0.4048 0.0823
177.5 -37.5 0.3740 0.0672
177.5 -32.5 0.3555 0.0587
177.5 -27.5 0.3429 0.0567
177.5 -22.5 0.3352 0.0532
177.5 -17.5 0.3207 0.0545
177.5 -12.5 0.3007 0.0574
177.5  -7.5 0.2908 0.0624
177.5  -2.5 0.2929 0.0712
177.5   2.5 0.2912 0.0609
177.5   7.5 0.2942 0.0724
177.5  12.5 0.3052 0.0456
177.5  17.5 0.2757 0.0153
177.5  22.5 0.2443 0.0028
177.5  27.5    NaN    NaN
177.5  32.5    NaN    NaN
177.5  37.5    NaN    NaN
177.5  42.5    NaN    NaN
177.5  47.5    NaN    NaN
177.5  52.5    NaN    NaN
177.5  57.5    NaN    NaN
177.5  62.5    NaN    NaN
177.5  67.5    NaN    NaN
177.5  72.5    NaN    NaN
177.5  77.5    NaN    NaN
177.5  82.5    NaN    NaN
177.5  87.5    NaN    NaN
182.5 -87.5    NaN    NaN
182.5 -82.5 0.3725 0.0276
182.5 -77.5 0.4529 0.0821
182.5 -72.5 0.4620 0.1003
182.5 -67.5 0.4635 0.1119
182.5 -62.5 0.4759 0.1218
182.5 -57.5 0.4825 0.1250
182.5 -52.5 0.4731 0.1194
182.5 -47.5 0.4431 0.1019
182.5 -42.5 0.4022 0.0821
182.5 -37.5 0.3687 0.0675
182.5 -32.5 0.3531 0.0594
182.5 -27.5 0.3401 0.0570
182.5 -22.5 0.3289 0.0556
182.5 -17.5 0.3165 0.0558
182.5 -12.5 0.2975 0.0592
182.5  -7.5 0.2901 0.0641
182.5  -2.5 0.2816 0.0648
182.5   2.5 0.2846 0.0717
182.5   7.5 0.3013 0.0870
182.5  12.5 0.2982 0.0511
182.5  17.5 0.2702 0.0112
182.5  22.5 0.2016 0.0122
182.5  27.5    NaN    NaN
182.5  32.5    NaN    NaN
182.5  37.5    NaN    NaN
182.5  42.5    NaN    NaN
182.5  47.5    NaN    NaN
182.5  52.5    NaN    NaN
182.5  57.5    NaN    NaN
182.5  62.5    NaN    NaN
182.5  67.5    NaN    NaN
182.5  72.5    NaN    NaN
182.5  77.5    NaN    NaN
182.5  82.5    NaN    NaN
182.5  87.5    NaN    NaN
187.5 -87.5    NaN    NaN
187.5 -82.5 0.3731 0.0311
187.5 -77.5 0.4503 0.0819
187.5 -72.5 0.4608 0.1000
187.5 -67.5 0.4582 0.1142
187.5 -62.5 0.4730 0.1247
187.5 -57.5 0.4816 0.1280
187.5 -52.5 0.4704 0.1239
187.5 -47.5 0.4366 0.1057
187.5 -42.5 0.3977 0.0836
187.5 -37.5 0.3656 0.0673
187.5 -32.5 0.3499 0.0599
187.5 -27.5 0.3367 0.0564
187.5 -22.5 0.3217 0.0563
187.5 -17.5 0.3103 0.0572
187.5 -12.5 0.2943 0.0626
187.5  -7.5 0.2875 0.0666
187.5  -2.5 0.2747 0.0656
187.5   2.5 0.2903 0.0772
187.5   7.5 0.3050 0.0952
187.5  12.5 0.2908 0.0520
187.5  17.5 0.2480 0.0101
187.5  22.5    NaN    NaN
187.5  27.5    NaN    NaN
187.5  32.5    NaN    NaN
187.5  37.5    NaN    NaN
187.5  42.5    NaN    NaN
187.5  47.5    NaN    NaN
187.5  52.5    NaN    NaN
187.5  57.5    NaN    NaN
187.5  62.5    NaN    NaN
187.5  67.5    NaN    NaN
187.5  72.5    NaN    NaN
187.5  77.5    NaN    NaN
187.5  82.5    NaN    NaN
187.5  87.5    NaN    NaN
192.5 -87.5    NaN    NaN
192.5 -82.5 0.3706 0.0333
192.5 -77.5 0.4471 0.0819
192.5 -72.5 0.4522 0.1051
192.5 -67.5 0.4563 0.1135
192.5 -62.5 0.4705 0.1250
192.5 -57.5 0.4796 0.1304
192.5 -52.5 0.4691 0.1244
192.5 -47.5 0.4335 0.1043
192.5 -42.5 0.3946 0.0831
192.5 -37.5 0.3633 0.0675
192.5 -32.5 0.3463 0.0606
192.5 -27.5 0.3338 0.0568
192.5 -22.5 0.3170 0.0567
192.5 -17.5 0.3039 0.0600
192.5 -12.5 0.2876 0.0650
192.5  -7.5 0.2806 0.0703
192.5  -2.5 0.2763 0.0781
192.5   2.5 0.2787 0.0823
192.5   7.5 0.3129 0.0851
192.5  12.5 0.2757 0.0535
192.5  17.5 0.2158 0.0213
192.5  22.5    NaN    NaN
192.5  27.5    NaN    NaN
192.5  32.5    NaN    NaN
192.5  37.5    NaN    NaN
192.5  42.5    NaN    NaN
192.5  47.5    NaN    NaN
192.5  52.5    NaN    NaN
192.5  57.5    NaN    NaN
192.5  62.5    NaN    NaN
192.5  67.5    NaN    NaN
192.5  72.5    NaN    NaN
192.5  77.5    NaN    NaN
192.5  82.5    NaN    NaN
192.5  87.5    NaN    NaN
197.5 -87.5    NaN    NaN
197.5 -82.5 0.3776 0.0372
197.5 -77.5 0.4433 0.0825
197.5 -72.5 0.4499 0.1043
197.5 -67.5 0.4508 0.1147
197.5 -62.5 0.4651 0.1242
197.5 -57.5 0.4766 0.1311
197.5 -52.5 0.4670 0.1253
197.5 -47.5 0.4322 0.1053
197.5 -42.5 0.3929 0.0831
197.5 -37.5 0.3641 0.0668
197.5 -32.5 0.3453 0.0590
197.5 -27.5 0.3293 0.0559
197.5 -22.5 0.3169 0.0566
197.5 -17.5 0.2999 0.0610
197.5 -12.5 0.2818 0.0660
197.5  -7.5 0.2736 0.0725
197.5  -2.5 0.2791 0.0828
197.5   2.5 0.2721 0.0860
197.5   7.5 0.3515 0.0748
197.5  12.5 0.3068 0.0697
197.5  17.5 0.2528    NaN
197.5  22.5    NaN    NaN
197.5  27.5    NaN    NaN
197.5  32.5    NaN    NaN
197.5  37.5    NaN    NaN
197.5  42.5    NaN    NaN
197.5  47.5    NaN    NaN
197.5  52.5    NaN    NaN
197.5  57.5    NaN    NaN
197.5  62.5    NaN    NaN
197.5  67.5    NaN    NaN
197.5  72.5    NaN    NaN
197.5  77.5    NaN    NaN
197.5  82.5    NaN    NaN
197.5  87.5    NaN    NaN
202.5 -87.5    NaN    NaN
202.5 -82.5 0.3818 0.0364
202.5 -77.5 0.4371 0.0852
202.5 -72.5 0.4438 0.1058
202.5 -67.5 0.4482 0.1129
202.5 -62.5 0.4620 0.1219
202.5 -57.5 0.4734 0.1303
202.5 -52.5 0.4640 0.1261
202.5 -47.5 0.4320 0.1058
202.5 -42.5 0.3908 0.0814
202.5 -37.5 0.3638 0.0667
202.5 -32.5 0.3437 0.0595
202.5 -27.5 0.3269 0.0562
202.5 -22.5 0.3157 0.0573
202.5 -17.5 0.2957 0.0605
202.5 -12.5 0.2743 0.0646
202.5  -7.5 0.2725 0.0835
202.5  -2.5 0.2734 0.0805
202.5   2.5 0.2549 0.0923
202.5   7.5 0.2921 0.0902
202.5  12.5 0.3083 0.0601
202.5  17.5 0.2616    NaN
202.5  22.5    NaN    NaN
202.5  27.5    NaN    NaN
202.5  32.5    NaN    NaN
202.5  37.5    NaN    NaN
202.5  42.5    NaN    NaN
202.5  47.5    NaN    NaN
202.5  52.5    NaN    NaN
202.5  57.5    NaN    NaN
202.5  62.5    NaN    NaN
202.5  67.5    NaN    NaN
202.5  72.5    NaN    NaN
202.5  77.5    NaN    NaN
202.5  82.5    NaN    NaN
202.5  87.5    NaN    NaN
207.5 -87.5    NaN    NaN
207.5 -82.5 0.3852 0.0401
207.5 -77.5 0.4320 0.0859
207.5 -72.5 0.4411 0.1051
207.5 -67.5 0.4435 0.1118
207.5 -62.5 0.4580 0.1194
207.5 -57.5 0.4688 0.1289
207.5 -52.5 0.4604 0.1269
207.5 -47.5 0.4298 0.1076
207.5 -42.5 0.3882 0.0796
207.5 -37.5 0.3609 0.0663
207.5 -32.5 0.3400 0.0615
207.5 -27.5 0.3242 0.0591
207.5 -22.5 0.3086 0.0586
207.5 -17.5 0.2848 0.0594
207.5 -12.5 0.2668 0.0669
207.5  -7.5 0.2658 0.0806
207.5  -2.5 0.2623 0.0789
207.5   2.5 0.2443 0.0931
207.5   7.5 0.2821 0.0836
207.5  12.5 0.3069 0.0498
207.5  17.5 0.2688    NaN
207.5  22.5    NaN    NaN
207.5  27.5    NaN    NaN
207.5  32.5    NaN    NaN
207.5  37.5    NaN    NaN
207.5  42.5    NaN    NaN
207.5  47.5    NaN    NaN
207.5  52.5    NaN    NaN
207.5  57.5    NaN    NaN
207.5  62.5    NaN    NaN
207.5  67.5    NaN    NaN
207.5  72.5    NaN    NaN
207.5  77.5    NaN    NaN
207.5  82.5    NaN    NaN
207.5  87.5    NaN    NaN
212.5 -87.5    NaN    NaN
212.5 -82.5 0.3946 0.0368
212.5 -77.5 0.4286 0.0850
212.5 -72.5 0.4377 0.1040
212.5 -67.5 0.4404 0.1088
212.5 -62.5 0.4524 0.1178
212.5 -57.5 0.4620 0.1249
212.5 -52.5 0.4524 0.1281
212.5 -47.5 0.4236 0.1112
212.5 -42.5 0.3843 0.0814
212.5 -37.5 0.3568 0.0663
212.5 -32.5 0.3392 0.0621
212.5 -27.5 0.3228 0.0596
212.5 -22.5 0.3039 0.0578
212.5 -17.5 0.2769 0.0575
212.5 -12.5 0.2645 0.0723
212.5  -7.5 0.2596 0.0763
212.5  -2.5 0.2455 0.0752
212.5   2.5 0.2326 0.0889
212.5   7.5 0.2736 0.0786
212.5  12.5 0.3053 0.0451
212.5  17.5 0.2728    NaN
212.5  22.5    NaN    NaN
212.5  27.5    NaN    NaN
212.5  32.5    NaN    NaN
212.5  37.5    NaN    NaN
212.5  42.5    NaN    NaN
212.5  47.5    NaN    NaN
212.5  52.5    NaN    NaN
212.5  57.5    NaN    NaN
212.5  62.5    NaN    NaN
212.5  67.5    NaN    NaN
212.5  72.5    NaN    NaN
212.5  77.5    NaN    NaN
212.5  82.5    NaN    NaN
212.5  87.5    NaN    NaN
217.5 -87.5    NaN    NaN
217.5 -82.5 0.4012 0.0430
217.5 -77.5 0.4289 0.0820
217.5 -72.5 0.4332 0.1027
217.5 -67.5 0.4366 0.1083
217.5 -62.5 0.4439 0.1163
217.5 -57.5 0.4523 0.1228
217.5 -52.5 0.4455 0.1266
217.5 -47.5 0.4186 0.1107
217.5 -42.5 0.3822 0.0832
217.5 -37.5 0.3522 0.0674
217.5 -32.5 0.3359 0.0643
217.5 -27.5 0.3194 0.0605
217.5 -22.5 0.2969 0.0565
217.5 -17.5 0.2709 0.0604
217.5 -12.5 0.2605 0.0667
217.5  -7.5 0.2504 0.0700
217.5  -2.5 0.2341 0.0698
217.5   2.5 0.2347 0.0809
217.5   7.5 0.2509 0.0724
217.5  12.5 0.2873 0.0339
217.5  17.5 0.2692    NaN
217.5  22.5    NaN    NaN
217.5  27.5    NaN    NaN
217.5  32.5    NaN    NaN
217.5  37.5    NaN    NaN
217.5  42.5    NaN    NaN
217.5  47.5    NaN    NaN
217.5  52.5    NaN    NaN
217.5  57.5    NaN    NaN
217.5  62.5    NaN    NaN
217.5  67.5    NaN    NaN
217.5  72.5    NaN    NaN
217.5  77.5    NaN    NaN
217.5  82.5    NaN    NaN
217.5  87.5    NaN    NaN
222.5 -87.5    NaN    NaN
222.5 -82.5 0.4077 0.0405
222.5 -77.5 0.4241 0.0831
222.5 -72.5 0.4280 0.1012
222.5 -67.5 0.4309 0.1078
222.5 -62.5 0.4404 0.1160
222.5 -57.5 0.4435 0.1192
222.5 -52.5 0.4358 0.1238
222.5 -47.5 0.4094 0.1115
222.5 -42.5 0.3775 0.0869
222.5 -37.5 0.3494 0.0675
222.5 -32.5 0.3320 0.0627
222.5 -27.5 0.3167 0.0600
222.5 -22.5 0.2896 0.0567
222.5 -17.5 0.2687 0.0625
222.5 -12.5 0.2575 0.0634
222.5  -7.5 0.2445 0.0657
222.5  -2.5 0.2223 0.0611
222.5   2.5 0.2233 0.0687
222.5   7.5 0.2476 0.0632
222.5  12.5 0.2616 0.0001
222.5  17.5    NaN    NaN
222.5  22.5    NaN    NaN
222.5  27.5    NaN    NaN
222.5  32.5    NaN    NaN
222.5  37.5    NaN    NaN
222.5  42.5    NaN    NaN
222.5  47.5    NaN    NaN
222.5  52.5    NaN    NaN
222.5  57.5    NaN    NaN
222.5  62.5    NaN    NaN
222.5  67.5    NaN    NaN
222.5  72.5    NaN    NaN
222.5  77.5    NaN    NaN
222.5  82.5    NaN    NaN
222.5  87.5    NaN    NaN
227.5 -87.5    NaN    NaN
227.5 -82.5 0.4024 0.0431
227.5 -77.5 0.4163 0.0810
227.5 -72.5 0.4214 0.0984
227.5 -67.5 0.4249 0.1064
227.5 -62.5 0.4328 0.1152
227.5 -57.5 0.4385 0.1170
227.5 -52.5 0.4298 0.1201
227.5 -47.5 0.4044 0.1110
227.5 -42.5 0.3737 0.0893
227.5 -37.5 0.3488 0.0684
227.5 -32.5 0.3308 0.0589
227.5 -27.5 0.3133 0.0577
227.5 -22.5 0.2848 0.0608
227.5 -17.5 0.2691 0.0615
227.5 -12.5 0.2541 0.0593
227.5  -7.5 0.2364 0.0571
227.5  -2.5 0.2146 0.0518
227.5   2.5 0.2148 0.0628
227.5   7.5 0.2419 0.0622
227.5  12.5    NaN    NaN
227.5  17.5    NaN    NaN
227.5  22.5    NaN    NaN
227.5  27.5    NaN    NaN
227.5  32.5    NaN    NaN
227.5  37.5    NaN    NaN
227.5  42.5    NaN    NaN
227.5  47.5    NaN    NaN
227.5  52.5    NaN    NaN
227.5  57.5    NaN    NaN
227.5  62.5    NaN    NaN
227.5  67.5    NaN    NaN
227.5  72.5    NaN    NaN
227.5  77.5    NaN    NaN
227.5  82.5    NaN    NaN
227.5  87.5    NaN    NaN
232.5 -87.5    NaN    NaN
232.5 -82.5 0.4040 0.0433
232.5 -77.5 0.4019 0.0760
232.5 -72.5 0.4178 0.0926
232.5 -67.5 0.4171 0.1051
232.5 -62.5 0.4276 0.1137
232.5 -57.5 0.4320 0.1154
232.5 -52.5 0.4242 0.1159
232.5 -47.5 0.3999 0.1105
232.5 -42.5 0.3722 0.0910
232.5 -37.5 0.3468 0.0709
232.5 -32.5 0.3283 0.0574
232.5 -27.5 0.3071 0.0589
232.5 -22.5 0.2819 0.0613
232.5 -17.5 0.2697 0.0600
232.5 -12.5 0.2517 0.0544
232.5  -7.5 0.2286 0.0485
232.5  -2.5 0.2122 0.0484
232.5   2.5 0.2015 0.0505
232.5   7.5 0.2162 0.0403
232.5  12.5    NaN    NaN
232.5  17.5    NaN    NaN
232.5  22.5    NaN    NaN
232.5  27.5    NaN    NaN
232.5  32.5    NaN    NaN
232.5  37.5    NaN    NaN
232.5  42.5    NaN    NaN
232.5  47.5    NaN    NaN
232.5  52.5    NaN    NaN
232.5  57.5    NaN    NaN
232.5  62.5    NaN    NaN
232.5  67.5    NaN    NaN
232.5  72.5    NaN    NaN
232.5  77.5    NaN    NaN
232.5  82.5    NaN    NaN
232.5  87.5    NaN    NaN
237.5 -87.5    NaN    NaN
237.5 -82.5 0.3999 0.0454
237.5 -77.5 0.3944 0.0704
237.5 -72.5 0.4129 0.0891
237.5 -67.5 0.4140 0.1016
237.5 -62.5 0.4225 0.1091
237.5 -57.5 0.4285 0.1123
237.5 -52.5 0.4181 0.1139
237.5 -47.5 0.3957 0.1094
237.5 -42.5 0.3696 0.0927
237.5 -37.5 0.3430 0.0717
237.5 -32.5 0.3239 0.0564
237.5 -27.5 0.2995 0.0599
237.5 -22.5 0.2824 0.0608
237.5 -17.5 0.2690 0.0581
237.5 -12.5 0.2499 0.0512
237.5  -7.5 0.2231 0.0397
237.5  -2.5 0.2108 0.0431
237.5   2.5 0.1999 0.0451
237.5   7.5 0.2093 0.0122
237.5  12.5    NaN    NaN
237.5  17.5    NaN    NaN
237.5  22.5    NaN    NaN
237.5  27.5    NaN    NaN
237.5  32.5    NaN    NaN
237.5  37.5    NaN    NaN
237.5  42.5    NaN    NaN
237.5  47.5    NaN    NaN
237.5  52.5    NaN    NaN
237.5  57.5    NaN    NaN
237.5  62.5    NaN    NaN
237.5  67.5    NaN    NaN
237.5  72.5    NaN    NaN
237.5  77.5    NaN    NaN
237.5  82.5    NaN    NaN
237.5  87.5    NaN    NaN
242.5 -87.5    NaN    NaN
242.5 -82.5 0.3949 0.0473
242.5 -77.5 0.3907 0.0656
242.5 -72.5 0.4077 0.0859
242.5 -67.5 0.4113 0.0963
242.5 -62.5 0.4184 0.1051
242.5 -57.5 0.4230 0.1100
242.5 -52.5 0.4121 0.1094
242.5 -47.5 0.3898 0.1088
242.5 -42.5 0.3647 0.0936
242.5 -37.5 0.3393 0.0706
242.5 -32.5 0.3188 0.0569
242.5 -27.5 0.2980 0.0581
242.5 -22.5 0.2841 0.0593
242.5 -17.5 0.2687 0.0550
242.5 -12.5 0.2459 0.0461
242.5  -7.5 0.2213 0.0351
242.5  -2.5 0.2064 0.0375
242.5   2.5 0.2002 0.0392
242.5   7.5 0.2085 0.0121
242.5  12.5    NaN    NaN
242.5  17.5    NaN    NaN
242.5  22.5    NaN    NaN
242.5  27.5    NaN    NaN
242.5  32.5    NaN    NaN
242.5  37.5    NaN    NaN
242.5  42.5    NaN    NaN
242.5  47.5    NaN    NaN
242.5  52.5    NaN    NaN
242.5  57.5    NaN    NaN
242.5  62.5    NaN    NaN
242.5  67.5    NaN    NaN
242.5  72.5    NaN    NaN
242.5  77.5    NaN    NaN
242.5  82.5    NaN    NaN
242.5  87.5    NaN    NaN
247.5 -87.5    NaN    NaN
247.5 -82.5 0.4022 0.0405
247.5 -77.5 0.3899 0.0618
247.5 -72.5 0.3991 0.0827
247.5 -67.5 0.4064 0.0933
247.5 -62.5 0.4135 0.0997
247.5 -57.5 0.4202 0.1047
247.5 -52.5 0.4086 0.1041
247.5 -47.5 0.3875 0.1036
247.5 -42.5 0.3627 0.0916
247.5 -37.5 0.3366 0.0695
247.5 -32.5 0.3150 0.0575
247.5 -27.5 0.2992 0.0557
247.5 -22.5 0.2873 0.0581
247.5 -17.5 0.2662 0.0514
247.5 -12.5 0.2423 0.0387
247.5  -7.5 0.2212 0.0333
247.5  -2.5 0.2040 0.0340
247.5   2.5 0.2003 0.0309
247.5   7.5 0.2143 0.0074
247.5  12.5 0.2032 0.0015
247.5  17.5    NaN    NaN
247.5  22.5    NaN    NaN
247.5  27.5    NaN    NaN
247.5  32.5    NaN    NaN
247.5  37.5    NaN    NaN
247.5  42.5    NaN    NaN
247.5  47.5    NaN    NaN
247.5  52.5    NaN    NaN
247.5  57.5    NaN    NaN
247.5  62.5    NaN    NaN
247.5  67.5    NaN    NaN
247.5  72.5    NaN    NaN
247.5  77.5    NaN    NaN
247.5  82.5    NaN    NaN
247.5  87.5    NaN    NaN
252.5 -87.5    NaN    NaN
252.5 -82.5 0.4017 0.0417
252.5 -77.5 0.3888 0.0570
252.5 -72.5 0.3958 0.0779
252.5 -67.5 0.4017 0.0899
252.5 -62.5 0.4095 0.0964
252.5 -57.5 0.4153 0.1002
252.5 -52.5 0.4039 0.0971
252.5 -47.5 0.3813 0.0968
252.5 -42.5 0.3599 0.0878
252.5 -37.5 0.3349 0.0685
252.5 -32.5 0.3125 0.0577
252.5 -27.5 0.3008 0.0535
252.5 -22.5 0.2898 0.0556
252.5 -17.5 0.2669 0.0486
252.5 -12.5 0.2401 0.0327
252.5  -7.5 0.2222 0.0324
252.5  -2.5 0.2045 0.0333
252.5   2.5 0.2044 0.0311
252.5   7.5 0.2157 0.0150
252.5  12.5 0.2112 0.0009
252.5  17.5    NaN    NaN
252.5  22.5    NaN    NaN
252.5  27.5    NaN    NaN
252.5  32.5    NaN    NaN
252.5  37.5    NaN    NaN
252.5  42.5    NaN    NaN
252.5  47.5    NaN    NaN
252.5  52.5    NaN    NaN
252.5  57.5    NaN    NaN
252.5  62.5    NaN    NaN
252.5  67.5    NaN    NaN
252.5  72.5    NaN    NaN
252.5  77.5    NaN    NaN
252.5  82.5    NaN    NaN
252.5  87.5    NaN    NaN
257.5 -87.5    NaN    NaN
257.5 -82.5 0.4033 0.0438
257.5 -77.5 0.3931 0.0573
257.5 -72.5 0.3991 0.0765
257.5 -67.5 0.3963 0.0883
257.5 -62.5 0.4049 0.0962
257.5 -57.5 0.4088 0.1001
257.5 -52.5 0.3980 0.0932
257.5 -47.5 0.3752 0.0915
257.5 -42.5 0.3555 0.0863
257.5 -37.5 0.3319 0.0692
257.5 -32.5 0.3140 0.0580
257.5 -27.5 0.3028 0.0525
257.5 -22.5 0.2899 0.0535
257.5 -17.5 0.2631 0.0403
257.5 -12.5 0.2419 0.0333
257.5  -7.5 0.2237 0.0325
257.5  -2.5 0.2039 0.0307
257.5   2.5 0.2078 0.0299
257.5   7.5 0.2153 0.0184
257.5  12.5 0.2195 0.0010
257.5  17.5    NaN    NaN
257.5  22.5    NaN    NaN
257.5  27.5    NaN    NaN
257.5  32.5    NaN    NaN
257.5  37.5    NaN    NaN
257.5  42.5    NaN    NaN
257.5  47.5    NaN    NaN
257.5  52.5    NaN    NaN
257.5  57.5    NaN    NaN
257.5  62.5    NaN    NaN
257.5  67.5    NaN    NaN
257.5  72.5    NaN    NaN
257.5  77.5    NaN    NaN
257.5  82.5    NaN    NaN
257.5  87.5    NaN    NaN
262.5 -87.5    NaN    NaN
262.5 -82.5 0.4109 0.0408
262.5 -77.5 0.3957 0.0588
262.5 -72.5 0.4004 0.0744
262.5 -67.5 0.3973 0.0866
262.5 -62.5 0.4011 0.0949
262.5 -57.5 0.4071 0.0999
262.5 -52.5 0.3924 0.0936
262.5 -47.5 0.3716 0.0864
262.5 -42.5 0.3516 0.0838
262.5 -37.5 0.3301 0.0682
262.5 -32.5 0.3146 0.0568
262.5 -27.5 0.3039 0.0506
262.5 -22.5 0.2898 0.0506
262.5 -17.5 0.2630 0.0360
262.5 -12.5 0.2435 0.0340
262.5  -7.5 0.2262 0.0332
262.5  -2.5 0.2071 0.0318
262.5   2.5 0.2120 0.0311
262.5   7.5 0.2239 0.0167
262.5  12.5 0.2292 0.0161
262.5  17.5    NaN    NaN
262.5  22.5    NaN    NaN
262.5  27.5    NaN    NaN
262.5  32.5    NaN    NaN
262.5  37.5    NaN    NaN
262.5  42.5    NaN    NaN
262.5  47.5    NaN    NaN
262.5  52.5    NaN    NaN
262.5  57.5    NaN    NaN
262.5  62.5    NaN    NaN
262.5  67.5    NaN    NaN
262.5  72.5    NaN    NaN
262.5  77.5    NaN    NaN
262.5  82.5    NaN    NaN
262.5  87.5    NaN    NaN
267.5 -87.5    NaN    NaN
267.5 -82.5 0.4270 0.0268
267.5 -77.5 0.3985 0.0595
267.5 -72.5 0.4017 0.0736
267.5 -67.5 0.3990 0.0858
267.5 -62.5 0.4029 0.0922
267.5 -57.5 0.4044 0.0991
267.5 -52.5 0.3894 0.0937
267.5 -47.5 0.3648 0.0861
267.5 -42.5 0.3484 0.0845
267.5 -37.5 0.3288 0.0681
267.5 -32.5 0.3151 0.0556
267.5 -27.5 0.3036 0.0497
267.5 -22.5 0.2876 0.0455
267.5 -17.5 0.2665 0.0378
267.5 -12.5 0.2476 0.0351
267.5  -7.5 0.2288 0.0346
267.5  -2.5 0.2104 0.0332
267.5   2.5 0.2219 0.0302
267.5   7.5 0.2303 0.0189
267.5  12.5 0.2342 0.0164
267.5  17.5    NaN    NaN
267.5  22.5    NaN    NaN
267.5  27.5    NaN    NaN
267.5  32.5    NaN    NaN
267.5  37.5    NaN    NaN
267.5  42.5    NaN    NaN
267.5  47.5    NaN    NaN
267.5  52.5    NaN    NaN
267.5  57.5    NaN    NaN
267.5  62.5    NaN    NaN
267.5  67.5    NaN    NaN
267.5  72.5    NaN    NaN
267.5  77.5    NaN    NaN
267.5  82.5    NaN    NaN
267.5  87.5    NaN    NaN
272.5 -87.5    NaN    NaN
272.5 -82.5 0.4272 0.0290
272.5 -77.5 0.3988 0.0622
272.5 -72.5 0.3963 0.0711
272.5 -67.5 0.3998 0.0855
272.5 -62.5 0.4052 0.0909
272.5 -57.5 0.4054 0.0965
272.5 -52.5 0.3883 0.0900
272.5 -47.5 0.3645 0.0820
272.5 -42.5 0.3481 0.0786
272.5 -37.5 0.3303 0.0651
272.5 -32.5 0.3156 0.0536
272.5 -27.5 0.3046 0.0488
272.5 -22.5 0.2863 0.0405
272.5 -17.5 0.2689 0.0378
272.5 -12.5 0.2500 0.0358
272.5  -7.5 0.2320 0.0366
272.5  -2.5 0.2157 0.0357
272.5   2.5 0.2324 0.0301
272.5   7.5 0.2372 0.0240
272.5  12.5 0.2399 0.0210
272.5  17.5    NaN    NaN
272.5  22.5    NaN    NaN
272.5  27.5    NaN    NaN
272.5  32.5    NaN    NaN
272.5  37.5    NaN    NaN
272.5  42.5    NaN    NaN
272.5  47.5    NaN    NaN
272.5  52.5    NaN    NaN
272.5  57.5    NaN    NaN
272.5  62.5    NaN    NaN
272.5  67.5    NaN    NaN
272.5  72.5    NaN    NaN
272.5  77.5    NaN    NaN
272.5  82.5    NaN    NaN
272.5  87.5    NaN    NaN
277.5 -87.5    NaN    NaN
277.5 -82.5 0.4319 0.0301
277.5 -77.5 0.3994 0.0607
277.5 -72.5 0.3983 0.0715
277.5 -67.5 0.4013 0.0859
277.5 -62.5 0.4049 0.0908
277.5 -57.5 0.4053 0.0961
277.5 -52.5 0.3886 0.0875
277.5 -47.5 0.3646 0.0772
277.5 -42.5 0.3481 0.0737
277.5 -37.5 0.3318 0.0625
277.5 -32.5 0.3167 0.0516
277.5 -27.5 0.3041 0.0479
277.5 -22.5 0.2879 0.0401
277.5 -17.5 0.2699 0.0382
277.5 -12.5 0.2531 0.0368
277.5  -7.5 0.2352 0.0386
277.5  -2.5 0.2226 0.0379
277.5   2.5 0.2419 0.0306
277.5   7.5 0.2451 0.0263
277.5  12.5 0.2449 0.0226
277.5  17.5    NaN    NaN
277.5  22.5    NaN    NaN
277.5  27.5    NaN    NaN
277.5  32.5    NaN    NaN
277.5  37.5    NaN    NaN
277.5  42.5    NaN    NaN
277.5  47.5    NaN    NaN
277.5  52.5    NaN    NaN
277.5  57.5    NaN    NaN
277.5  62.5    NaN    NaN
277.5  67.5    NaN    NaN
277.5  72.5    NaN    NaN
277.5  77.5    NaN    NaN
277.5  82.5    NaN    NaN
277.5  87.5    NaN    NaN
282.5 -87.5    NaN    NaN
282.5 -82.5 0.4340 0.0321
282.5 -77.5 0.4021 0.0592
282.5 -72.5 0.3986 0.0730
282.5 -67.5 0.3974 0.0845
282.5 -62.5 0.4065 0.0904
282.5 -57.5 0.4058 0.0959
282.5 -52.5 0.3904 0.0877
282.5 -47.5 0.3634 0.0756
282.5 -42.5 0.3454 0.0692
282.5 -37.5 0.3305 0.0596
282.5 -32.5 0.3164 0.0503
282.5 -27.5 0.3030 0.0456
282.5 -22.5 0.2902 0.0399
282.5 -17.5 0.2724 0.0382
282.5 -12.5 0.2552 0.0371
282.5  -7.5 0.2387 0.0390
282.5  -2.5 0.2283 0.0397
282.5   2.5 0.2496 0.0308
282.5   7.5 0.2524 0.0275
282.5  12.5 0.2510 0.0238
282.5  17.5    NaN    NaN
282.5  22.5    NaN    NaN
282.5  27.5    NaN    NaN
282.5  32.5    NaN    NaN
282.5  37.5    NaN    NaN
282.5  42.5    NaN    NaN
282.5  47.5    NaN    NaN
282.5  52.5    NaN    NaN
282.5  57.5    NaN    NaN
282.5  62.5    NaN    NaN
282.5  67.5    NaN    NaN
282.5  72.5    NaN    NaN
282.5  77.5    NaN    NaN
282.5  82.5    NaN    NaN
282.5  87.5    NaN    NaN
287.5 -87.5    NaN    NaN
287.5 -82.5 0.4487 0.0260
287.5 -77.5 0.4060 0.0566
287.5 -72.5 0.4015 0.0731
287.5 -67.5 0.3992 0.0848
287.5 -62.5 0.4044 0.0899
287.5 -57.5 0.4054 0.0953
287.5 -52.5 0.3925 0.0874
287.5 -47.5 0.3645 0.0734
287.5 -42.5 0.3445 0.0657
287.5 -37.5 0.3294 0.0561
287.5 -32.5 0.3167 0.0496
287.5 -27.5 0.3033 0.0458
287.5 -22.5 0.2915 0.0406
287.5 -17.5 0.2752 0.0381
287.5 -12.5 0.2566 0.0381
287.5  -7.5 0.2416 0.0392
287.5  -2.5 0.2332 0.0409
287.5   2.5 0.2538 0.0320
287.5   7.5 0.2586 0.0286
287.5  12.5 0.2566 0.0267
287.5  17.5 0.2742 0.0127
287.5  22.5    NaN    NaN
287.5  27.5    NaN    NaN
287.5  32.5    NaN    NaN
287.5  37.5    NaN    NaN
287.5  42.5    NaN    NaN
287.5  47.5    NaN    NaN
287.5  52.5    NaN    NaN
287.5  57.5    NaN    NaN
287.5  62.5    NaN    NaN
287.5  67.5    NaN    NaN
287.5  72.5    NaN    NaN
287.5  77.5    NaN    NaN
287.5  82.5    NaN    NaN
287.5  87.5    NaN    NaN
292.5 -87.5    NaN    NaN
292.5 -82.5 0.4586 0.0176
292.5 -77.5 0.4084 0.0558
292.5 -72.5 0.4029 0.0743
292.5 -67.5 0.4011 0.0843
292.5 -62.5 0.4052 0.0910
292.5 -57.5 0.4084 0.0946
292.5 -52.5 0.3924 0.0891
292.5 -47.5 0.3609 0.0714
292.5 -42.5 0.3397 0.0609
292.5 -37.5 0.3261 0.0519
292.5 -32.5 0.3153 0.0489
292.5 -27.5 0.3050 0.0459
292.5 -22.5 0.2929 0.0407
292.5 -17.5 0.2778 0.0380
292.5 -12.5 0.2599 0.0378
292.5  -7.5 0.2458 0.0382
292.5  -2.5 0.2381 0.0425
292.5   2.5 0.2546 0.0341
292.5   7.5 0.2624 0.0316
292.5  12.5 0.2655 0.0277
292.5  17.5 0.2632 0.0245
292.5  22.5    NaN    NaN
292.5  27.5    NaN    NaN
292.5  32.5    NaN    NaN
292.5  37.5    NaN    NaN
292.5  42.5    NaN    NaN
292.5  47.5    NaN    NaN
292.5  52.5    NaN    NaN
292.5  57.5    NaN    NaN
292.5  62.5    NaN    NaN
292.5  67.5    NaN    NaN
292.5  72.5    NaN    NaN
292.5  77.5    NaN    NaN
292.5  82.5    NaN    NaN
292.5  87.5    NaN    NaN
297.5 -87.5    NaN    NaN
297.5 -82.5 0.4515 0.0113
297.5 -77.5 0.4089 0.0553
297.5 -72.5 0.4055 0.0730
297.5 -67.5 0.4017 0.0843
297.5 -62.5 0.4070 0.0909
297.5 -57.5 0.4115 0.0952
297.5 -52.5 0.3946 0.0915
297.5 -47.5 0.3632 0.0720
297.5 -42.5 0.3383 0.0608
297.5 -37.5 0.3249 0.0536
297.5 -32.5 0.3162 0.0499
297.5 -27.5 0.3058 0.0467
297.5 -22.5 0.2936 0.0412
297.5 -17.5 0.2801 0.0381
297.5 -12.5 0.2627 0.0368
297.5  -7.5 0.2484 0.0374
297.5  -2.5 0.2428 0.0430
297.5   2.5 0.2583 0.0370
297.5   7.5 0.2702 0.0348
297.5  12.5 0.2774 0.0266
297.5  17.5 0.2599 0.0201
297.5  22.5    NaN    NaN
297.5  27.5    NaN    NaN
297.5  32.5    NaN    NaN
297.5  37.5    NaN    NaN
297.5  42.5    NaN    NaN
297.5  47.5    NaN    NaN
297.5  52.5    NaN    NaN
297.5  57.5    NaN    NaN
297.5  62.5    NaN    NaN
297.5  67.5    NaN    NaN
297.5  72.5    NaN    NaN
297.5  77.5    NaN    NaN
297.5  82.5    NaN    NaN
297.5  87.5    NaN    NaN
302.5 -87.5    NaN    NaN
302.5 -82.5 0.4534 0.0128
302.5 -77.5 0.4122 0.0550
302.5 -72.5 0.4071 0.0723
302.5 -67.5 0.4058 0.0818
302.5 -62.5 0.4106 0.0891
302.5 -57.5 0.4128 0.0959
302.5 -52.5 0.3973 0.0924
302.5 -47.5 0.3650 0.0739
302.5 -42.5 0.3396 0.0607
302.5 -37.5 0.3258 0.0537
302.5 -32.5 0.3168 0.0499
302.5 -27.5 0.3076 0.0479
302.5 -22.5 0.2947 0.0422
302.5 -17.5 0.2814 0.0383
302.5 -12.5 0.2664 0.0368
302.5  -7.5 0.2517 0.0383
302.5  -2.5 0.2465 0.0438
302.5   2.5 0.2636 0.0403
302.5   7.5 0.2806 0.0371
302.5  12.5 0.2825 0.0278
302.5  17.5 0.2676 0.0235
302.5  22.5    NaN    NaN
302.5  27.5    NaN    NaN
302.5  32.5    NaN    NaN
302.5  37.5    NaN    NaN
302.5  42.5    NaN    NaN
302.5  47.5    NaN    NaN
302.5  52.5    NaN    NaN
302.5  57.5    NaN    NaN
302.5  62.5    NaN    NaN
302.5  67.5    NaN    NaN
302.5  72.5    NaN    NaN
302.5  77.5    NaN    NaN
302.5  82.5    NaN    NaN
302.5  87.5    NaN    NaN
307.5 -87.5    NaN    NaN
307.5 -82.5 0.4539 0.0149
307.5 -77.5 0.4142 0.0541
307.5 -72.5 0.4089 0.0706
307.5 -67.5 0.4066 0.0803
307.5 -62.5 0.4130 0.0873
307.5 -57.5 0.4162 0.0950
307.5 -52.5 0.4013 0.0930
307.5 -47.5 0.3679 0.0744
307.5 -42.5 0.3412 0.0613
307.5 -37.5 0.3267 0.0542
307.5 -32.5 0.3170 0.0512
307.5 -27.5 0.3093 0.0488
307.5 -22.5 0.2964 0.0433
307.5 -17.5 0.2825 0.0391
307.5 -12.5 0.2695 0.0374
307.5  -7.5 0.2547 0.0396
307.5  -2.5 0.2492 0.0449
307.5   2.5 0.2699 0.0404
307.5   7.5 0.2861 0.0345
307.5  12.5 0.2816 0.0310
307.5  17.5 0.2721 0.0383
307.5  22.5    NaN    NaN
307.5  27.5    NaN    NaN
307.5  32.5    NaN    NaN
307.5  37.5    NaN    NaN
307.5  42.5    NaN    NaN
307.5  47.5    NaN    NaN
307.5  52.5    NaN    NaN
307.5  57.5    NaN    NaN
307.5  62.5    NaN    NaN
307.5  67.5    NaN    NaN
307.5  72.5    NaN    NaN
307.5  77.5    NaN    NaN
307.5  82.5    NaN    NaN
307.5  87.5    NaN    NaN
312.5 -87.5    NaN    NaN
312.5 -82.5 0.4590 0.0116
312.5 -77.5 0.4183 0.0507
312.5 -72.5 0.4101 0.0690
312.5 -67.5 0.4082 0.0792
312.5 -62.5 0.4128 0.0871
312.5 -57.5 0.4178 0.0947
312.5 -52.5 0.4044 0.0934
312.5 -47.5 0.3721 0.0744
312.5 -42.5 0.3432 0.0619
312.5 -37.5 0.3262 0.0552
312.5 -32.5 0.3178 0.0521
312.5 -27.5 0.3110 0.0496
312.5 -22.5 0.3004 0.0464
312.5 -17.5 0.2851 0.0387
312.5 -12.5 0.2716 0.0378
312.5  -7.5 0.2572 0.0406
312.5  -2.5 0.2529 0.0456
312.5   2.5 0.2717 0.0392
312.5   7.5 0.2871 0.0353
312.5  12.5 0.2856 0.0369
312.5  17.5 0.3180 0.0018
312.5  22.5    NaN    NaN
312.5  27.5    NaN    NaN
312.5  32.5    NaN    NaN
312.5  37.5    NaN    NaN
312.5  42.5    NaN    NaN
312.5  47.5    NaN    NaN
312.5  52.5    NaN    NaN
312.5  57.5    NaN    NaN
312.5  62.5    NaN    NaN
312.5  67.5    NaN    NaN
312.5  72.5    NaN    NaN
312.5  77.5    NaN    NaN
312.5  82.5    NaN    NaN
312.5  87.5    NaN    NaN
317.5 -87.5    NaN    NaN
317.5 -82.5 0.4487 0.0100
317.5 -77.5 0.4203 0.0488
317.5 -72.5 0.4113 0.0667
317.5 -67.5 0.4081 0.0794
317.5 -62.5 0.4155 0.0855
317.5 -57.5 0.4190 0.0926
317.5 -52.5 0.4076 0.0930
317.5 -47.5 0.3746 0.0762
317.5 -42.5 0.3468 0.0635
317.5 -37.5 0.3292 0.0553
317.5 -32.5 0.3203 0.0520
317.5 -27.5 0.3136 0.0494
317.5 -22.5 0.3039 0.0468
317.5 -17.5 0.2888 0.0400
317.5 -12.5 0.2722 0.0386
317.5  -7.5 0.2604 0.0412
317.5  -2.5 0.2566 0.0447
317.5   2.5 0.2750 0.0404
317.5   7.5 0.2882 0.0373
317.5  12.5 0.2939 0.0511
317.5  17.5 0.3218 0.0020
317.5  22.5    NaN    NaN
317.5  27.5    NaN    NaN
317.5  32.5    NaN    NaN
317.5  37.5    NaN    NaN
317.5  42.5    NaN    NaN
317.5  47.5    NaN    NaN
317.5  52.5    NaN    NaN
317.5  57.5    NaN    NaN
317.5  62.5    NaN    NaN
317.5  67.5    NaN    NaN
317.5  72.5    NaN    NaN
317.5  77.5    NaN    NaN
317.5  82.5    NaN    NaN
317.5  87.5    NaN    NaN
322.5 -87.5    NaN    NaN
322.5 -82.5 0.4466 0.0071
322.5 -77.5 0.4209 0.0460
322.5 -72.5 0.4126 0.0656
322.5 -67.5 0.4094 0.0775
322.5 -62.5 0.4168 0.0859
322.5 -57.5 0.4223 0.0904
322.5 -52.5 0.4107 0.0931
322.5 -47.5 0.3784 0.0778
322.5 -42.5 0.3501 0.0654
322.5 -37.5 0.3309 0.0575
322.5 -32.5 0.3223 0.0540
322.5 -27.5 0.3157 0.0506
322.5 -22.5 0.3064 0.0471
322.5 -17.5 0.2919 0.0413
322.5 -12.5 0.2739 0.0400
322.5  -7.5 0.2621 0.0425
322.5  -2.5 0.2598 0.0433
322.5   2.5 0.2780 0.0414
322.5   7.5 0.2855 0.0448
322.5  12.5 0.3107 0.0497
322.5  17.5 0.3234 0.0005
322.5  22.5    NaN    NaN
322.5  27.5    NaN    NaN
322.5  32.5    NaN    NaN
322.5  37.5    NaN    NaN
322.5  42.5    NaN    NaN
322.5  47.5    NaN    NaN
322.5  52.5    NaN    NaN
322.5  57.5    NaN    NaN
322.5  62.5    NaN    NaN
322.5  67.5    NaN    NaN
322.5  72.5    NaN    NaN
322.5  77.5    NaN    NaN
322.5  82.5    NaN    NaN
322.5  87.5    NaN    NaN
327.5 -87.5    NaN    NaN
327.5 -82.5 0.4487 0.0120
327.5 -77.5 0.4229 0.0446
327.5 -72.5 0.4139 0.0643
327.5 -67.5 0.4104 0.0760
327.5 -62.5 0.4199 0.0862
327.5 -57.5 0.4220 0.0909
327.5 -52.5 0.4123 0.0924
327.5 -47.5 0.3816 0.0796
327.5 -42.5 0.3531 0.0673
327.5 -37.5 0.3343 0.0583
327.5 -32.5 0.3253 0.0548
327.5 -27.5 0.3180 0.0513
327.5 -22.5 0.3090 0.0469
327.5 -17.5 0.2944 0.0421
327.5 -12.5 0.2763 0.0415
327.5  -7.5 0.2640 0.0442
327.5  -2.5 0.2636 0.0434
327.5   2.5 0.2792 0.0429
327.5   7.5 0.2897 0.0421
327.5  12.5 0.3278 0.0327
327.5  17.5 0.3196 0.0035
327.5  22.5    NaN    NaN
327.5  27.5    NaN    NaN
327.5  32.5    NaN    NaN
327.5  37.5    NaN    NaN
327.5  42.5    NaN    NaN
327.5  47.5    NaN    NaN
327.5  52.5    NaN    NaN
327.5  57.5    NaN    NaN
327.5  62.5    NaN    NaN
327.5  67.5    NaN    NaN
327.5  72.5    NaN    NaN
327.5  77.5    NaN    NaN
327.5  82.5    NaN    NaN
327.5  87.5    NaN    NaN
332.5 -87.5    NaN    NaN
332.5 -82.5 0.4355    NaN
332.5 -77.5 0.4219 0.0452
332.5 -72.5 0.4138 0.0631
332.5 -67.5 0.4123 0.0742
332.5 -62.5 0.4210 0.0859
332.5 -57.5 0.4235 0.0892
332.5 -52.5 0.4164 0.0896
332.5 -47.5 0.3874 0.0786
332.5 -42.5 0.3579 0.0682
332.5 -37.5 0.3373 0.0594
332.5 -32.5 0.3276 0.0562
332.5 -27.5 0.3216 0.0514
332.5 -22.5 0.3129 0.0468
332.5 -17.5 0.2982 0.0435
332.5 -12.5 0.2801 0.0418
332.5  -7.5 0.2658 0.0452
332.5  -2.5 0.2675 0.0437
332.5   2.5 0.2817 0.0436
332.5   7.5 0.2933 0.0433
332.5  12.5 0.3272 0.0211
332.5  17.5 0.3038 0.0033
332.5  22.5    NaN    NaN
332.5  27.5    NaN    NaN
332.5  32.5    NaN    NaN
332.5  37.5    NaN    NaN
332.5  42.5    NaN    NaN
332.5  47.5    NaN    NaN
332.5  52.5    NaN    NaN
332.5  57.5    NaN    NaN
332.5  62.5    NaN    NaN
332.5  67.5    NaN    NaN
332.5  72.5    NaN    NaN
332.5  77.5    NaN    NaN
332.5  82.5    NaN    NaN
332.5  87.5    NaN    NaN
337.5 -87.5    NaN    NaN
337.5 -82.5 0.4338    NaN
337.5 -77.5 0.4242 0.0430
337.5 -72.5 0.4146 0.0607
337.5 -67.5 0.4132 0.0724
337.5 -62.5 0.4241 0.0843
337.5 -57.5 0.4263 0.0873
337.5 -52.5 0.4179 0.0902
337.5 -47.5 0.3908 0.0807
337.5 -42.5 0.3609 0.0697
337.5 -37.5 0.3406 0.0608
337.5 -32.5 0.3300 0.0561
337.5 -27.5 0.3243 0.0524
337.5 -22.5 0.3161 0.0475
337.5 -17.5 0.3006 0.0444
337.5 -12.5 0.2838 0.0421
337.5  -7.5 0.2682 0.0451
337.5  -2.5 0.2675 0.0451
337.5   2.5 0.2838 0.0429
337.5   7.5 0.2964 0.0399
337.5  12.5 0.3174 0.0165
337.5  17.5 0.2730    NaN
337.5  22.5    NaN    NaN
337.5  27.5    NaN    NaN
337.5  32.5    NaN    NaN
337.5  37.5    NaN    NaN
337.5  42.5    NaN    NaN
337.5  47.5    NaN    NaN
337.5  52.5    NaN    NaN
337.5  57.5    NaN    NaN
337.5  62.5    NaN    NaN
337.5  67.5    NaN    NaN
337.5  72.5    NaN    NaN
337.5  77.5    NaN    NaN
337.5  82.5    NaN    NaN
337.5  87.5    NaN    NaN
342.5 -87.5    NaN    NaN
342.5 -82.5    NaN    NaN
342.5 -77.5 0.4252 0.0418
342.5 -72.5 0.4149 0.0590
342.5 -67.5 0.4126 0.0718
342.5 -62.5 0.4257 0.0832
342.5 -57.5 0.4274 0.0865
342.5 -52.5 0.4194 0.0882
342.5 -47.5 0.3943 0.0822
342.5 -42.5 0.3661 0.0688
342.5 -37.5 0.3462 0.0599
342.5 -32.5 0.3332 0.0560
342.5 -27.5 0.3275 0.0515
342.5 -22.5 0.3189 0.0483
342.5 -17.5 0.3040 0.0468
342.5 -12.5 0.2880 0.0416
342.5  -7.5 0.2723 0.0442
342.5  -2.5 0.2676 0.0460
342.5   2.5 0.2834 0.0448
342.5   7.5 0.2950 0.0426
342.5  12.5 0.3199 0.0196
342.5  17.5 0.3077    NaN
342.5  22.5    NaN    NaN
342.5  27.5    NaN    NaN
342.5  32.5    NaN    NaN
342.5  37.5    NaN    NaN
342.5  42.5    NaN    NaN
342.5  47.5    NaN    NaN
342.5  52.5    NaN    NaN
342.5  57.5    NaN    NaN
342.5  62.5    NaN    NaN
342.5  67.5    NaN    NaN
342.5  72.5    NaN    NaN
342.5  77.5    NaN    NaN
342.5  82.5    NaN    NaN
342.5  87.5    NaN    NaN
347.5 -87.5    NaN    NaN
347.5 -82.5    NaN    NaN
347.5 -77.5 0.4278 0.0403
347.5 -72.5 0.4158 0.0561
347.5 -67.5 0.4144 0.0691
347.5 -62.5 0.4249 0.0833
347.5 -57.5 0.4281 0.0852
347.5 -52.5 0.4190 0.0880
347.5 -47.5 0.3986 0.0821
347.5 -42.5 0.3688 0.0699
347.5 -37.5 0.3485 0.0610
347.5 -32.5 0.3353 0.0578
347.5 -27.5 0.3279 0.0530
347.5 -22.5 0.3206 0.0501
347.5 -17.5 0.3083 0.0454
347.5 -12.5 0.2906 0.0422
347.5  -7.5 0.2760 0.0431
347.5  -2.5 0.2683 0.0475
347.5   2.5 0.2802 0.0473
347.5   7.5 0.2943 0.0407
347.5  12.5 0.3110 0.0247
347.5  17.5 0.3078    NaN
347.5  22.5    NaN    NaN
347.5  27.5    NaN    NaN
347.5  32.5    NaN    NaN
347.5  37.5    NaN    NaN
347.5  42.5    NaN    NaN
347.5  47.5    NaN    NaN
347.5  52.5    NaN    NaN
347.5  57.5    NaN    NaN
347.5  62.5    NaN    NaN
347.5  67.5    NaN    NaN
347.5  72.5    NaN    NaN
347.5  77.5    NaN    NaN
347.5  82.5    NaN    NaN
347.5  87.5    NaN    NaN
352.5 -87.5    NaN    NaN
352.5 -82.5    NaN    NaN
352.5 -77.5 0.4295 0.0395
352.5 -72.5 0.4159 0.0549
352.5 -67.5 0.4124 0.0681
352.5 -62.5 0.4269 0.0806
352.5 -57.5 0.4307 0.0826
352.5 -52.5 0.4232 0.0854
352.5 -47.5 0.4013 0.0837
352.5 -42.5 0.3710 0.0713
352.5 -37.5 0.3499 0.0628
352.5 -32.5 0.3380 0.0576
352.5 -27.5 0.3307 0.0529
352.5 -22.5 0.3229 0.0493
352.5 -17.5 0.3108 0.0452
352.5 -12.5 0.2935 0.0423
352.5  -7.5 0.2793 0.0418
352.5  -2.5 0.2685 0.0481
352.5   2.5 0.2792 0.0482
352.5   7.5 0.2885 0.0416
352.5  12.5 0.3027 0.0287
352.5  17.5 0.3007 0.0052
352.5  22.5    NaN    NaN
352.5  27.5    NaN    NaN
352.5  32.5    NaN    NaN
352.5  37.5    NaN    NaN
352.5  42.5    NaN    NaN
352.5  47.5    NaN    NaN
352.5  52.5    NaN    NaN
352.5  57.5    NaN    NaN
352.5  62.5    NaN    NaN
352.5  67.5    NaN    NaN
352.5  72.5    NaN    NaN
352.5  77.5    NaN    NaN
352.5  82.5    NaN    NaN
352.5  87.5    NaN    NaN
357.5 -87.5    NaN    NaN
357.5 -82.5    NaN    NaN
357.5 -77.5 0.4298 0.0389
357.5 -72.5 0.4175 0.0532
357.5 -67.5 0.4102 0.0675
357.5 -62.5 0.4260 0.0799
357.5 -57.5 0.4309 0.0823
357.5 -52.5 0.4248 0.0850
357.5 -47.5 0.4040 0.0850
357.5 -42.5 0.3746 0.0719
357.5 -37.5 0.3529 0.0624
357.5 -32.5 0.3405 0.0584
357.5 -27.5 0.3326 0.0541
357.5 -22.5 0.3246 0.0506
357.5 -17.5 0.3126 0.0467
357.5 -12.5 0.2965 0.0429
357.5  -7.5 0.2808 0.0418
357.5  -2.5 0.2697 0.0478
357.5   2.5 0.2783 0.0493
357.5   7.5 0.2834 0.0452
357.5  12.5 0.3085 0.0240
357.5  17.5 0.2968 0.0021
357.5  22.5    NaN    NaN
357.5  27.5    NaN    NaN
357.5  32.5    NaN    NaN
357.5  37.5    NaN    NaN
357.5  42.5    NaN    NaN
357.5  47.5    NaN    NaN
357.5  52.5    NaN    NaN
357.5  57.5    NaN    NaN
357.5  62.5    NaN    NaN
357.5  67.5    NaN    NaN
357.5  72.5    NaN    NaN
357.5  77.5    NaN    NaN
357.5  82.5    NaN    NaN
357.5  87.5    NaN    NaN
