# Production date: 2020/April/17
# Fixed condition: Pha 90-95 deg
# Data description: Mean albedo distribution as a function of lon and lat
# Details on the data: Lee et al. JGR:planets
#--------------------------------------
# lon [deg], lat [deg], mean albedo [unitless], standard deviation
#--------------------------------------
  2.5 -87.5    NaN    NaN
  2.5 -82.5 0.3993 0.0326
  2.5 -77.5 0.3972 0.0524
  2.5 -72.5 0.3887 0.0583
  2.5 -67.5 0.3866 0.0620
  2.5 -62.5 0.4025 0.0611
  2.5 -57.5 0.4160 0.0648
  2.5 -52.5 0.4119 0.0713
  2.5 -47.5 0.3940 0.0731
  2.5 -42.5 0.3689 0.0605
  2.5 -37.5 0.3467 0.0487
  2.5 -32.5 0.3323 0.0426
  2.5 -27.5 0.3199 0.0403
  2.5 -22.5 0.3049 0.0404
  2.5 -17.5 0.2867 0.0432
  2.5 -12.5 0.2996 0.0399
  2.5  -7.5 0.3053 0.0318
  2.5  -2.5 0.3106 0.0289
  2.5   2.5 0.3249 0.0004
  2.5   7.5    NaN    NaN
  2.5  12.5    NaN    NaN
  2.5  17.5    NaN    NaN
  2.5  22.5    NaN    NaN
  2.5  27.5    NaN    NaN
  2.5  32.5    NaN    NaN
  2.5  37.5    NaN    NaN
  2.5  42.5    NaN    NaN
  2.5  47.5    NaN    NaN
  2.5  52.5    NaN    NaN
  2.5  57.5    NaN    NaN
  2.5  62.5    NaN    NaN
  2.5  67.5    NaN    NaN
  2.5  72.5    NaN    NaN
  2.5  77.5    NaN    NaN
  2.5  82.5    NaN    NaN
  2.5  87.5    NaN    NaN
  7.5 -87.5    NaN    NaN
  7.5 -82.5 0.4002 0.0334
  7.5 -77.5 0.3982 0.0516
  7.5 -72.5 0.3913 0.0581
  7.5 -67.5 0.3891 0.0616
  7.5 -62.5 0.4049 0.0603
  7.5 -57.5 0.4138 0.0701
  7.5 -52.5 0.4080 0.0763
  7.5 -47.5 0.3921 0.0757
  7.5 -42.5 0.3674 0.0623
  7.5 -37.5 0.3461 0.0497
  7.5 -32.5 0.3316 0.0432
  7.5 -27.5 0.3185 0.0396
  7.5 -22.5 0.3033 0.0394
  7.5 -17.5 0.2872 0.0412
  7.5 -12.5 0.2946 0.0374
  7.5  -7.5 0.3025 0.0326
  7.5  -2.5 0.3091 0.0220
  7.5   2.5 0.3165    NaN
  7.5   7.5    NaN    NaN
  7.5  12.5    NaN    NaN
  7.5  17.5    NaN    NaN
  7.5  22.5    NaN    NaN
  7.5  27.5    NaN    NaN
  7.5  32.5    NaN    NaN
  7.5  37.5    NaN    NaN
  7.5  42.5    NaN    NaN
  7.5  47.5    NaN    NaN
  7.5  52.5    NaN    NaN
  7.5  57.5    NaN    NaN
  7.5  62.5    NaN    NaN
  7.5  67.5    NaN    NaN
  7.5  72.5    NaN    NaN
  7.5  77.5    NaN    NaN
  7.5  82.5    NaN    NaN
  7.5  87.5    NaN    NaN
 12.5 -87.5    NaN    NaN
 12.5 -82.5 0.3996 0.0361
 12.5 -77.5 0.3990 0.0507
 12.5 -72.5 0.3930 0.0589
 12.5 -67.5 0.3905 0.0619
 12.5 -62.5 0.4048 0.0612
 12.5 -57.5 0.4179 0.0682
 12.5 -52.5 0.4126 0.0739
 12.5 -47.5 0.3961 0.0735
 12.5 -42.5 0.3710 0.0614
 12.5 -37.5 0.3486 0.0483
 12.5 -32.5 0.3333 0.0422
 12.5 -27.5 0.3193 0.0388
 12.5 -22.5 0.3030 0.0387
 12.5 -17.5 0.2871 0.0405
 12.5 -12.5 0.2913 0.0386
 12.5  -7.5 0.3073 0.0295
 12.5  -2.5 0.3129 0.0259
 12.5   2.5 0.3365 0.0046
 12.5   7.5 0.3521 0.0100
 12.5  12.5    NaN    NaN
 12.5  17.5    NaN    NaN
 12.5  22.5    NaN    NaN
 12.5  27.5    NaN    NaN
 12.5  32.5    NaN    NaN
 12.5  37.5    NaN    NaN
 12.5  42.5    NaN    NaN
 12.5  47.5    NaN    NaN
 12.5  52.5    NaN    NaN
 12.5  57.5    NaN    NaN
 12.5  62.5    NaN    NaN
 12.5  67.5    NaN    NaN
 12.5  72.5    NaN    NaN
 12.5  77.5    NaN    NaN
 12.5  82.5    NaN    NaN
 12.5  87.5    NaN    NaN
 17.5 -87.5    NaN    NaN
 17.5 -82.5 0.3999 0.0356
 17.5 -77.5 0.4005 0.0499
 17.5 -72.5 0.3942 0.0594
 17.5 -67.5 0.3941 0.0613
 17.5 -62.5 0.4075 0.0595
 17.5 -57.5 0.4215 0.0663
 17.5 -52.5 0.4166 0.0724
 17.5 -47.5 0.3985 0.0731
 17.5 -42.5 0.3734 0.0617
 17.5 -37.5 0.3508 0.0483
 17.5 -32.5 0.3343 0.0423
 17.5 -27.5 0.3194 0.0385
 17.5 -22.5 0.3031 0.0386
 17.5 -17.5 0.2886 0.0398
 17.5 -12.5 0.2951 0.0397
 17.5  -7.5 0.3143 0.0379
 17.5  -2.5 0.3285 0.0363
 17.5   2.5 0.3526 0.0114
 17.5   7.5 0.3651 0.0072
 17.5  12.5    NaN    NaN
 17.5  17.5    NaN    NaN
 17.5  22.5    NaN    NaN
 17.5  27.5    NaN    NaN
 17.5  32.5    NaN    NaN
 17.5  37.5    NaN    NaN
 17.5  42.5    NaN    NaN
 17.5  47.5    NaN    NaN
 17.5  52.5    NaN    NaN
 17.5  57.5    NaN    NaN
 17.5  62.5    NaN    NaN
 17.5  67.5    NaN    NaN
 17.5  72.5    NaN    NaN
 17.5  77.5    NaN    NaN
 17.5  82.5    NaN    NaN
 17.5  87.5    NaN    NaN
 22.5 -87.5    NaN    NaN
 22.5 -82.5 0.4033 0.0343
 22.5 -77.5 0.4003 0.0488
 22.5 -72.5 0.3965 0.0600
 22.5 -67.5 0.3962 0.0615
 22.5 -62.5 0.4079 0.0610
 22.5 -57.5 0.4224 0.0680
 22.5 -52.5 0.4182 0.0732
 22.5 -47.5 0.4011 0.0730
 22.5 -42.5 0.3753 0.0626
 22.5 -37.5 0.3526 0.0482
 22.5 -32.5 0.3353 0.0420
 22.5 -27.5 0.3199 0.0387
 22.5 -22.5 0.3033 0.0395
 22.5 -17.5 0.2897 0.0406
 22.5 -12.5 0.2962 0.0423
 22.5  -7.5 0.3173 0.0465
 22.5  -2.5 0.3462 0.0381
 22.5   2.5 0.3625 0.0247
 22.5   7.5 0.3720 0.0104
 22.5  12.5    NaN    NaN
 22.5  17.5    NaN    NaN
 22.5  22.5    NaN    NaN
 22.5  27.5    NaN    NaN
 22.5  32.5    NaN    NaN
 22.5  37.5    NaN    NaN
 22.5  42.5    NaN    NaN
 22.5  47.5    NaN    NaN
 22.5  52.5    NaN    NaN
 22.5  57.5    NaN    NaN
 22.5  62.5    NaN    NaN
 22.5  67.5    NaN    NaN
 22.5  72.5    NaN    NaN
 22.5  77.5    NaN    NaN
 22.5  82.5    NaN    NaN
 22.5  87.5    NaN    NaN
 27.5 -87.5    NaN    NaN
 27.5 -82.5 0.4044 0.0331
 27.5 -77.5 0.4020 0.0493
 27.5 -72.5 0.3990 0.0592
 27.5 -67.5 0.3963 0.0623
 27.5 -62.5 0.4079 0.0617
 27.5 -57.5 0.4215 0.0689
 27.5 -52.5 0.4193 0.0743
 27.5 -47.5 0.4009 0.0742
 27.5 -42.5 0.3756 0.0640
 27.5 -37.5 0.3529 0.0501
 27.5 -32.5 0.3348 0.0427
 27.5 -27.5 0.3188 0.0393
 27.5 -22.5 0.3026 0.0405
 27.5 -17.5 0.2892 0.0420
 27.5 -12.5 0.2951 0.0448
 27.5  -7.5 0.3066 0.0543
 27.5  -2.5 0.3261 0.0501
 27.5   2.5 0.3281 0.0536
 27.5   7.5 0.3306 0.0462
 27.5  12.5 0.2990 0.0067
 27.5  17.5    NaN    NaN
 27.5  22.5    NaN    NaN
 27.5  27.5    NaN    NaN
 27.5  32.5    NaN    NaN
 27.5  37.5    NaN    NaN
 27.5  42.5    NaN    NaN
 27.5  47.5    NaN    NaN
 27.5  52.5    NaN    NaN
 27.5  57.5    NaN    NaN
 27.5  62.5    NaN    NaN
 27.5  67.5    NaN    NaN
 27.5  72.5    NaN    NaN
 27.5  77.5    NaN    NaN
 27.5  82.5    NaN    NaN
 27.5  87.5    NaN    NaN
 32.5 -87.5    NaN    NaN
 32.5 -82.5 0.4048 0.0335
 32.5 -77.5 0.4049 0.0497
 32.5 -72.5 0.3995 0.0601
 32.5 -67.5 0.3959 0.0623
 32.5 -62.5 0.4082 0.0612
 32.5 -57.5 0.4217 0.0684
 32.5 -52.5 0.4215 0.0738
 32.5 -47.5 0.4019 0.0741
 32.5 -42.5 0.3761 0.0642
 32.5 -37.5 0.3533 0.0511
 32.5 -32.5 0.3350 0.0425
 32.5 -27.5 0.3196 0.0392
 32.5 -22.5 0.3043 0.0412
 32.5 -17.5 0.2942 0.0434
 32.5 -12.5 0.3040 0.0457
 32.5  -7.5 0.3171 0.0497
 32.5  -2.5 0.3388 0.0395
 32.5   2.5 0.3481 0.0407
 32.5   7.5 0.3431 0.0338
 32.5  12.5 0.3169 0.0023
 32.5  17.5    NaN    NaN
 32.5  22.5    NaN    NaN
 32.5  27.5    NaN    NaN
 32.5  32.5    NaN    NaN
 32.5  37.5    NaN    NaN
 32.5  42.5    NaN    NaN
 32.5  47.5    NaN    NaN
 32.5  52.5    NaN    NaN
 32.5  57.5    NaN    NaN
 32.5  62.5    NaN    NaN
 32.5  67.5    NaN    NaN
 32.5  72.5    NaN    NaN
 32.5  77.5    NaN    NaN
 32.5  82.5    NaN    NaN
 32.5  87.5    NaN    NaN
 37.5 -87.5    NaN    NaN
 37.5 -82.5 0.4140 0.0342
 37.5 -77.5 0.4065 0.0499
 37.5 -72.5 0.3991 0.0603
 37.5 -67.5 0.3968 0.0625
 37.5 -62.5 0.4089 0.0616
 37.5 -57.5 0.4222 0.0676
 37.5 -52.5 0.4208 0.0737
 37.5 -47.5 0.4037 0.0737
 37.5 -42.5 0.3780 0.0640
 37.5 -37.5 0.3545 0.0508
 37.5 -32.5 0.3362 0.0429
 37.5 -27.5 0.3207 0.0405
 37.5 -22.5 0.3060 0.0427
 37.5 -17.5 0.2964 0.0449
 37.5 -12.5 0.3098 0.0463
 37.5  -7.5 0.3234 0.0497
 37.5  -2.5 0.3409 0.0389
 37.5   2.5 0.3492 0.0379
 37.5   7.5 0.3373 0.0278
 37.5  12.5 0.3181    NaN
 37.5  17.5    NaN    NaN
 37.5  22.5    NaN    NaN
 37.5  27.5    NaN    NaN
 37.5  32.5    NaN    NaN
 37.5  37.5    NaN    NaN
 37.5  42.5    NaN    NaN
 37.5  47.5    NaN    NaN
 37.5  52.5    NaN    NaN
 37.5  57.5    NaN    NaN
 37.5  62.5    NaN    NaN
 37.5  67.5    NaN    NaN
 37.5  72.5    NaN    NaN
 37.5  77.5    NaN    NaN
 37.5  82.5    NaN    NaN
 37.5  87.5    NaN    NaN
 42.5 -87.5    NaN    NaN
 42.5 -82.5 0.4175 0.0304
 42.5 -77.5 0.4059 0.0508
 42.5 -72.5 0.4002 0.0599
 42.5 -67.5 0.3971 0.0634
 42.5 -62.5 0.4071 0.0612
 42.5 -57.5 0.4218 0.0670
 42.5 -52.5 0.4229 0.0730
 42.5 -47.5 0.4046 0.0727
 42.5 -42.5 0.3793 0.0634
 42.5 -37.5 0.3559 0.0504
 42.5 -32.5 0.3375 0.0434
 42.5 -27.5 0.3218 0.0422
 42.5 -22.5 0.3078 0.0442
 42.5 -17.5 0.2991 0.0462
 42.5 -12.5 0.3115 0.0449
 42.5  -7.5 0.3207 0.0455
 42.5  -2.5 0.3270 0.0439
 42.5   2.5 0.3321 0.0374
 42.5   7.5 0.3180 0.0173
 42.5  12.5 0.3164 0.0005
 42.5  17.5    NaN    NaN
 42.5  22.5    NaN    NaN
 42.5  27.5    NaN    NaN
 42.5  32.5    NaN    NaN
 42.5  37.5    NaN    NaN
 42.5  42.5    NaN    NaN
 42.5  47.5    NaN    NaN
 42.5  52.5    NaN    NaN
 42.5  57.5    NaN    NaN
 42.5  62.5    NaN    NaN
 42.5  67.5    NaN    NaN
 42.5  72.5    NaN    NaN
 42.5  77.5    NaN    NaN
 42.5  82.5    NaN    NaN
 42.5  87.5    NaN    NaN
 47.5 -87.5    NaN    NaN
 47.5 -82.5 0.4259 0.0349
 47.5 -77.5 0.4066 0.0507
 47.5 -72.5 0.3994 0.0612
 47.5 -67.5 0.3961 0.0638
 47.5 -62.5 0.4070 0.0607
 47.5 -57.5 0.4215 0.0670
 47.5 -52.5 0.4227 0.0734
 47.5 -47.5 0.4054 0.0738
 47.5 -42.5 0.3802 0.0638
 47.5 -37.5 0.3567 0.0517
 47.5 -32.5 0.3379 0.0450
 47.5 -27.5 0.3223 0.0433
 47.5 -22.5 0.3085 0.0449
 47.5 -17.5 0.3001 0.0457
 47.5 -12.5 0.3127 0.0414
 47.5  -7.5 0.3159 0.0395
 47.5  -2.5 0.3166 0.0388
 47.5   2.5 0.3211 0.0307
 47.5   7.5 0.3139 0.0113
 47.5  12.5 0.3174 0.0004
 47.5  17.5    NaN    NaN
 47.5  22.5    NaN    NaN
 47.5  27.5    NaN    NaN
 47.5  32.5    NaN    NaN
 47.5  37.5    NaN    NaN
 47.5  42.5    NaN    NaN
 47.5  47.5    NaN    NaN
 47.5  52.5    NaN    NaN
 47.5  57.5    NaN    NaN
 47.5  62.5    NaN    NaN
 47.5  67.5    NaN    NaN
 47.5  72.5    NaN    NaN
 47.5  77.5    NaN    NaN
 47.5  82.5    NaN    NaN
 47.5  87.5    NaN    NaN
 52.5 -87.5    NaN    NaN
 52.5 -82.5 0.4327 0.0355
 52.5 -77.5 0.4077 0.0499
 52.5 -72.5 0.4001 0.0608
 52.5 -67.5 0.3976 0.0629
 52.5 -62.5 0.4066 0.0599
 52.5 -57.5 0.4219 0.0663
 52.5 -52.5 0.4234 0.0728
 52.5 -47.5 0.4063 0.0739
 52.5 -42.5 0.3812 0.0636
 52.5 -37.5 0.3580 0.0517
 52.5 -32.5 0.3396 0.0458
 52.5 -27.5 0.3235 0.0444
 52.5 -22.5 0.3095 0.0457
 52.5 -17.5 0.3024 0.0465
 52.5 -12.5 0.3125 0.0379
 52.5  -7.5 0.3145 0.0354
 52.5  -2.5 0.3140 0.0330
 52.5   2.5 0.3191 0.0262
 52.5   7.5 0.3180 0.0168
 52.5  12.5 0.3242 0.0128
 52.5  17.5    NaN    NaN
 52.5  22.5    NaN    NaN
 52.5  27.5    NaN    NaN
 52.5  32.5    NaN    NaN
 52.5  37.5    NaN    NaN
 52.5  42.5    NaN    NaN
 52.5  47.5    NaN    NaN
 52.5  52.5    NaN    NaN
 52.5  57.5    NaN    NaN
 52.5  62.5    NaN    NaN
 52.5  67.5    NaN    NaN
 52.5  72.5    NaN    NaN
 52.5  77.5    NaN    NaN
 52.5  82.5    NaN    NaN
 52.5  87.5    NaN    NaN
 57.5 -87.5    NaN    NaN
 57.5 -82.5 0.4351 0.0336
 57.5 -77.5 0.4061 0.0509
 57.5 -72.5 0.4009 0.0606
 57.5 -67.5 0.3966 0.0627
 57.5 -62.5 0.4075 0.0581
 57.5 -57.5 0.4225 0.0649
 57.5 -52.5 0.4254 0.0723
 57.5 -47.5 0.4081 0.0738
 57.5 -42.5 0.3829 0.0633
 57.5 -37.5 0.3590 0.0521
 57.5 -32.5 0.3409 0.0462
 57.5 -27.5 0.3248 0.0450
 57.5 -22.5 0.3106 0.0463
 57.5 -17.5 0.3051 0.0449
 57.5 -12.5 0.3133 0.0341
 57.5  -7.5 0.3162 0.0316
 57.5  -2.5 0.3146 0.0309
 57.5   2.5 0.3191 0.0287
 57.5   7.5 0.3311 0.0177
 57.5  12.5 0.3323 0.0215
 57.5  17.5    NaN    NaN
 57.5  22.5    NaN    NaN
 57.5  27.5    NaN    NaN
 57.5  32.5    NaN    NaN
 57.5  37.5    NaN    NaN
 57.5  42.5    NaN    NaN
 57.5  47.5    NaN    NaN
 57.5  52.5    NaN    NaN
 57.5  57.5    NaN    NaN
 57.5  62.5    NaN    NaN
 57.5  67.5    NaN    NaN
 57.5  72.5    NaN    NaN
 57.5  77.5    NaN    NaN
 57.5  82.5    NaN    NaN
 57.5  87.5    NaN    NaN
 62.5 -87.5    NaN    NaN
 62.5 -82.5 0.4367 0.0306
 62.5 -77.5 0.4073 0.0514
 62.5 -72.5 0.4008 0.0603
 62.5 -67.5 0.3967 0.0624
 62.5 -62.5 0.4069 0.0579
 62.5 -57.5 0.4234 0.0645
 62.5 -52.5 0.4273 0.0720
 62.5 -47.5 0.4114 0.0734
 62.5 -42.5 0.3860 0.0632
 62.5 -37.5 0.3616 0.0523
 62.5 -32.5 0.3429 0.0465
 62.5 -27.5 0.3258 0.0455
 62.5 -22.5 0.3103 0.0464
 62.5 -17.5 0.3077 0.0449
 62.5 -12.5 0.3124 0.0340
 62.5  -7.5 0.3165 0.0322
 62.5  -2.5 0.3160 0.0331
 62.5   2.5 0.3220 0.0348
 62.5   7.5 0.3333 0.0207
 62.5  12.5 0.3277 0.0198
 62.5  17.5    NaN    NaN
 62.5  22.5    NaN    NaN
 62.5  27.5    NaN    NaN
 62.5  32.5    NaN    NaN
 62.5  37.5    NaN    NaN
 62.5  42.5    NaN    NaN
 62.5  47.5    NaN    NaN
 62.5  52.5    NaN    NaN
 62.5  57.5    NaN    NaN
 62.5  62.5    NaN    NaN
 62.5  67.5    NaN    NaN
 62.5  72.5    NaN    NaN
 62.5  77.5    NaN    NaN
 62.5  82.5    NaN    NaN
 62.5  87.5    NaN    NaN
 67.5 -87.5    NaN    NaN
 67.5 -82.5 0.4379 0.0334
 67.5 -77.5 0.4088 0.0516
 67.5 -72.5 0.4015 0.0607
 67.5 -67.5 0.3958 0.0624
 67.5 -62.5 0.4080 0.0576
 67.5 -57.5 0.4239 0.0652
 67.5 -52.5 0.4293 0.0721
 67.5 -47.5 0.4128 0.0735
 67.5 -42.5 0.3870 0.0652
 67.5 -37.5 0.3625 0.0539
 67.5 -32.5 0.3433 0.0472
 67.5 -27.5 0.3267 0.0459
 67.5 -22.5 0.3110 0.0468
 67.5 -17.5 0.3082 0.0449
 67.5 -12.5 0.3115 0.0358
 67.5  -7.5 0.3161 0.0357
 67.5  -2.5 0.3191 0.0349
 67.5   2.5 0.3319 0.0270
 67.5   7.5 0.3299 0.0237
 67.5  12.5 0.3339 0.0143
 67.5  17.5    NaN    NaN
 67.5  22.5    NaN    NaN
 67.5  27.5    NaN    NaN
 67.5  32.5    NaN    NaN
 67.5  37.5    NaN    NaN
 67.5  42.5    NaN    NaN
 67.5  47.5    NaN    NaN
 67.5  52.5    NaN    NaN
 67.5  57.5    NaN    NaN
 67.5  62.5    NaN    NaN
 67.5  67.5    NaN    NaN
 67.5  72.5    NaN    NaN
 67.5  77.5    NaN    NaN
 67.5  82.5    NaN    NaN
 67.5  87.5    NaN    NaN
 72.5 -87.5    NaN    NaN
 72.5 -82.5 0.4376 0.0364
 72.5 -77.5 0.4110 0.0507
 72.5 -72.5 0.4037 0.0597
 72.5 -67.5 0.3971 0.0618
 72.5 -62.5 0.4086 0.0580
 72.5 -57.5 0.4242 0.0660
 72.5 -52.5 0.4295 0.0738
 72.5 -47.5 0.4142 0.0746
 72.5 -42.5 0.3885 0.0665
 72.5 -37.5 0.3645 0.0550
 72.5 -32.5 0.3439 0.0477
 72.5 -27.5 0.3271 0.0458
 72.5 -22.5 0.3111 0.0477
 72.5 -17.5 0.3097 0.0457
 72.5 -12.5 0.3133 0.0373
 72.5  -7.5 0.3189 0.0396
 72.5  -2.5 0.3233 0.0360
 72.5   2.5 0.3322 0.0245
 72.5   7.5 0.3254 0.0279
 72.5  12.5 0.3474 0.0185
 72.5  17.5    NaN    NaN
 72.5  22.5    NaN    NaN
 72.5  27.5    NaN    NaN
 72.5  32.5    NaN    NaN
 72.5  37.5    NaN    NaN
 72.5  42.5    NaN    NaN
 72.5  47.5    NaN    NaN
 72.5  52.5    NaN    NaN
 72.5  57.5    NaN    NaN
 72.5  62.5    NaN    NaN
 72.5  67.5    NaN    NaN
 72.5  72.5    NaN    NaN
 72.5  77.5    NaN    NaN
 72.5  82.5    NaN    NaN
 72.5  87.5    NaN    NaN
 77.5 -87.5    NaN    NaN
 77.5 -82.5 0.4383 0.0412
 77.5 -77.5 0.4124 0.0512
 77.5 -72.5 0.4060 0.0599
 77.5 -67.5 0.3983 0.0611
 77.5 -62.5 0.4109 0.0569
 77.5 -57.5 0.4266 0.0647
 77.5 -52.5 0.4308 0.0736
 77.5 -47.5 0.4165 0.0738
 77.5 -42.5 0.3900 0.0668
 77.5 -37.5 0.3665 0.0559
 77.5 -32.5 0.3450 0.0487
 77.5 -27.5 0.3276 0.0463
 77.5 -22.5 0.3112 0.0488
 77.5 -17.5 0.3122 0.0478
 77.5 -12.5 0.3157 0.0412
 77.5  -7.5 0.3209 0.0447
 77.5  -2.5 0.3343 0.0326
 77.5   2.5 0.3339 0.0285
 77.5   7.5 0.3399 0.0304
 77.5  12.5 0.3657 0.0097
 77.5  17.5    NaN    NaN
 77.5  22.5    NaN    NaN
 77.5  27.5    NaN    NaN
 77.5  32.5    NaN    NaN
 77.5  37.5    NaN    NaN
 77.5  42.5    NaN    NaN
 77.5  47.5    NaN    NaN
 77.5  52.5    NaN    NaN
 77.5  57.5    NaN    NaN
 77.5  62.5    NaN    NaN
 77.5  67.5    NaN    NaN
 77.5  72.5    NaN    NaN
 77.5  77.5    NaN    NaN
 77.5  82.5    NaN    NaN
 77.5  87.5    NaN    NaN
 82.5 -87.5    NaN    NaN
 82.5 -82.5 0.4397 0.0407
 82.5 -77.5 0.4154 0.0510
 82.5 -72.5 0.4066 0.0606
 82.5 -67.5 0.4013 0.0603
 82.5 -62.5 0.4120 0.0569
 82.5 -57.5 0.4279 0.0640
 82.5 -52.5 0.4317 0.0734
 82.5 -47.5 0.4184 0.0734
 82.5 -42.5 0.3928 0.0662
 82.5 -37.5 0.3693 0.0558
 82.5 -32.5 0.3473 0.0490
 82.5 -27.5 0.3289 0.0471
 82.5 -22.5 0.3121 0.0504
 82.5 -17.5 0.3100 0.0522
 82.5 -12.5 0.3180 0.0478
 82.5  -7.5 0.3291 0.0453
 82.5  -2.5 0.3351 0.0397
 82.5   2.5 0.3358 0.0386
 82.5   7.5 0.3520 0.0317
 82.5  12.5 0.3682 0.0137
 82.5  17.5    NaN    NaN
 82.5  22.5    NaN    NaN
 82.5  27.5    NaN    NaN
 82.5  32.5    NaN    NaN
 82.5  37.5    NaN    NaN
 82.5  42.5    NaN    NaN
 82.5  47.5    NaN    NaN
 82.5  52.5    NaN    NaN
 82.5  57.5    NaN    NaN
 82.5  62.5    NaN    NaN
 82.5  67.5    NaN    NaN
 82.5  72.5    NaN    NaN
 82.5  77.5    NaN    NaN
 82.5  82.5    NaN    NaN
 82.5  87.5    NaN    NaN
 87.5 -87.5    NaN    NaN
 87.5 -82.5 0.4402 0.0444
 87.5 -77.5 0.4165 0.0517
 87.5 -72.5 0.4082 0.0607
 87.5 -67.5 0.4013 0.0614
 87.5 -62.5 0.4120 0.0578
 87.5 -57.5 0.4287 0.0634
 87.5 -52.5 0.4338 0.0718
 87.5 -47.5 0.4203 0.0735
 87.5 -42.5 0.3960 0.0661
 87.5 -37.5 0.3720 0.0559
 87.5 -32.5 0.3498 0.0491
 87.5 -27.5 0.3300 0.0473
 87.5 -22.5 0.3135 0.0510
 87.5 -17.5 0.3091 0.0560
 87.5 -12.5 0.3225 0.0524
 87.5  -7.5 0.3396 0.0427
 87.5  -2.5 0.3395 0.0413
 87.5   2.5 0.3431 0.0458
 87.5   7.5 0.3696 0.0274
 87.5  12.5 0.3721 0.0140
 87.5  17.5    NaN    NaN
 87.5  22.5    NaN    NaN
 87.5  27.5    NaN    NaN
 87.5  32.5    NaN    NaN
 87.5  37.5    NaN    NaN
 87.5  42.5    NaN    NaN
 87.5  47.5    NaN    NaN
 87.5  52.5    NaN    NaN
 87.5  57.5    NaN    NaN
 87.5  62.5    NaN    NaN
 87.5  67.5    NaN    NaN
 87.5  72.5    NaN    NaN
 87.5  77.5    NaN    NaN
 87.5  82.5    NaN    NaN
 87.5  87.5    NaN    NaN
 92.5 -87.5    NaN    NaN
 92.5 -82.5 0.4434 0.0458
 92.5 -77.5 0.4173 0.0527
 92.5 -72.5 0.4088 0.0618
 92.5 -67.5 0.4026 0.0625
 92.5 -62.5 0.4131 0.0579
 92.5 -57.5 0.4298 0.0625
 92.5 -52.5 0.4347 0.0705
 92.5 -47.5 0.4219 0.0724
 92.5 -42.5 0.3978 0.0657
 92.5 -37.5 0.3741 0.0557
 92.5 -32.5 0.3513 0.0493
 92.5 -27.5 0.3309 0.0475
 92.5 -22.5 0.3132 0.0515
 92.5 -17.5 0.3066 0.0574
 92.5 -12.5 0.3249 0.0565
 92.5  -7.5 0.3447 0.0417
 92.5  -2.5 0.3413 0.0461
 92.5   2.5 0.3542 0.0454
 92.5   7.5 0.3751 0.0201
 92.5  12.5 0.3692 0.0165
 92.5  17.5    NaN    NaN
 92.5  22.5    NaN    NaN
 92.5  27.5    NaN    NaN
 92.5  32.5    NaN    NaN
 92.5  37.5    NaN    NaN
 92.5  42.5    NaN    NaN
 92.5  47.5    NaN    NaN
 92.5  52.5    NaN    NaN
 92.5  57.5    NaN    NaN
 92.5  62.5    NaN    NaN
 92.5  67.5    NaN    NaN
 92.5  72.5    NaN    NaN
 92.5  77.5    NaN    NaN
 92.5  82.5    NaN    NaN
 92.5  87.5    NaN    NaN
 97.5 -87.5    NaN    NaN
 97.5 -82.5 0.4485 0.0453
 97.5 -77.5 0.4185 0.0537
 97.5 -72.5 0.4102 0.0618
 97.5 -67.5 0.4052 0.0633
 97.5 -62.5 0.4150 0.0581
 97.5 -57.5 0.4312 0.0620
 97.5 -52.5 0.4356 0.0698
 97.5 -47.5 0.4231 0.0718
 97.5 -42.5 0.3998 0.0660
 97.5 -37.5 0.3758 0.0558
 97.5 -32.5 0.3527 0.0497
 97.5 -27.5 0.3319 0.0479
 97.5 -22.5 0.3136 0.0519
 97.5 -17.5 0.3041 0.0600
 97.5 -12.5 0.3310 0.0559
 97.5  -7.5 0.3404 0.0464
 97.5  -2.5 0.3407 0.0514
 97.5   2.5 0.3665 0.0306
 97.5   7.5 0.3715 0.0196
 97.5  12.5 0.3613 0.0180
 97.5  17.5    NaN    NaN
 97.5  22.5    NaN    NaN
 97.5  27.5    NaN    NaN
 97.5  32.5    NaN    NaN
 97.5  37.5    NaN    NaN
 97.5  42.5    NaN    NaN
 97.5  47.5    NaN    NaN
 97.5  52.5    NaN    NaN
 97.5  57.5    NaN    NaN
 97.5  62.5    NaN    NaN
 97.5  67.5    NaN    NaN
 97.5  72.5    NaN    NaN
 97.5  77.5    NaN    NaN
 97.5  82.5    NaN    NaN
 97.5  87.5    NaN    NaN
102.5 -87.5    NaN    NaN
102.5 -82.5 0.4486 0.0444
102.5 -77.5 0.4204 0.0550
102.5 -72.5 0.4121 0.0623
102.5 -67.5 0.4064 0.0643
102.5 -62.5 0.4163 0.0599
102.5 -57.5 0.4313 0.0621
102.5 -52.5 0.4354 0.0694
102.5 -47.5 0.4238 0.0709
102.5 -42.5 0.4005 0.0661
102.5 -37.5 0.3768 0.0562
102.5 -32.5 0.3543 0.0496
102.5 -27.5 0.3327 0.0481
102.5 -22.5 0.3139 0.0513
102.5 -17.5 0.3040 0.0595
102.5 -12.5 0.3348 0.0514
102.5  -7.5 0.3337 0.0490
102.5  -2.5 0.3454 0.0471
102.5   2.5 0.3641 0.0289
102.5   7.5 0.3721 0.0261
102.5  12.5 0.3770 0.0340
102.5  17.5 0.4189    NaN
102.5  22.5    NaN    NaN
102.5  27.5    NaN    NaN
102.5  32.5    NaN    NaN
102.5  37.5    NaN    NaN
102.5  42.5    NaN    NaN
102.5  47.5    NaN    NaN
102.5  52.5    NaN    NaN
102.5  57.5    NaN    NaN
102.5  62.5    NaN    NaN
102.5  67.5    NaN    NaN
102.5  72.5    NaN    NaN
102.5  77.5    NaN    NaN
102.5  82.5    NaN    NaN
102.5  87.5    NaN    NaN
107.5 -87.5    NaN    NaN
107.5 -82.5 0.4526 0.0405
107.5 -77.5 0.4214 0.0542
107.5 -72.5 0.4131 0.0636
107.5 -67.5 0.4079 0.0652
107.5 -62.5 0.4162 0.0630
107.5 -57.5 0.4304 0.0639
107.5 -52.5 0.4345 0.0700
107.5 -47.5 0.4230 0.0708
107.5 -42.5 0.4000 0.0661
107.5 -37.5 0.3771 0.0566
107.5 -32.5 0.3555 0.0496
107.5 -27.5 0.3335 0.0473
107.5 -22.5 0.3146 0.0505
107.5 -17.5 0.3049 0.0596
107.5 -12.5 0.3300 0.0551
107.5  -7.5 0.3393 0.0539
107.5  -2.5 0.3681 0.0392
107.5   2.5 0.3777 0.0344
107.5   7.5 0.3910 0.0387
107.5  12.5 0.4197 0.0201
107.5  17.5 0.4204 0.0084
107.5  22.5    NaN    NaN
107.5  27.5    NaN    NaN
107.5  32.5    NaN    NaN
107.5  37.5    NaN    NaN
107.5  42.5    NaN    NaN
107.5  47.5    NaN    NaN
107.5  52.5    NaN    NaN
107.5  57.5    NaN    NaN
107.5  62.5    NaN    NaN
107.5  67.5    NaN    NaN
107.5  72.5    NaN    NaN
107.5  77.5    NaN    NaN
107.5  82.5    NaN    NaN
107.5  87.5    NaN    NaN
112.5 -87.5    NaN    NaN
112.5 -82.5 0.4493 0.0420
112.5 -77.5 0.4227 0.0556
112.5 -72.5 0.4151 0.0639
112.5 -67.5 0.4091 0.0665
112.5 -62.5 0.4175 0.0641
112.5 -57.5 0.4309 0.0644
112.5 -52.5 0.4346 0.0694
112.5 -47.5 0.4226 0.0696
112.5 -42.5 0.3999 0.0652
112.5 -37.5 0.3775 0.0564
112.5 -32.5 0.3568 0.0498
112.5 -27.5 0.3351 0.0475
112.5 -22.5 0.3158 0.0505
112.5 -17.5 0.3083 0.0596
112.5 -12.5 0.3234 0.0638
112.5  -7.5 0.3479 0.0592
112.5  -2.5 0.3726 0.0469
112.5   2.5 0.3798 0.0446
112.5   7.5 0.3978 0.0498
112.5  12.5 0.4209 0.0239
112.5  17.5 0.4253 0.0187
112.5  22.5    NaN    NaN
112.5  27.5    NaN    NaN
112.5  32.5    NaN    NaN
112.5  37.5    NaN    NaN
112.5  42.5    NaN    NaN
112.5  47.5    NaN    NaN
112.5  52.5    NaN    NaN
112.5  57.5    NaN    NaN
112.5  62.5    NaN    NaN
112.5  67.5    NaN    NaN
112.5  72.5    NaN    NaN
112.5  77.5    NaN    NaN
112.5  82.5    NaN    NaN
112.5  87.5    NaN    NaN
117.5 -87.5    NaN    NaN
117.5 -82.5 0.4478 0.0428
117.5 -77.5 0.4228 0.0547
117.5 -72.5 0.4169 0.0651
117.5 -67.5 0.4100 0.0674
117.5 -62.5 0.4182 0.0656
117.5 -57.5 0.4302 0.0653
117.5 -52.5 0.4333 0.0698
117.5 -47.5 0.4200 0.0705
117.5 -42.5 0.3977 0.0656
117.5 -37.5 0.3768 0.0566
117.5 -32.5 0.3574 0.0502
117.5 -27.5 0.3366 0.0466
117.5 -22.5 0.3172 0.0499
117.5 -17.5 0.3135 0.0591
117.5 -12.5 0.3238 0.0677
117.5  -7.5 0.3588 0.0598
117.5  -2.5 0.3774 0.0561
117.5   2.5 0.3879 0.0524
117.5   7.5 0.4081 0.0494
117.5  12.5 0.4249 0.0249
117.5  17.5 0.4206 0.0197
117.5  22.5    NaN    NaN
117.5  27.5    NaN    NaN
117.5  32.5    NaN    NaN
117.5  37.5    NaN    NaN
117.5  42.5    NaN    NaN
117.5  47.5    NaN    NaN
117.5  52.5    NaN    NaN
117.5  57.5    NaN    NaN
117.5  62.5    NaN    NaN
117.5  67.5    NaN    NaN
117.5  72.5    NaN    NaN
117.5  77.5    NaN    NaN
117.5  82.5    NaN    NaN
117.5  87.5    NaN    NaN
122.5 -87.5    NaN    NaN
122.5 -82.5 0.4489 0.0401
122.5 -77.5 0.4247 0.0535
122.5 -72.5 0.4181 0.0663
122.5 -67.5 0.4117 0.0683
122.5 -62.5 0.4189 0.0676
122.5 -57.5 0.4297 0.0666
122.5 -52.5 0.4324 0.0712
122.5 -47.5 0.4187 0.0709
122.5 -42.5 0.3958 0.0655
122.5 -37.5 0.3758 0.0567
122.5 -32.5 0.3578 0.0506
122.5 -27.5 0.3385 0.0466
122.5 -22.5 0.3198 0.0498
122.5 -17.5 0.3173 0.0591
122.5 -12.5 0.3292 0.0693
122.5  -7.5 0.3601 0.0660
122.5  -2.5 0.3754 0.0650
122.5   2.5 0.3896 0.0585
122.5   7.5 0.4196 0.0398
122.5  12.5 0.4176 0.0273
122.5  17.5 0.3912    NaN
122.5  22.5    NaN    NaN
122.5  27.5    NaN    NaN
122.5  32.5    NaN    NaN
122.5  37.5    NaN    NaN
122.5  42.5    NaN    NaN
122.5  47.5    NaN    NaN
122.5  52.5    NaN    NaN
122.5  57.5    NaN    NaN
122.5  62.5    NaN    NaN
122.5  67.5    NaN    NaN
122.5  72.5    NaN    NaN
122.5  77.5    NaN    NaN
122.5  82.5    NaN    NaN
122.5  87.5    NaN    NaN
127.5 -87.5    NaN    NaN
127.5 -82.5 0.4444 0.0431
127.5 -77.5 0.4250 0.0547
127.5 -72.5 0.4196 0.0663
127.5 -67.5 0.4116 0.0706
127.5 -62.5 0.4195 0.0687
127.5 -57.5 0.4299 0.0671
127.5 -52.5 0.4327 0.0716
127.5 -47.5 0.4184 0.0721
127.5 -42.5 0.3963 0.0645
127.5 -37.5 0.3768 0.0566
127.5 -32.5 0.3587 0.0509
127.5 -27.5 0.3400 0.0469
127.5 -22.5 0.3217 0.0501
127.5 -17.5 0.3196 0.0586
127.5 -12.5 0.3367 0.0657
127.5  -7.5 0.3486 0.0723
127.5  -2.5 0.3765 0.0614
127.5   2.5 0.3901 0.0516
127.5   7.5 0.3990 0.0356
127.5  12.5 0.3913 0.0271
127.5  17.5 0.3866 0.0061
127.5  22.5    NaN    NaN
127.5  27.5    NaN    NaN
127.5  32.5    NaN    NaN
127.5  37.5    NaN    NaN
127.5  42.5    NaN    NaN
127.5  47.5    NaN    NaN
127.5  52.5    NaN    NaN
127.5  57.5    NaN    NaN
127.5  62.5    NaN    NaN
127.5  67.5    NaN    NaN
127.5  72.5    NaN    NaN
127.5  77.5    NaN    NaN
127.5  82.5    NaN    NaN
127.5  87.5    NaN    NaN
132.5 -87.5    NaN    NaN
132.5 -82.5 0.4466 0.0412
132.5 -77.5 0.4245 0.0549
132.5 -72.5 0.4193 0.0678
132.5 -67.5 0.4127 0.0716
132.5 -62.5 0.4221 0.0688
132.5 -57.5 0.4329 0.0682
132.5 -52.5 0.4338 0.0726
132.5 -47.5 0.4197 0.0722
132.5 -42.5 0.3962 0.0647
132.5 -37.5 0.3777 0.0574
132.5 -32.5 0.3607 0.0517
132.5 -27.5 0.3427 0.0478
132.5 -22.5 0.3258 0.0513
132.5 -17.5 0.3236 0.0591
132.5 -12.5 0.3434 0.0656
132.5  -7.5 0.3436 0.0763
132.5  -2.5 0.3814 0.0589
132.5   2.5 0.3968 0.0436
132.5   7.5 0.3945 0.0295
132.5  12.5 0.3889 0.0259
132.5  17.5 0.3935 0.0190
132.5  22.5    NaN    NaN
132.5  27.5    NaN    NaN
132.5  32.5    NaN    NaN
132.5  37.5    NaN    NaN
132.5  42.5    NaN    NaN
132.5  47.5    NaN    NaN
132.5  52.5    NaN    NaN
132.5  57.5    NaN    NaN
132.5  62.5    NaN    NaN
132.5  67.5    NaN    NaN
132.5  72.5    NaN    NaN
132.5  77.5    NaN    NaN
132.5  82.5    NaN    NaN
132.5  87.5    NaN    NaN
137.5 -87.5    NaN    NaN
137.5 -82.5 0.4427 0.0427
137.5 -77.5 0.4250 0.0567
137.5 -72.5 0.4187 0.0707
137.5 -67.5 0.4152 0.0730
137.5 -62.5 0.4244 0.0699
137.5 -57.5 0.4366 0.0693
137.5 -52.5 0.4364 0.0726
137.5 -47.5 0.4225 0.0731
137.5 -42.5 0.3980 0.0657
137.5 -37.5 0.3791 0.0585
137.5 -32.5 0.3627 0.0530
137.5 -27.5 0.3453 0.0497
137.5 -22.5 0.3289 0.0525
137.5 -17.5 0.3288 0.0607
137.5 -12.5 0.3481 0.0656
137.5  -7.5 0.3469 0.0720
137.5  -2.5 0.3758 0.0620
137.5   2.5 0.3937 0.0420
137.5   7.5 0.3918 0.0380
137.5  12.5 0.3922 0.0346
137.5  17.5 0.3967 0.0193
137.5  22.5    NaN    NaN
137.5  27.5    NaN    NaN
137.5  32.5    NaN    NaN
137.5  37.5    NaN    NaN
137.5  42.5    NaN    NaN
137.5  47.5    NaN    NaN
137.5  52.5    NaN    NaN
137.5  57.5    NaN    NaN
137.5  62.5    NaN    NaN
137.5  67.5    NaN    NaN
137.5  72.5    NaN    NaN
137.5  77.5    NaN    NaN
137.5  82.5    NaN    NaN
137.5  87.5    NaN    NaN
142.5 -87.5    NaN    NaN
142.5 -82.5 0.4393 0.0422
142.5 -77.5 0.4226 0.0585
142.5 -72.5 0.4214 0.0726
142.5 -67.5 0.4186 0.0751
142.5 -62.5 0.4282 0.0707
142.5 -57.5 0.4403 0.0703
142.5 -52.5 0.4407 0.0721
142.5 -47.5 0.4267 0.0731
142.5 -42.5 0.4014 0.0662
142.5 -37.5 0.3811 0.0592
142.5 -32.5 0.3646 0.0543
142.5 -27.5 0.3477 0.0508
142.5 -22.5 0.3321 0.0534
142.5 -17.5 0.3333 0.0611
142.5 -12.5 0.3504 0.0648
142.5  -7.5 0.3492 0.0654
142.5  -2.5 0.3628 0.0659
142.5   2.5 0.3866 0.0482
142.5   7.5 0.3948 0.0398
142.5  12.5 0.4137 0.0249
142.5  17.5 0.4082 0.0159
142.5  22.5    NaN    NaN
142.5  27.5    NaN    NaN
142.5  32.5    NaN    NaN
142.5  37.5    NaN    NaN
142.5  42.5    NaN    NaN
142.5  47.5    NaN    NaN
142.5  52.5    NaN    NaN
142.5  57.5    NaN    NaN
142.5  62.5    NaN    NaN
142.5  67.5    NaN    NaN
142.5  72.5    NaN    NaN
142.5  77.5    NaN    NaN
142.5  82.5    NaN    NaN
142.5  87.5    NaN    NaN
147.5 -87.5    NaN    NaN
147.5 -82.5 0.4339 0.0437
147.5 -77.5 0.4201 0.0595
147.5 -72.5 0.4250 0.0743
147.5 -67.5 0.4225 0.0768
147.5 -62.5 0.4311 0.0735
147.5 -57.5 0.4436 0.0730
147.5 -52.5 0.4439 0.0737
147.5 -47.5 0.4299 0.0742
147.5 -42.5 0.4042 0.0672
147.5 -37.5 0.3832 0.0595
147.5 -32.5 0.3667 0.0549
147.5 -27.5 0.3489 0.0526
147.5 -22.5 0.3343 0.0536
147.5 -17.5 0.3333 0.0596
147.5 -12.5 0.3477 0.0623
147.5  -7.5 0.3462 0.0571
147.5  -2.5 0.3445 0.0586
147.5   2.5 0.3767 0.0526
147.5   7.5 0.3986 0.0439
147.5  12.5 0.4169 0.0230
147.5  17.5 0.4045 0.0200
147.5  22.5    NaN    NaN
147.5  27.5    NaN    NaN
147.5  32.5    NaN    NaN
147.5  37.5    NaN    NaN
147.5  42.5    NaN    NaN
147.5  47.5    NaN    NaN
147.5  52.5    NaN    NaN
147.5  57.5    NaN    NaN
147.5  62.5    NaN    NaN
147.5  67.5    NaN    NaN
147.5  72.5    NaN    NaN
147.5  77.5    NaN    NaN
147.5  82.5    NaN    NaN
147.5  87.5    NaN    NaN
152.5 -87.5    NaN    NaN
152.5 -82.5 0.4305 0.0454
152.5 -77.5 0.4203 0.0606
152.5 -72.5 0.4284 0.0774
152.5 -67.5 0.4256 0.0801
152.5 -62.5 0.4351 0.0772
152.5 -57.5 0.4467 0.0763
152.5 -52.5 0.4448 0.0769
152.5 -47.5 0.4315 0.0758
152.5 -42.5 0.4044 0.0692
152.5 -37.5 0.3819 0.0616
152.5 -32.5 0.3661 0.0565
152.5 -27.5 0.3505 0.0533
152.5 -22.5 0.3356 0.0534
152.5 -17.5 0.3357 0.0561
152.5 -12.5 0.3483 0.0542
152.5  -7.5 0.3476 0.0445
152.5  -2.5 0.3475 0.0407
152.5   2.5 0.3591 0.0382
152.5   7.5 0.3764 0.0371
152.5  12.5 0.3872 0.0287
152.5  17.5 0.3859 0.0226
152.5  22.5    NaN    NaN
152.5  27.5    NaN    NaN
152.5  32.5    NaN    NaN
152.5  37.5    NaN    NaN
152.5  42.5    NaN    NaN
152.5  47.5    NaN    NaN
152.5  52.5    NaN    NaN
152.5  57.5    NaN    NaN
152.5  62.5    NaN    NaN
152.5  67.5    NaN    NaN
152.5  72.5    NaN    NaN
152.5  77.5    NaN    NaN
152.5  82.5    NaN    NaN
152.5  87.5    NaN    NaN
157.5 -87.5    NaN    NaN
157.5 -82.5 0.4288 0.0491
157.5 -77.5 0.4191 0.0613
157.5 -72.5 0.4324 0.0804
157.5 -67.5 0.4290 0.0840
157.5 -62.5 0.4381 0.0806
157.5 -57.5 0.4480 0.0797
157.5 -52.5 0.4461 0.0786
157.5 -47.5 0.4291 0.0775
157.5 -42.5 0.4063 0.0698
157.5 -37.5 0.3814 0.0623
157.5 -32.5 0.3650 0.0574
157.5 -27.5 0.3504 0.0537
157.5 -22.5 0.3379 0.0524
157.5 -17.5 0.3394 0.0538
157.5 -12.5 0.3526 0.0459
157.5  -7.5 0.3501 0.0426
157.5  -2.5 0.3506 0.0408
157.5   2.5 0.3597 0.0441
157.5   7.5 0.3689 0.0374
157.5  12.5 0.3803 0.0296
157.5  17.5 0.3904 0.0063
157.5  22.5    NaN    NaN
157.5  27.5    NaN    NaN
157.5  32.5    NaN    NaN
157.5  37.5    NaN    NaN
157.5  42.5    NaN    NaN
157.5  47.5    NaN    NaN
157.5  52.5    NaN    NaN
157.5  57.5    NaN    NaN
157.5  62.5    NaN    NaN
157.5  67.5    NaN    NaN
157.5  72.5    NaN    NaN
157.5  77.5    NaN    NaN
157.5  82.5    NaN    NaN
157.5  87.5    NaN    NaN
162.5 -87.5    NaN    NaN
162.5 -82.5 0.4299 0.0527
162.5 -77.5 0.4201 0.0635
162.5 -72.5 0.4366 0.0830
162.5 -67.5 0.4342 0.0858
162.5 -62.5 0.4420 0.0830
162.5 -57.5 0.4508 0.0820
162.5 -52.5 0.4421 0.0837
162.5 -47.5 0.4248 0.0820
162.5 -42.5 0.4021 0.0740
162.5 -37.5 0.3809 0.0641
162.5 -32.5 0.3643 0.0594
162.5 -27.5 0.3499 0.0569
162.5 -22.5 0.3372 0.0557
162.5 -17.5 0.3387 0.0591
162.5 -12.5 0.3504 0.0508
162.5  -7.5 0.3492 0.0484
162.5  -2.5 0.3529 0.0450
162.5   2.5 0.3624 0.0486
162.5   7.5 0.3677 0.0436
162.5  12.5 0.3730 0.0305
162.5  17.5 0.3767 0.0160
162.5  22.5 0.3960 0.0015
162.5  27.5    NaN    NaN
162.5  32.5    NaN    NaN
162.5  37.5    NaN    NaN
162.5  42.5    NaN    NaN
162.5  47.5    NaN    NaN
162.5  52.5    NaN    NaN
162.5  57.5    NaN    NaN
162.5  62.5    NaN    NaN
162.5  67.5    NaN    NaN
162.5  72.5    NaN    NaN
162.5  77.5    NaN    NaN
162.5  82.5    NaN    NaN
162.5  87.5    NaN    NaN
167.5 -87.5    NaN    NaN
167.5 -82.5 0.4356 0.0548
167.5 -77.5 0.4214 0.0664
167.5 -72.5 0.4405 0.0861
167.5 -67.5 0.4399 0.0869
167.5 -62.5 0.4464 0.0842
167.5 -57.5 0.4495 0.0855
167.5 -52.5 0.4428 0.0852
167.5 -47.5 0.4291 0.0806
167.5 -42.5 0.4077 0.0708
167.5 -37.5 0.3863 0.0618
167.5 -32.5 0.3692 0.0567
167.5 -27.5 0.3550 0.0550
167.5 -22.5 0.3419 0.0563
167.5 -17.5 0.3456 0.0602
167.5 -12.5 0.3555 0.0525
167.5  -7.5 0.3565 0.0498
167.5  -2.5 0.3611 0.0431
167.5   2.5 0.3678 0.0469
167.5   7.5 0.3719 0.0411
167.5  12.5 0.3797 0.0320
167.5  17.5 0.3865 0.0155
167.5  22.5 0.3954 0.0012
167.5  27.5    NaN    NaN
167.5  32.5    NaN    NaN
167.5  37.5    NaN    NaN
167.5  42.5    NaN    NaN
167.5  47.5    NaN    NaN
167.5  52.5    NaN    NaN
167.5  57.5    NaN    NaN
167.5  62.5    NaN    NaN
167.5  67.5    NaN    NaN
167.5  72.5    NaN    NaN
167.5  77.5    NaN    NaN
167.5  82.5    NaN    NaN
167.5  87.5    NaN    NaN
172.5 -87.5    NaN    NaN
172.5 -82.5 0.4397 0.0520
172.5 -77.5 0.4241 0.0684
172.5 -72.5 0.4457 0.0867
172.5 -67.5 0.4458 0.0879
172.5 -62.5 0.4527 0.0872
172.5 -57.5 0.4570 0.0875
172.5 -52.5 0.4498 0.0845
172.5 -47.5 0.4344 0.0781
172.5 -42.5 0.4132 0.0678
172.5 -37.5 0.3915 0.0589
172.5 -32.5 0.3738 0.0546
172.5 -27.5 0.3593 0.0537
172.5 -22.5 0.3465 0.0562
172.5 -17.5 0.3491 0.0599
172.5 -12.5 0.3589 0.0554
172.5  -7.5 0.3631 0.0498
172.5  -2.5 0.3645 0.0439
172.5   2.5 0.3662 0.0450
172.5   7.5 0.3710 0.0434
172.5  12.5 0.3825 0.0318
172.5  17.5 0.3871 0.0191
172.5  22.5    NaN    NaN
172.5  27.5    NaN    NaN
172.5  32.5    NaN    NaN
172.5  37.5    NaN    NaN
172.5  42.5    NaN    NaN
172.5  47.5    NaN    NaN
172.5  52.5    NaN    NaN
172.5  57.5    NaN    NaN
172.5  62.5    NaN    NaN
172.5  67.5    NaN    NaN
172.5  72.5    NaN    NaN
172.5  77.5    NaN    NaN
172.5  82.5    NaN    NaN
172.5  87.5    NaN    NaN
177.5 -87.5    NaN    NaN
177.5 -82.5 0.4474 0.0491
177.5 -77.5 0.4285 0.0727
177.5 -72.5 0.4525 0.0884
177.5 -67.5 0.4518 0.0913
177.5 -62.5 0.4591 0.0917
177.5 -57.5 0.4633 0.0904
177.5 -52.5 0.4555 0.0855
177.5 -47.5 0.4391 0.0766
177.5 -42.5 0.4177 0.0657
177.5 -37.5 0.3964 0.0565
177.5 -32.5 0.3787 0.0521
177.5 -27.5 0.3645 0.0522
177.5 -22.5 0.3510 0.0560
177.5 -17.5 0.3517 0.0577
177.5 -12.5 0.3612 0.0580
177.5  -7.5 0.3692 0.0513
177.5  -2.5 0.3648 0.0474
177.5   2.5 0.3616 0.0454
177.5   7.5 0.3674 0.0468
177.5  12.5 0.3784 0.0335
177.5  17.5 0.3870 0.0157
177.5  22.5    NaN    NaN
177.5  27.5    NaN    NaN
177.5  32.5    NaN    NaN
177.5  37.5    NaN    NaN
177.5  42.5    NaN    NaN
177.5  47.5    NaN    NaN
177.5  52.5    NaN    NaN
177.5  57.5    NaN    NaN
177.5  62.5    NaN    NaN
177.5  67.5    NaN    NaN
177.5  72.5    NaN    NaN
177.5  77.5    NaN    NaN
177.5  82.5    NaN    NaN
177.5  87.5    NaN    NaN
182.5 -87.5    NaN    NaN
182.5 -82.5 0.4545 0.0453
182.5 -77.5 0.4351 0.0747
182.5 -72.5 0.4594 0.0910
182.5 -67.5 0.4573 0.0967
182.5 -62.5 0.4647 0.0969
182.5 -57.5 0.4680 0.0944
182.5 -52.5 0.4596 0.0873
182.5 -47.5 0.4416 0.0770
182.5 -42.5 0.4201 0.0652
182.5 -37.5 0.3983 0.0557
182.5 -32.5 0.3808 0.0521
182.5 -27.5 0.3667 0.0524
182.5 -22.5 0.3527 0.0568
182.5 -17.5 0.3515 0.0581
182.5 -12.5 0.3612 0.0576
182.5  -7.5 0.3649 0.0535
182.5  -2.5 0.3603 0.0465
182.5   2.5 0.3588 0.0425
182.5   7.5 0.3610 0.0429
182.5  12.5 0.3704 0.0338
182.5  17.5 0.3849 0.0139
182.5  22.5    NaN    NaN
182.5  27.5    NaN    NaN
182.5  32.5    NaN    NaN
182.5  37.5    NaN    NaN
182.5  42.5    NaN    NaN
182.5  47.5    NaN    NaN
182.5  52.5    NaN    NaN
182.5  57.5    NaN    NaN
182.5  62.5    NaN    NaN
182.5  67.5    NaN    NaN
182.5  72.5    NaN    NaN
182.5  77.5    NaN    NaN
182.5  82.5    NaN    NaN
182.5  87.5    NaN    NaN
187.5 -87.5    NaN    NaN
187.5 -82.5 0.4577 0.0457
187.5 -77.5 0.4478 0.0763
187.5 -72.5 0.4677 0.0938
187.5 -67.5 0.4656 0.1017
187.5 -62.5 0.4713 0.1031
187.5 -57.5 0.4729 0.0988
187.5 -52.5 0.4629 0.0895
187.5 -47.5 0.4421 0.0775
187.5 -42.5 0.4198 0.0657
187.5 -37.5 0.3978 0.0567
187.5 -32.5 0.3806 0.0527
187.5 -27.5 0.3665 0.0530
187.5 -22.5 0.3529 0.0564
187.5 -17.5 0.3500 0.0594
187.5 -12.5 0.3620 0.0555
187.5  -7.5 0.3621 0.0513
187.5  -2.5 0.3542 0.0458
187.5   2.5 0.3590 0.0346
187.5   7.5 0.3613 0.0388
187.5  12.5 0.3758 0.0255
187.5  17.5 0.3950 0.0201
187.5  22.5 0.4186 0.0041
187.5  27.5    NaN    NaN
187.5  32.5    NaN    NaN
187.5  37.5    NaN    NaN
187.5  42.5    NaN    NaN
187.5  47.5    NaN    NaN
187.5  52.5    NaN    NaN
187.5  57.5    NaN    NaN
187.5  62.5    NaN    NaN
187.5  67.5    NaN    NaN
187.5  72.5    NaN    NaN
187.5  77.5    NaN    NaN
187.5  82.5    NaN    NaN
187.5  87.5    NaN    NaN
192.5 -87.5    NaN    NaN
192.5 -82.5 0.4651 0.0461
192.5 -77.5 0.4634 0.0758
192.5 -72.5 0.4741 0.0972
192.5 -67.5 0.4738 0.1063
192.5 -62.5 0.4809 0.1079
192.5 -57.5 0.4801 0.1020
192.5 -52.5 0.4683 0.0906
192.5 -47.5 0.4407 0.0823
192.5 -42.5 0.4180 0.0689
192.5 -37.5 0.3983 0.0571
192.5 -32.5 0.3816 0.0517
192.5 -27.5 0.3670 0.0521
192.5 -22.5 0.3527 0.0555
192.5 -17.5 0.3496 0.0595
192.5 -12.5 0.3571 0.0558
192.5  -7.5 0.3592 0.0495
192.5  -2.5 0.3534 0.0446
192.5   2.5 0.3603 0.0356
192.5   7.5 0.3700 0.0368
192.5  12.5 0.3841 0.0361
192.5  17.5 0.4205 0.0164
192.5  22.5 0.4256 0.0031
192.5  27.5    NaN    NaN
192.5  32.5    NaN    NaN
192.5  37.5    NaN    NaN
192.5  42.5    NaN    NaN
192.5  47.5    NaN    NaN
192.5  52.5    NaN    NaN
192.5  57.5    NaN    NaN
192.5  62.5    NaN    NaN
192.5  67.5    NaN    NaN
192.5  72.5    NaN    NaN
192.5  77.5    NaN    NaN
192.5  82.5    NaN    NaN
192.5  87.5    NaN    NaN
197.5 -87.5    NaN    NaN
197.5 -82.5 0.4749 0.0399
197.5 -77.5 0.4743 0.0759
197.5 -72.5 0.4821 0.0998
197.5 -67.5 0.4811 0.1108
197.5 -62.5 0.4883 0.1127
197.5 -57.5 0.4840 0.1060
197.5 -52.5 0.4696 0.0963
197.5 -47.5 0.4437 0.0821
197.5 -42.5 0.4196 0.0666
197.5 -37.5 0.4005 0.0555
197.5 -32.5 0.3839 0.0505
197.5 -27.5 0.3689 0.0503
197.5 -22.5 0.3540 0.0539
197.5 -17.5 0.3538 0.0575
197.5 -12.5 0.3571 0.0560
197.5  -7.5 0.3613 0.0478
197.5  -2.5 0.3569 0.0451
197.5   2.5 0.3609 0.0446
197.5   7.5 0.3741 0.0459
197.5  12.5 0.4014 0.0425
197.5  17.5 0.4292 0.0173
197.5  22.5 0.4300    NaN
197.5  27.5    NaN    NaN
197.5  32.5    NaN    NaN
197.5  37.5    NaN    NaN
197.5  42.5    NaN    NaN
197.5  47.5    NaN    NaN
197.5  52.5    NaN    NaN
197.5  57.5    NaN    NaN
197.5  62.5    NaN    NaN
197.5  67.5    NaN    NaN
197.5  72.5    NaN    NaN
197.5  77.5    NaN    NaN
197.5  82.5    NaN    NaN
197.5  87.5    NaN    NaN
202.5 -87.5    NaN    NaN
202.5 -82.5 0.4794 0.0395
202.5 -77.5 0.4809 0.0779
202.5 -72.5 0.4900 0.1013
202.5 -67.5 0.4888 0.1138
202.5 -62.5 0.4941 0.1165
202.5 -57.5 0.4903 0.1082
202.5 -52.5 0.4748 0.0986
202.5 -47.5 0.4464 0.0828
202.5 -42.5 0.4210 0.0655
202.5 -37.5 0.4019 0.0541
202.5 -32.5 0.3862 0.0502
202.5 -27.5 0.3696 0.0499
202.5 -22.5 0.3533 0.0531
202.5 -17.5 0.3525 0.0558
202.5 -12.5 0.3546 0.0567
202.5  -7.5 0.3597 0.0502
202.5  -2.5 0.3578 0.0473
202.5   2.5 0.3617 0.0531
202.5   7.5 0.3835 0.0543
202.5  12.5 0.4267 0.0370
202.5  17.5 0.4275 0.0158
202.5  22.5 0.4187    NaN
202.5  27.5    NaN    NaN
202.5  32.5    NaN    NaN
202.5  37.5    NaN    NaN
202.5  42.5    NaN    NaN
202.5  47.5    NaN    NaN
202.5  52.5    NaN    NaN
202.5  57.5    NaN    NaN
202.5  62.5    NaN    NaN
202.5  67.5    NaN    NaN
202.5  72.5    NaN    NaN
202.5  77.5    NaN    NaN
202.5  82.5    NaN    NaN
202.5  87.5    NaN    NaN
207.5 -87.5    NaN    NaN
207.5 -82.5 0.4833 0.0378
207.5 -77.5 0.4880 0.0792
207.5 -72.5 0.4972 0.1022
207.5 -67.5 0.4975 0.1162
207.5 -62.5 0.5047 0.1185
207.5 -57.5 0.4998 0.1101
207.5 -52.5 0.4810 0.1003
207.5 -47.5 0.4502 0.0842
207.5 -42.5 0.4222 0.0657
207.5 -37.5 0.4026 0.0541
207.5 -32.5 0.3866 0.0510
207.5 -27.5 0.3703 0.0513
207.5 -22.5 0.3528 0.0525
207.5 -17.5 0.3492 0.0545
207.5 -12.5 0.3540 0.0565
207.5  -7.5 0.3533 0.0549
207.5  -2.5 0.3544 0.0547
207.5   2.5 0.3636 0.0621
207.5   7.5 0.3920 0.0580
207.5  12.5 0.4247 0.0286
207.5  17.5 0.4232 0.0094
207.5  22.5    NaN    NaN
207.5  27.5    NaN    NaN
207.5  32.5    NaN    NaN
207.5  37.5    NaN    NaN
207.5  42.5    NaN    NaN
207.5  47.5    NaN    NaN
207.5  52.5    NaN    NaN
207.5  57.5    NaN    NaN
207.5  62.5    NaN    NaN
207.5  67.5    NaN    NaN
207.5  72.5    NaN    NaN
207.5  77.5    NaN    NaN
207.5  82.5    NaN    NaN
207.5  87.5    NaN    NaN
212.5 -87.5    NaN    NaN
212.5 -82.5 0.4839 0.0395
212.5 -77.5 0.4917 0.0805
212.5 -72.5 0.5024 0.1024
212.5 -67.5 0.5061 0.1177
212.5 -62.5 0.5117 0.1225
212.5 -57.5 0.5067 0.1130
212.5 -52.5 0.4868 0.1011
212.5 -47.5 0.4545 0.0858
212.5 -42.5 0.4245 0.0666
212.5 -37.5 0.4038 0.0544
212.5 -32.5 0.3879 0.0511
212.5 -27.5 0.3715 0.0524
212.5 -22.5 0.3518 0.0530
212.5 -17.5 0.3468 0.0536
212.5 -12.5 0.3508 0.0554
212.5  -7.5 0.3505 0.0567
212.5  -2.5 0.3548 0.0626
212.5   2.5 0.3736 0.0596
212.5   7.5 0.3941 0.0552
212.5  12.5 0.3976 0.0259
212.5  17.5 0.3961 0.0103
212.5  22.5    NaN    NaN
212.5  27.5    NaN    NaN
212.5  32.5    NaN    NaN
212.5  37.5    NaN    NaN
212.5  42.5    NaN    NaN
212.5  47.5    NaN    NaN
212.5  52.5    NaN    NaN
212.5  57.5    NaN    NaN
212.5  62.5    NaN    NaN
212.5  67.5    NaN    NaN
212.5  72.5    NaN    NaN
212.5  77.5    NaN    NaN
212.5  82.5    NaN    NaN
212.5  87.5    NaN    NaN
217.5 -87.5    NaN    NaN
217.5 -82.5 0.4825 0.0475
217.5 -77.5 0.4950 0.0818
217.5 -72.5 0.5086 0.1032
217.5 -67.5 0.5149 0.1191
217.5 -62.5 0.5194 0.1254
217.5 -57.5 0.5147 0.1158
217.5 -52.5 0.4916 0.1027
217.5 -47.5 0.4584 0.0882
217.5 -42.5 0.4252 0.0682
217.5 -37.5 0.4032 0.0559
217.5 -32.5 0.3881 0.0525
217.5 -27.5 0.3712 0.0538
217.5 -22.5 0.3513 0.0541
217.5 -17.5 0.3456 0.0566
217.5 -12.5 0.3471 0.0546
217.5  -7.5 0.3481 0.0604
217.5  -2.5 0.3588 0.0630
217.5   2.5 0.3750 0.0514
217.5   7.5 0.3842 0.0494
217.5  12.5 0.3893 0.0223
217.5  17.5 0.3561 0.0108
217.5  22.5    NaN    NaN
217.5  27.5    NaN    NaN
217.5  32.5    NaN    NaN
217.5  37.5    NaN    NaN
217.5  42.5    NaN    NaN
217.5  47.5    NaN    NaN
217.5  52.5    NaN    NaN
217.5  57.5    NaN    NaN
217.5  62.5    NaN    NaN
217.5  67.5    NaN    NaN
217.5  72.5    NaN    NaN
217.5  77.5    NaN    NaN
217.5  82.5    NaN    NaN
217.5  87.5    NaN    NaN
222.5 -87.5    NaN    NaN
222.5 -82.5 0.4880 0.0491
222.5 -77.5 0.4973 0.0823
222.5 -72.5 0.5145 0.1040
222.5 -67.5 0.5197 0.1225
222.5 -62.5 0.5263 0.1288
222.5 -57.5 0.5223 0.1192
222.5 -52.5 0.4978 0.1031
222.5 -47.5 0.4624 0.0894
222.5 -42.5 0.4270 0.0697
222.5 -37.5 0.4036 0.0577
222.5 -32.5 0.3893 0.0533
222.5 -27.5 0.3716 0.0541
222.5 -22.5 0.3507 0.0551
222.5 -17.5 0.3435 0.0596
222.5 -12.5 0.3441 0.0559
222.5  -7.5 0.3482 0.0622
222.5  -2.5 0.3663 0.0550
222.5   2.5 0.3617 0.0477
222.5   7.5 0.3706 0.0439
222.5  12.5 0.3620 0.0359
222.5  17.5    NaN    NaN
222.5  22.5    NaN    NaN
222.5  27.5    NaN    NaN
222.5  32.5    NaN    NaN
222.5  37.5    NaN    NaN
222.5  42.5    NaN    NaN
222.5  47.5    NaN    NaN
222.5  52.5    NaN    NaN
222.5  57.5    NaN    NaN
222.5  62.5    NaN    NaN
222.5  67.5    NaN    NaN
222.5  72.5    NaN    NaN
222.5  77.5    NaN    NaN
222.5  82.5    NaN    NaN
222.5  87.5    NaN    NaN
227.5 -87.5    NaN    NaN
227.5 -82.5 0.4861 0.0538
227.5 -77.5 0.4994 0.0811
227.5 -72.5 0.5167 0.1054
227.5 -67.5 0.5263 0.1245
227.5 -62.5 0.5327 0.1322
227.5 -57.5 0.5274 0.1226
227.5 -52.5 0.5018 0.1051
227.5 -47.5 0.4648 0.0910
227.5 -42.5 0.4291 0.0716
227.5 -37.5 0.4034 0.0593
227.5 -32.5 0.3885 0.0543
227.5 -27.5 0.3715 0.0541
227.5 -22.5 0.3501 0.0550
227.5 -17.5 0.3417 0.0609
227.5 -12.5 0.3426 0.0571
227.5  -7.5 0.3598 0.0534
227.5  -2.5 0.3607 0.0408
227.5   2.5 0.3466 0.0357
227.5   7.5 0.3482 0.0305
227.5  12.5 0.3318 0.0302
227.5  17.5    NaN    NaN
227.5  22.5    NaN    NaN
227.5  27.5    NaN    NaN
227.5  32.5    NaN    NaN
227.5  37.5    NaN    NaN
227.5  42.5    NaN    NaN
227.5  47.5    NaN    NaN
227.5  52.5    NaN    NaN
227.5  57.5    NaN    NaN
227.5  62.5    NaN    NaN
227.5  67.5    NaN    NaN
227.5  72.5    NaN    NaN
227.5  77.5    NaN    NaN
227.5  82.5    NaN    NaN
227.5  87.5    NaN    NaN
232.5 -87.5    NaN    NaN
232.5 -82.5 0.4906 0.0592
232.5 -77.5 0.5050 0.0813
232.5 -72.5 0.5192 0.1069
232.5 -67.5 0.5281 0.1280
232.5 -62.5 0.5371 0.1359
232.5 -57.5 0.5322 0.1258
232.5 -52.5 0.5060 0.1074
232.5 -47.5 0.4671 0.0928
232.5 -42.5 0.4319 0.0731
232.5 -37.5 0.4045 0.0612
232.5 -32.5 0.3871 0.0553
232.5 -27.5 0.3707 0.0536
232.5 -22.5 0.3480 0.0547
232.5 -17.5 0.3375 0.0603
232.5 -12.5 0.3421 0.0571
232.5  -7.5 0.3575 0.0440
232.5  -2.5 0.3437 0.0309
232.5   2.5 0.3291 0.0254
232.5   7.5 0.3319 0.0231
232.5  12.5 0.3066 0.0208
232.5  17.5    NaN    NaN
232.5  22.5    NaN    NaN
232.5  27.5    NaN    NaN
232.5  32.5    NaN    NaN
232.5  37.5    NaN    NaN
232.5  42.5    NaN    NaN
232.5  47.5    NaN    NaN
232.5  52.5    NaN    NaN
232.5  57.5    NaN    NaN
232.5  62.5    NaN    NaN
232.5  67.5    NaN    NaN
232.5  72.5    NaN    NaN
232.5  77.5    NaN    NaN
232.5  82.5    NaN    NaN
232.5  87.5    NaN    NaN
237.5 -87.5    NaN    NaN
237.5 -82.5 0.4988 0.0577
237.5 -77.5 0.5074 0.0829
237.5 -72.5 0.5201 0.1081
237.5 -67.5 0.5311 0.1293
237.5 -62.5 0.5408 0.1386
237.5 -57.5 0.5345 0.1290
237.5 -52.5 0.5090 0.1086
237.5 -47.5 0.4699 0.0935
237.5 -42.5 0.4345 0.0747
237.5 -37.5 0.4064 0.0631
237.5 -32.5 0.3866 0.0568
237.5 -27.5 0.3690 0.0534
237.5 -22.5 0.3467 0.0535
237.5 -17.5 0.3348 0.0580
237.5 -12.5 0.3539 0.0517
237.5  -7.5 0.3463 0.0366
237.5  -2.5 0.3299 0.0302
237.5   2.5 0.3246 0.0255
237.5   7.5 0.3178 0.0210
237.5  12.5 0.3119 0.0128
237.5  17.5    NaN    NaN
237.5  22.5    NaN    NaN
237.5  27.5    NaN    NaN
237.5  32.5    NaN    NaN
237.5  37.5    NaN    NaN
237.5  42.5    NaN    NaN
237.5  47.5    NaN    NaN
237.5  52.5    NaN    NaN
237.5  57.5    NaN    NaN
237.5  62.5    NaN    NaN
237.5  67.5    NaN    NaN
237.5  72.5    NaN    NaN
237.5  77.5    NaN    NaN
237.5  82.5    NaN    NaN
237.5  87.5    NaN    NaN
242.5 -87.5    NaN    NaN
242.5 -82.5 0.5082 0.0607
242.5 -77.5 0.5090 0.0853
242.5 -72.5 0.5226 0.1072
242.5 -67.5 0.5331 0.1299
242.5 -62.5 0.5410 0.1407
242.5 -57.5 0.5377 0.1308
242.5 -52.5 0.5118 0.1094
242.5 -47.5 0.4724 0.0948
242.5 -42.5 0.4359 0.0761
242.5 -37.5 0.4077 0.0646
242.5 -32.5 0.3864 0.0582
242.5 -27.5 0.3679 0.0537
242.5 -22.5 0.3443 0.0534
242.5 -17.5 0.3318 0.0601
242.5 -12.5 0.3490 0.0503
242.5  -7.5 0.3361 0.0348
242.5  -2.5 0.3233 0.0330
242.5   2.5 0.3256 0.0361
242.5   7.5 0.3347 0.0231
242.5  12.5 0.3258 0.0159
242.5  17.5    NaN    NaN
242.5  22.5    NaN    NaN
242.5  27.5    NaN    NaN
242.5  32.5    NaN    NaN
242.5  37.5    NaN    NaN
242.5  42.5    NaN    NaN
242.5  47.5    NaN    NaN
242.5  52.5    NaN    NaN
242.5  57.5    NaN    NaN
242.5  62.5    NaN    NaN
242.5  67.5    NaN    NaN
242.5  72.5    NaN    NaN
242.5  77.5    NaN    NaN
242.5  82.5    NaN    NaN
242.5  87.5    NaN    NaN
247.5 -87.5    NaN    NaN
247.5 -82.5 0.5140 0.0599
247.5 -77.5 0.5103 0.0857
247.5 -72.5 0.5207 0.1085
247.5 -67.5 0.5334 0.1300
247.5 -62.5 0.5454 0.1398
247.5 -57.5 0.5404 0.1322
247.5 -52.5 0.5136 0.1091
247.5 -47.5 0.4739 0.0945
247.5 -42.5 0.4384 0.0753
247.5 -37.5 0.4100 0.0646
247.5 -32.5 0.3877 0.0587
247.5 -27.5 0.3671 0.0541
247.5 -22.5 0.3419 0.0536
247.5 -17.5 0.3382 0.0647
247.5 -12.5 0.3431 0.0526
247.5  -7.5 0.3314 0.0403
247.5  -2.5 0.3217 0.0415
247.5   2.5 0.3521 0.0318
247.5   7.5 0.3511 0.0242
247.5  12.5 0.3407 0.0210
247.5  17.5    NaN    NaN
247.5  22.5    NaN    NaN
247.5  27.5    NaN    NaN
247.5  32.5    NaN    NaN
247.5  37.5    NaN    NaN
247.5  42.5    NaN    NaN
247.5  47.5    NaN    NaN
247.5  52.5    NaN    NaN
247.5  57.5    NaN    NaN
247.5  62.5    NaN    NaN
247.5  67.5    NaN    NaN
247.5  72.5    NaN    NaN
247.5  77.5    NaN    NaN
247.5  82.5    NaN    NaN
247.5  87.5    NaN    NaN
252.5 -87.5    NaN    NaN
252.5 -82.5 0.5109 0.0607
252.5 -77.5 0.5109 0.0878
252.5 -72.5 0.5200 0.1093
252.5 -67.5 0.5298 0.1306
252.5 -62.5 0.5427 0.1421
252.5 -57.5 0.5409 0.1345
252.5 -52.5 0.5143 0.1105
252.5 -47.5 0.4734 0.0950
252.5 -42.5 0.4383 0.0772
252.5 -37.5 0.4106 0.0651
252.5 -32.5 0.3880 0.0598
252.5 -27.5 0.3664 0.0552
252.5 -22.5 0.3418 0.0564
252.5 -17.5 0.3375 0.0658
252.5 -12.5 0.3387 0.0570
252.5  -7.5 0.3302 0.0493
252.5  -2.5 0.3427 0.0364
252.5   2.5 0.3664 0.0179
252.5   7.5 0.3634 0.0189
252.5  12.5 0.3524 0.0171
252.5  17.5    NaN    NaN
252.5  22.5    NaN    NaN
252.5  27.5    NaN    NaN
252.5  32.5    NaN    NaN
252.5  37.5    NaN    NaN
252.5  42.5    NaN    NaN
252.5  47.5    NaN    NaN
252.5  52.5    NaN    NaN
252.5  57.5    NaN    NaN
252.5  62.5    NaN    NaN
252.5  67.5    NaN    NaN
252.5  72.5    NaN    NaN
252.5  77.5    NaN    NaN
252.5  82.5    NaN    NaN
252.5  87.5    NaN    NaN
257.5 -87.5    NaN    NaN
257.5 -82.5 0.5068 0.0606
257.5 -77.5 0.5116 0.0882
257.5 -72.5 0.5163 0.1113
257.5 -67.5 0.5252 0.1318
257.5 -62.5 0.5387 0.1430
257.5 -57.5 0.5386 0.1368
257.5 -52.5 0.5132 0.1129
257.5 -47.5 0.4727 0.0944
257.5 -42.5 0.4380 0.0786
257.5 -37.5 0.4109 0.0660
257.5 -32.5 0.3882 0.0607
257.5 -27.5 0.3662 0.0568
257.5 -22.5 0.3456 0.0613
257.5 -17.5 0.3348 0.0691
257.5 -12.5 0.3352 0.0644
257.5  -7.5 0.3409 0.0538
257.5  -2.5 0.3539 0.0246
257.5   2.5 0.3626 0.0180
257.5   7.5 0.3621 0.0158
257.5  12.5 0.3548 0.0149
257.5  17.5    NaN    NaN
257.5  22.5    NaN    NaN
257.5  27.5    NaN    NaN
257.5  32.5    NaN    NaN
257.5  37.5    NaN    NaN
257.5  42.5    NaN    NaN
257.5  47.5    NaN    NaN
257.5  52.5    NaN    NaN
257.5  57.5    NaN    NaN
257.5  62.5    NaN    NaN
257.5  67.5    NaN    NaN
257.5  72.5    NaN    NaN
257.5  77.5    NaN    NaN
257.5  82.5    NaN    NaN
257.5  87.5    NaN    NaN
262.5 -87.5    NaN    NaN
262.5 -82.5 0.5005 0.0609
262.5 -77.5 0.5092 0.0901
262.5 -72.5 0.5143 0.1120
262.5 -67.5 0.5229 0.1310
262.5 -62.5 0.5342 0.1433
262.5 -57.5 0.5351 0.1385
262.5 -52.5 0.5122 0.1152
262.5 -47.5 0.4711 0.0938
262.5 -42.5 0.4372 0.0797
262.5 -37.5 0.4110 0.0661
262.5 -32.5 0.3888 0.0605
262.5 -27.5 0.3669 0.0577
262.5 -22.5 0.3482 0.0630
262.5 -17.5 0.3346 0.0686
262.5 -12.5 0.3382 0.0731
262.5  -7.5 0.3535 0.0556
262.5  -2.5 0.3521 0.0364
262.5   2.5 0.3499 0.0198
262.5   7.5 0.3535 0.0126
262.5  12.5 0.3518 0.0119
262.5  17.5    NaN    NaN
262.5  22.5    NaN    NaN
262.5  27.5    NaN    NaN
262.5  32.5    NaN    NaN
262.5  37.5    NaN    NaN
262.5  42.5    NaN    NaN
262.5  47.5    NaN    NaN
262.5  52.5    NaN    NaN
262.5  57.5    NaN    NaN
262.5  62.5    NaN    NaN
262.5  67.5    NaN    NaN
262.5  72.5    NaN    NaN
262.5  77.5    NaN    NaN
262.5  82.5    NaN    NaN
262.5  87.5    NaN    NaN
267.5 -87.5    NaN    NaN
267.5 -82.5 0.4960 0.0609
267.5 -77.5 0.5050 0.0927
267.5 -72.5 0.5105 0.1135
267.5 -67.5 0.5183 0.1312
267.5 -62.5 0.5313 0.1420
267.5 -57.5 0.5341 0.1385
267.5 -52.5 0.5103 0.1170
267.5 -47.5 0.4701 0.0929
267.5 -42.5 0.4354 0.0800
267.5 -37.5 0.4096 0.0664
267.5 -32.5 0.3892 0.0602
267.5 -27.5 0.3695 0.0587
267.5 -22.5 0.3483 0.0644
267.5 -17.5 0.3352 0.0729
267.5 -12.5 0.3592 0.0778
267.5  -7.5 0.3638 0.0592
267.5  -2.5 0.3438 0.0590
267.5   2.5 0.3524 0.0292
267.5   7.5 0.3406 0.0103
267.5  12.5 0.3428 0.0127
267.5  17.5    NaN    NaN
267.5  22.5    NaN    NaN
267.5  27.5    NaN    NaN
267.5  32.5    NaN    NaN
267.5  37.5    NaN    NaN
267.5  42.5    NaN    NaN
267.5  47.5    NaN    NaN
267.5  52.5    NaN    NaN
267.5  57.5    NaN    NaN
267.5  62.5    NaN    NaN
267.5  67.5    NaN    NaN
267.5  72.5    NaN    NaN
267.5  77.5    NaN    NaN
267.5  82.5    NaN    NaN
267.5  87.5    NaN    NaN
272.5 -87.5    NaN    NaN
272.5 -82.5 0.4696 0.0741
272.5 -77.5 0.5022 0.0933
272.5 -72.5 0.5071 0.1128
272.5 -67.5 0.5131 0.1303
272.5 -62.5 0.5254 0.1403
272.5 -57.5 0.5276 0.1384
272.5 -52.5 0.5072 0.1194
272.5 -47.5 0.4670 0.0939
272.5 -42.5 0.4331 0.0802
272.5 -37.5 0.4071 0.0678
272.5 -32.5 0.3890 0.0612
272.5 -27.5 0.3695 0.0611
272.5 -22.5 0.3480 0.0653
272.5 -17.5 0.3388 0.0748
272.5 -12.5 0.3613 0.0772
272.5  -7.5 0.3756 0.0610
272.5  -2.5 0.3518 0.0660
272.5   2.5 0.3462 0.0583
272.5   7.5 0.3184 0.0080
272.5  12.5 0.3183    NaN
272.5  17.5    NaN    NaN
272.5  22.5    NaN    NaN
272.5  27.5    NaN    NaN
272.5  32.5    NaN    NaN
272.5  37.5    NaN    NaN
272.5  42.5    NaN    NaN
272.5  47.5    NaN    NaN
272.5  52.5    NaN    NaN
272.5  57.5    NaN    NaN
272.5  62.5    NaN    NaN
272.5  67.5    NaN    NaN
272.5  72.5    NaN    NaN
272.5  77.5    NaN    NaN
272.5  82.5    NaN    NaN
272.5  87.5    NaN    NaN
277.5 -87.5    NaN    NaN
277.5 -82.5 0.4711 0.0677
277.5 -77.5 0.4973 0.0939
277.5 -72.5 0.5026 0.1132
277.5 -67.5 0.5047 0.1304
277.5 -62.5 0.5161 0.1399
277.5 -57.5 0.5217 0.1378
277.5 -52.5 0.5004 0.1217
277.5 -47.5 0.4606 0.0972
277.5 -42.5 0.4291 0.0825
277.5 -37.5 0.4032 0.0697
277.5 -32.5 0.3874 0.0625
277.5 -27.5 0.3657 0.0624
277.5 -22.5 0.3469 0.0646
277.5 -17.5 0.3455 0.0749
277.5 -12.5 0.3616 0.0724
277.5  -7.5 0.3876 0.0581
277.5  -2.5 0.3684 0.0618
277.5   2.5 0.3368 0.0607
277.5   7.5 0.3059 0.0276
277.5  12.5    NaN    NaN
277.5  17.5    NaN    NaN
277.5  22.5    NaN    NaN
277.5  27.5    NaN    NaN
277.5  32.5    NaN    NaN
277.5  37.5    NaN    NaN
277.5  42.5    NaN    NaN
277.5  47.5    NaN    NaN
277.5  52.5    NaN    NaN
277.5  57.5    NaN    NaN
277.5  62.5    NaN    NaN
277.5  67.5    NaN    NaN
277.5  72.5    NaN    NaN
277.5  77.5    NaN    NaN
277.5  82.5    NaN    NaN
277.5  87.5    NaN    NaN
282.5 -87.5    NaN    NaN
282.5 -82.5 0.4368 0.0676
282.5 -77.5 0.4862 0.0967
282.5 -72.5 0.4944 0.1132
282.5 -67.5 0.5013 0.1287
282.5 -62.5 0.5127 0.1349
282.5 -57.5 0.5133 0.1349
282.5 -52.5 0.4959 0.1214
282.5 -47.5 0.4582 0.0977
282.5 -42.5 0.4278 0.0833
282.5 -37.5 0.4014 0.0700
282.5 -32.5 0.3842 0.0642
282.5 -27.5 0.3612 0.0634
282.5 -22.5 0.3463 0.0660
282.5 -17.5 0.3436 0.0781
282.5 -12.5 0.3641 0.0688
282.5  -7.5 0.3871 0.0535
282.5  -2.5 0.3798 0.0537
282.5   2.5 0.3501 0.0498
282.5   7.5 0.3277 0.0205
282.5  12.5    NaN    NaN
282.5  17.5    NaN    NaN
282.5  22.5    NaN    NaN
282.5  27.5    NaN    NaN
282.5  32.5    NaN    NaN
282.5  37.5    NaN    NaN
282.5  42.5    NaN    NaN
282.5  47.5    NaN    NaN
282.5  52.5    NaN    NaN
282.5  57.5    NaN    NaN
282.5  62.5    NaN    NaN
282.5  67.5    NaN    NaN
282.5  72.5    NaN    NaN
282.5  77.5    NaN    NaN
282.5  82.5    NaN    NaN
282.5  87.5    NaN    NaN
287.5 -87.5    NaN    NaN
287.5 -82.5 0.4148 0.0671
287.5 -77.5 0.4721 0.0993
287.5 -72.5 0.4872 0.1111
287.5 -67.5 0.4939 0.1254
287.5 -62.5 0.5058 0.1318
287.5 -57.5 0.5100 0.1319
287.5 -52.5 0.4919 0.1190
287.5 -47.5 0.4573 0.0989
287.5 -42.5 0.4266 0.0850
287.5 -37.5 0.3991 0.0717
287.5 -32.5 0.3800 0.0665
287.5 -27.5 0.3573 0.0648
287.5 -22.5 0.3447 0.0689
287.5 -17.5 0.3430 0.0797
287.5 -12.5 0.3686 0.0690
287.5  -7.5 0.3769 0.0513
287.5  -2.5 0.3890 0.0510
287.5   2.5 0.3683 0.0414
287.5   7.5 0.3503 0.0270
287.5  12.5 0.3791    NaN
287.5  17.5    NaN    NaN
287.5  22.5    NaN    NaN
287.5  27.5    NaN    NaN
287.5  32.5    NaN    NaN
287.5  37.5    NaN    NaN
287.5  42.5    NaN    NaN
287.5  47.5    NaN    NaN
287.5  52.5    NaN    NaN
287.5  57.5    NaN    NaN
287.5  62.5    NaN    NaN
287.5  67.5    NaN    NaN
287.5  72.5    NaN    NaN
287.5  77.5    NaN    NaN
287.5  82.5    NaN    NaN
287.5  87.5    NaN    NaN
292.5 -87.5    NaN    NaN
292.5 -82.5 0.4108 0.0576
292.5 -77.5 0.4560 0.1001
292.5 -72.5 0.4805 0.1080
292.5 -67.5 0.4871 0.1207
292.5 -62.5 0.4978 0.1260
292.5 -57.5 0.5018 0.1269
292.5 -52.5 0.4871 0.1161
292.5 -47.5 0.4544 0.1001
292.5 -42.5 0.4232 0.0869
292.5 -37.5 0.3960 0.0744
292.5 -32.5 0.3733 0.0701
292.5 -27.5 0.3533 0.0670
292.5 -22.5 0.3409 0.0712
292.5 -17.5 0.3402 0.0846
292.5 -12.5 0.3796 0.0741
292.5  -7.5 0.3850 0.0488
292.5  -2.5 0.3978 0.0524
292.5   2.5 0.3936 0.0394
292.5   7.5 0.3751 0.0292
292.5  12.5 0.3685 0.0179
292.5  17.5    NaN    NaN
292.5  22.5    NaN    NaN
292.5  27.5    NaN    NaN
292.5  32.5    NaN    NaN
292.5  37.5    NaN    NaN
292.5  42.5    NaN    NaN
292.5  47.5    NaN    NaN
292.5  52.5    NaN    NaN
292.5  57.5    NaN    NaN
292.5  62.5    NaN    NaN
292.5  67.5    NaN    NaN
292.5  72.5    NaN    NaN
292.5  77.5    NaN    NaN
292.5  82.5    NaN    NaN
292.5  87.5    NaN    NaN
297.5 -87.5    NaN    NaN
297.5 -82.5 0.3943 0.0553
297.5 -77.5 0.4468 0.0944
297.5 -72.5 0.4713 0.1062
297.5 -67.5 0.4783 0.1170
297.5 -62.5 0.4891 0.1214
297.5 -57.5 0.4931 0.1206
297.5 -52.5 0.4780 0.1128
297.5 -47.5 0.4505 0.0987
297.5 -42.5 0.4206 0.0861
297.5 -37.5 0.3938 0.0739
297.5 -32.5 0.3685 0.0710
297.5 -27.5 0.3509 0.0681
297.5 -22.5 0.3376 0.0722
297.5 -17.5 0.3368 0.0872
297.5 -12.5 0.3878 0.0802
297.5  -7.5 0.3978 0.0499
297.5  -2.5 0.3955 0.0500
297.5   2.5 0.4094 0.0337
297.5   7.5 0.3973 0.0254
297.5  12.5 0.3803 0.0166
297.5  17.5    NaN    NaN
297.5  22.5    NaN    NaN
297.5  27.5    NaN    NaN
297.5  32.5    NaN    NaN
297.5  37.5    NaN    NaN
297.5  42.5    NaN    NaN
297.5  47.5    NaN    NaN
297.5  52.5    NaN    NaN
297.5  57.5    NaN    NaN
297.5  62.5    NaN    NaN
297.5  67.5    NaN    NaN
297.5  72.5    NaN    NaN
297.5  77.5    NaN    NaN
297.5  82.5    NaN    NaN
297.5  87.5    NaN    NaN
302.5 -87.5    NaN    NaN
302.5 -82.5 0.3837 0.0447
302.5 -77.5 0.4380 0.0891
302.5 -72.5 0.4540 0.1077
302.5 -67.5 0.4668 0.1136
302.5 -62.5 0.4801 0.1159
302.5 -57.5 0.4853 0.1141
302.5 -52.5 0.4715 0.1059
302.5 -47.5 0.4450 0.0965
302.5 -42.5 0.4156 0.0860
302.5 -37.5 0.3892 0.0746
302.5 -32.5 0.3631 0.0712
302.5 -27.5 0.3464 0.0694
302.5 -22.5 0.3352 0.0730
302.5 -17.5 0.3362 0.0904
302.5 -12.5 0.3917 0.0893
302.5  -7.5 0.4077 0.0546
302.5  -2.5 0.3927 0.0429
302.5   2.5 0.4108 0.0306
302.5   7.5 0.4113 0.0226
302.5  12.5 0.3942 0.0197
302.5  17.5 0.3965 0.0100
302.5  22.5    NaN    NaN
302.5  27.5    NaN    NaN
302.5  32.5    NaN    NaN
302.5  37.5    NaN    NaN
302.5  42.5    NaN    NaN
302.5  47.5    NaN    NaN
302.5  52.5    NaN    NaN
302.5  57.5    NaN    NaN
302.5  62.5    NaN    NaN
302.5  67.5    NaN    NaN
302.5  72.5    NaN    NaN
302.5  77.5    NaN    NaN
302.5  82.5    NaN    NaN
302.5  87.5    NaN    NaN
307.5 -87.5    NaN    NaN
307.5 -82.5 0.3834 0.0426
307.5 -77.5 0.4325 0.0869
307.5 -72.5 0.4373 0.1033
307.5 -67.5 0.4533 0.1110
307.5 -62.5 0.4662 0.1128
307.5 -57.5 0.4753 0.1093
307.5 -52.5 0.4634 0.1036
307.5 -47.5 0.4383 0.0941
307.5 -42.5 0.4099 0.0845
307.5 -37.5 0.3826 0.0742
307.5 -32.5 0.3571 0.0700
307.5 -27.5 0.3416 0.0678
307.5 -22.5 0.3316 0.0727
307.5 -17.5 0.3326 0.0896
307.5 -12.5 0.3919 0.0936
307.5  -7.5 0.4116 0.0648
307.5  -2.5 0.4033 0.0428
307.5   2.5 0.4049 0.0311
307.5   7.5 0.4179 0.0216
307.5  12.5 0.4083 0.0193
307.5  17.5 0.3912 0.0205
307.5  22.5    NaN    NaN
307.5  27.5    NaN    NaN
307.5  32.5    NaN    NaN
307.5  37.5    NaN    NaN
307.5  42.5    NaN    NaN
307.5  47.5    NaN    NaN
307.5  52.5    NaN    NaN
307.5  57.5    NaN    NaN
307.5  62.5    NaN    NaN
307.5  67.5    NaN    NaN
307.5  72.5    NaN    NaN
307.5  77.5    NaN    NaN
307.5  82.5    NaN    NaN
307.5  87.5    NaN    NaN
312.5 -87.5    NaN    NaN
312.5 -82.5 0.3836 0.0434
312.5 -77.5 0.4205 0.0802
312.5 -72.5 0.4287 0.0992
312.5 -67.5 0.4317 0.1085
312.5 -62.5 0.4517 0.1096
312.5 -57.5 0.4654 0.1083
312.5 -52.5 0.4559 0.1007
312.5 -47.5 0.4338 0.0933
312.5 -42.5 0.4041 0.0854
312.5 -37.5 0.3763 0.0725
312.5 -32.5 0.3525 0.0666
312.5 -27.5 0.3388 0.0643
312.5 -22.5 0.3286 0.0706
312.5 -17.5 0.3277 0.0881
312.5 -12.5 0.3920 0.0993
312.5  -7.5 0.4256 0.0776
312.5  -2.5 0.4182 0.0521
312.5   2.5 0.3977 0.0315
312.5   7.5 0.4161 0.0208
312.5  12.5 0.4103 0.0166
312.5  17.5 0.3999 0.0156
312.5  22.5    NaN    NaN
312.5  27.5    NaN    NaN
312.5  32.5    NaN    NaN
312.5  37.5    NaN    NaN
312.5  42.5    NaN    NaN
312.5  47.5    NaN    NaN
312.5  52.5    NaN    NaN
312.5  57.5    NaN    NaN
312.5  62.5    NaN    NaN
312.5  67.5    NaN    NaN
312.5  72.5    NaN    NaN
312.5  77.5    NaN    NaN
312.5  82.5    NaN    NaN
312.5  87.5    NaN    NaN
317.5 -87.5    NaN    NaN
317.5 -82.5 0.3899 0.0419
317.5 -77.5 0.4074 0.0734
317.5 -72.5 0.4241 0.0940
317.5 -67.5 0.4261 0.1023
317.5 -62.5 0.4358 0.1052
317.5 -57.5 0.4516 0.1062
317.5 -52.5 0.4433 0.1029
317.5 -47.5 0.4248 0.0935
317.5 -42.5 0.3969 0.0853
317.5 -37.5 0.3687 0.0711
317.5 -32.5 0.3448 0.0613
317.5 -27.5 0.3337 0.0591
317.5 -22.5 0.3243 0.0657
317.5 -17.5 0.3234 0.0848
317.5 -12.5 0.3862 0.0979
317.5  -7.5 0.4258 0.0819
317.5  -2.5 0.4295 0.0619
317.5   2.5 0.4054 0.0380
317.5   7.5 0.4012 0.0161
317.5  12.5 0.4048 0.0162
317.5  17.5 0.3935 0.0149
317.5  22.5    NaN    NaN
317.5  27.5    NaN    NaN
317.5  32.5    NaN    NaN
317.5  37.5    NaN    NaN
317.5  42.5    NaN    NaN
317.5  47.5    NaN    NaN
317.5  52.5    NaN    NaN
317.5  57.5    NaN    NaN
317.5  62.5    NaN    NaN
317.5  67.5    NaN    NaN
317.5  72.5    NaN    NaN
317.5  77.5    NaN    NaN
317.5  82.5    NaN    NaN
317.5  87.5    NaN    NaN
322.5 -87.5    NaN    NaN
322.5 -82.5 0.3894 0.0431
322.5 -77.5 0.4003 0.0640
322.5 -72.5 0.4194 0.0902
322.5 -67.5 0.4175 0.0986
322.5 -62.5 0.4277 0.1000
322.5 -57.5 0.4402 0.1037
322.5 -52.5 0.4348 0.1020
322.5 -47.5 0.4156 0.0933
322.5 -42.5 0.3860 0.0845
322.5 -37.5 0.3608 0.0676
322.5 -32.5 0.3398 0.0554
322.5 -27.5 0.3293 0.0533
322.5 -22.5 0.3200 0.0592
322.5 -17.5 0.3177 0.0762
322.5 -12.5 0.3760 0.0921
322.5  -7.5 0.4164 0.0829
322.5  -2.5 0.4393 0.0581
322.5   2.5 0.4313 0.0399
322.5   7.5 0.3904 0.0041
322.5  12.5 0.3989 0.0168
322.5  17.5 0.3805 0.0115
322.5  22.5    NaN    NaN
322.5  27.5    NaN    NaN
322.5  32.5    NaN    NaN
322.5  37.5    NaN    NaN
322.5  42.5    NaN    NaN
322.5  47.5    NaN    NaN
322.5  52.5    NaN    NaN
322.5  57.5    NaN    NaN
322.5  62.5    NaN    NaN
322.5  67.5    NaN    NaN
322.5  72.5    NaN    NaN
322.5  77.5    NaN    NaN
322.5  82.5    NaN    NaN
322.5  87.5    NaN    NaN
327.5 -87.5    NaN    NaN
327.5 -82.5 0.3921 0.0416
327.5 -77.5 0.3981 0.0566
327.5 -72.5 0.4147 0.0871
327.5 -67.5 0.4128 0.0959
327.5 -62.5 0.4233 0.0939
327.5 -57.5 0.4357 0.0986
327.5 -52.5 0.4299 0.0991
327.5 -47.5 0.4096 0.0900
327.5 -42.5 0.3802 0.0809
327.5 -37.5 0.3541 0.0636
327.5 -32.5 0.3329 0.0472
327.5 -27.5 0.3242 0.0479
327.5 -22.5 0.3149 0.0509
327.5 -17.5 0.3066 0.0636
327.5 -12.5 0.3513 0.0795
327.5  -7.5 0.3905 0.0810
327.5  -2.5 0.4191 0.0589
327.5   2.5 0.4244 0.0472
327.5   7.5 0.3721 0.0020
327.5  12.5 0.3809 0.0118
327.5  17.5 0.3709 0.0153
327.5  22.5    NaN    NaN
327.5  27.5    NaN    NaN
327.5  32.5    NaN    NaN
327.5  37.5    NaN    NaN
327.5  42.5    NaN    NaN
327.5  47.5    NaN    NaN
327.5  52.5    NaN    NaN
327.5  57.5    NaN    NaN
327.5  62.5    NaN    NaN
327.5  67.5    NaN    NaN
327.5  72.5    NaN    NaN
327.5  77.5    NaN    NaN
327.5  82.5    NaN    NaN
327.5  87.5    NaN    NaN
332.5 -87.5    NaN    NaN
332.5 -82.5 0.3922 0.0418
332.5 -77.5 0.3948 0.0538
332.5 -72.5 0.4046 0.0823
332.5 -67.5 0.4079 0.0912
332.5 -62.5 0.4196 0.0882
332.5 -57.5 0.4324 0.0930
332.5 -52.5 0.4275 0.0955
332.5 -47.5 0.4064 0.0886
332.5 -42.5 0.3762 0.0795
332.5 -37.5 0.3477 0.0612
332.5 -32.5 0.3276 0.0434
332.5 -27.5 0.3182 0.0420
332.5 -22.5 0.3082 0.0428
332.5 -17.5 0.2934 0.0480
332.5 -12.5 0.3139 0.0445
332.5  -7.5 0.3310 0.0483
332.5  -2.5 0.3505 0.0557
332.5   2.5 0.3904 0.0581
332.5   7.5 0.3604 0.0078
332.5  12.5    NaN    NaN
332.5  17.5    NaN    NaN
332.5  22.5    NaN    NaN
332.5  27.5    NaN    NaN
332.5  32.5    NaN    NaN
332.5  37.5    NaN    NaN
332.5  42.5    NaN    NaN
332.5  47.5    NaN    NaN
332.5  52.5    NaN    NaN
332.5  57.5    NaN    NaN
332.5  62.5    NaN    NaN
332.5  67.5    NaN    NaN
332.5  72.5    NaN    NaN
332.5  77.5    NaN    NaN
332.5  82.5    NaN    NaN
332.5  87.5    NaN    NaN
337.5 -87.5    NaN    NaN
337.5 -82.5 0.3923 0.0414
337.5 -77.5 0.3953 0.0550
337.5 -72.5 0.3912 0.0688
337.5 -67.5 0.3984 0.0858
337.5 -62.5 0.4143 0.0824
337.5 -57.5 0.4247 0.0878
337.5 -52.5 0.4176 0.0942
337.5 -47.5 0.3981 0.0884
337.5 -42.5 0.3687 0.0763
337.5 -37.5 0.3434 0.0588
337.5 -32.5 0.3268 0.0420
337.5 -27.5 0.3181 0.0408
337.5 -22.5 0.3081 0.0418
337.5 -17.5 0.2927 0.0481
337.5 -12.5 0.3155 0.0461
337.5  -7.5 0.3299 0.0535
337.5  -2.5 0.3502 0.0551
337.5   2.5 0.3871 0.0566
337.5   7.5 0.3634    NaN
337.5  12.5    NaN    NaN
337.5  17.5    NaN    NaN
337.5  22.5    NaN    NaN
337.5  27.5    NaN    NaN
337.5  32.5    NaN    NaN
337.5  37.5    NaN    NaN
337.5  42.5    NaN    NaN
337.5  47.5    NaN    NaN
337.5  52.5    NaN    NaN
337.5  57.5    NaN    NaN
337.5  62.5    NaN    NaN
337.5  67.5    NaN    NaN
337.5  72.5    NaN    NaN
337.5  77.5    NaN    NaN
337.5  82.5    NaN    NaN
337.5  87.5    NaN    NaN
342.5 -87.5    NaN    NaN
342.5 -82.5 0.3988 0.0374
342.5 -77.5 0.3945 0.0537
342.5 -72.5 0.3850 0.0652
342.5 -67.5 0.3847 0.0747
342.5 -62.5 0.4041 0.0769
342.5 -57.5 0.4172 0.0817
342.5 -52.5 0.4155 0.0883
342.5 -47.5 0.3987 0.0836
342.5 -42.5 0.3708 0.0714
342.5 -37.5 0.3443 0.0552
342.5 -32.5 0.3287 0.0414
342.5 -27.5 0.3192 0.0399
342.5 -22.5 0.3078 0.0420
342.5 -17.5 0.2929 0.0474
342.5 -12.5 0.3164 0.0454
342.5  -7.5 0.3292 0.0527
342.5  -2.5 0.3416 0.0473
342.5   2.5 0.3580 0.0349
342.5   7.5 0.3578    NaN
342.5  12.5    NaN    NaN
342.5  17.5    NaN    NaN
342.5  22.5    NaN    NaN
342.5  27.5    NaN    NaN
342.5  32.5    NaN    NaN
342.5  37.5    NaN    NaN
342.5  42.5    NaN    NaN
342.5  47.5    NaN    NaN
342.5  52.5    NaN    NaN
342.5  57.5    NaN    NaN
342.5  62.5    NaN    NaN
342.5  67.5    NaN    NaN
342.5  72.5    NaN    NaN
342.5  77.5    NaN    NaN
342.5  82.5    NaN    NaN
342.5  87.5    NaN    NaN
347.5 -87.5    NaN    NaN
347.5 -82.5 0.3971 0.0385
347.5 -77.5 0.3933 0.0541
347.5 -72.5 0.3823 0.0617
347.5 -67.5 0.3806 0.0699
347.5 -62.5 0.3987 0.0686
347.5 -57.5 0.4163 0.0743
347.5 -52.5 0.4140 0.0818
347.5 -47.5 0.3969 0.0794
347.5 -42.5 0.3704 0.0668
347.5 -37.5 0.3454 0.0527
347.5 -32.5 0.3303 0.0416
347.5 -27.5 0.3200 0.0399
347.5 -22.5 0.3079 0.0419
347.5 -17.5 0.2919 0.0461
347.5 -12.5 0.3136 0.0465
347.5  -7.5 0.3252 0.0575
347.5  -2.5 0.3407 0.0523
347.5   2.5 0.3462 0.0359
347.5   7.5    NaN    NaN
347.5  12.5    NaN    NaN
347.5  17.5    NaN    NaN
347.5  22.5    NaN    NaN
347.5  27.5    NaN    NaN
347.5  32.5    NaN    NaN
347.5  37.5    NaN    NaN
347.5  42.5    NaN    NaN
347.5  47.5    NaN    NaN
347.5  52.5    NaN    NaN
347.5  57.5    NaN    NaN
347.5  62.5    NaN    NaN
347.5  67.5    NaN    NaN
347.5  72.5    NaN    NaN
347.5  77.5    NaN    NaN
347.5  82.5    NaN    NaN
347.5  87.5    NaN    NaN
352.5 -87.5    NaN    NaN
352.5 -82.5 0.3986 0.0362
352.5 -77.5 0.3933 0.0545
352.5 -72.5 0.3830 0.0604
352.5 -67.5 0.3813 0.0648
352.5 -62.5 0.3993 0.0640
352.5 -57.5 0.4135 0.0685
352.5 -52.5 0.4105 0.0755
352.5 -47.5 0.3946 0.0742
352.5 -42.5 0.3684 0.0613
352.5 -37.5 0.3456 0.0492
352.5 -32.5 0.3315 0.0418
352.5 -27.5 0.3198 0.0401
352.5 -22.5 0.3069 0.0414
352.5 -17.5 0.2897 0.0453
352.5 -12.5 0.3101 0.0442
352.5  -7.5 0.3183 0.0583
352.5  -2.5 0.3418 0.0569
352.5   2.5 0.3303 0.0325
352.5   7.5    NaN    NaN
352.5  12.5    NaN    NaN
352.5  17.5    NaN    NaN
352.5  22.5    NaN    NaN
352.5  27.5    NaN    NaN
352.5  32.5    NaN    NaN
352.5  37.5    NaN    NaN
352.5  42.5    NaN    NaN
352.5  47.5    NaN    NaN
352.5  52.5    NaN    NaN
352.5  57.5    NaN    NaN
352.5  62.5    NaN    NaN
352.5  67.5    NaN    NaN
352.5  72.5    NaN    NaN
352.5  77.5    NaN    NaN
352.5  82.5    NaN    NaN
352.5  87.5    NaN    NaN
357.5 -87.5    NaN    NaN
357.5 -82.5 0.4002 0.0361
357.5 -77.5 0.3957 0.0538
357.5 -72.5 0.3860 0.0584
357.5 -67.5 0.3838 0.0630
357.5 -62.5 0.4014 0.0624
357.5 -57.5 0.4142 0.0658
357.5 -52.5 0.4101 0.0738
357.5 -47.5 0.3934 0.0726
357.5 -42.5 0.3683 0.0593
357.5 -37.5 0.3461 0.0479
357.5 -32.5 0.3323 0.0419
357.5 -27.5 0.3202 0.0400
357.5 -22.5 0.3060 0.0409
357.5 -17.5 0.2872 0.0445
357.5 -12.5 0.3037 0.0406
357.5  -7.5 0.3139 0.0527
357.5  -2.5 0.3299 0.0549
357.5   2.5 0.3139 0.0389
357.5   7.5    NaN    NaN
357.5  12.5    NaN    NaN
357.5  17.5    NaN    NaN
357.5  22.5    NaN    NaN
357.5  27.5    NaN    NaN
357.5  32.5    NaN    NaN
357.5  37.5    NaN    NaN
357.5  42.5    NaN    NaN
357.5  47.5    NaN    NaN
357.5  52.5    NaN    NaN
357.5  57.5    NaN    NaN
357.5  62.5    NaN    NaN
357.5  67.5    NaN    NaN
357.5  72.5    NaN    NaN
357.5  77.5    NaN    NaN
357.5  82.5    NaN    NaN
357.5  87.5    NaN    NaN
