# Production date: 2020/April/17
# Fixed condition: Pha 100-105 deg
# Data description: Mean albedo distribution as a function of lon and lat
# Details on the data: Lee et al. JGR:planets
#--------------------------------------
# lon [deg], lat [deg], mean albedo [unitless], standard deviation
#--------------------------------------
  2.5 -87.5    NaN    NaN
  2.5 -82.5 0.4657 0.0409
  2.5 -77.5 0.5518 0.1150
  2.5 -72.5 0.5755 0.1269
  2.5 -67.5 0.5833 0.1486
  2.5 -62.5 0.5978 0.1536
  2.5 -57.5 0.6123 0.1488
  2.5 -52.5 0.6088 0.1419
  2.5 -47.5 0.5734 0.1282
  2.5 -42.5 0.5169 0.1074
  2.5 -37.5 0.4525 0.0735
  2.5 -32.5 0.3969 0.0528
  2.5 -27.5 0.3816 0.0469
  2.5 -22.5 0.3689 0.0548
  2.5 -17.5 0.3541 0.0448
  2.5 -12.5 0.3674 0.0368
  2.5  -7.5 0.3670 0.0028
  2.5  -2.5    NaN    NaN
  2.5   2.5    NaN    NaN
  2.5   7.5    NaN    NaN
  2.5  12.5    NaN    NaN
  2.5  17.5    NaN    NaN
  2.5  22.5    NaN    NaN
  2.5  27.5    NaN    NaN
  2.5  32.5    NaN    NaN
  2.5  37.5    NaN    NaN
  2.5  42.5    NaN    NaN
  2.5  47.5    NaN    NaN
  2.5  52.5    NaN    NaN
  2.5  57.5    NaN    NaN
  2.5  62.5    NaN    NaN
  2.5  67.5    NaN    NaN
  2.5  72.5    NaN    NaN
  2.5  77.5    NaN    NaN
  2.5  82.5    NaN    NaN
  2.5  87.5    NaN    NaN
  7.5 -87.5    NaN    NaN
  7.5 -82.5 0.4624 0.0410
  7.5 -77.5 0.5493 0.1116
  7.5 -72.5 0.5731 0.1275
  7.5 -67.5 0.5827 0.1460
  7.5 -62.5 0.5964 0.1523
  7.5 -57.5 0.6061 0.1495
  7.5 -52.5 0.6052 0.1432
  7.5 -47.5 0.5689 0.1278
  7.5 -42.5 0.5132 0.1058
  7.5 -37.5 0.4468 0.0739
  7.5 -32.5 0.3924 0.0540
  7.5 -27.5 0.3850 0.0485
  7.5 -22.5 0.3709 0.0639
  7.5 -17.5 0.3505 0.0453
  7.5 -12.5 0.3669 0.0470
  7.5  -7.5 0.3770 0.0027
  7.5  -2.5 0.3651    NaN
  7.5   2.5    NaN    NaN
  7.5   7.5    NaN    NaN
  7.5  12.5    NaN    NaN
  7.5  17.5    NaN    NaN
  7.5  22.5    NaN    NaN
  7.5  27.5    NaN    NaN
  7.5  32.5    NaN    NaN
  7.5  37.5    NaN    NaN
  7.5  42.5    NaN    NaN
  7.5  47.5    NaN    NaN
  7.5  52.5    NaN    NaN
  7.5  57.5    NaN    NaN
  7.5  62.5    NaN    NaN
  7.5  67.5    NaN    NaN
  7.5  72.5    NaN    NaN
  7.5  77.5    NaN    NaN
  7.5  82.5    NaN    NaN
  7.5  87.5    NaN    NaN
 12.5 -87.5    NaN    NaN
 12.5 -82.5 0.4670 0.0397
 12.5 -77.5 0.5413 0.1070
 12.5 -72.5 0.5686 0.1235
 12.5 -67.5 0.5783 0.1439
 12.5 -62.5 0.5906 0.1507
 12.5 -57.5 0.5973 0.1478
 12.5 -52.5 0.5934 0.1455
 12.5 -47.5 0.5599 0.1300
 12.5 -42.5 0.5041 0.1063
 12.5 -37.5 0.4366 0.0740
 12.5 -32.5 0.3921 0.0628
 12.5 -27.5 0.3817 0.0467
 12.5 -22.5 0.3679 0.0675
 12.5 -17.5 0.3483 0.0453
 12.5 -12.5 0.3689 0.0500
 12.5  -7.5 0.4049 0.0293
 12.5  -2.5 0.4139 0.0405
 12.5   2.5 0.4776    NaN
 12.5   7.5    NaN    NaN
 12.5  12.5    NaN    NaN
 12.5  17.5    NaN    NaN
 12.5  22.5    NaN    NaN
 12.5  27.5    NaN    NaN
 12.5  32.5    NaN    NaN
 12.5  37.5    NaN    NaN
 12.5  42.5    NaN    NaN
 12.5  47.5    NaN    NaN
 12.5  52.5    NaN    NaN
 12.5  57.5    NaN    NaN
 12.5  62.5    NaN    NaN
 12.5  67.5    NaN    NaN
 12.5  72.5    NaN    NaN
 12.5  77.5    NaN    NaN
 12.5  82.5    NaN    NaN
 12.5  87.5    NaN    NaN
 17.5 -87.5    NaN    NaN
 17.5 -82.5 0.4753 0.0430
 17.5 -77.5 0.5345 0.1032
 17.5 -72.5 0.5615 0.1220
 17.5 -67.5 0.5746 0.1383
 17.5 -62.5 0.5889 0.1467
 17.5 -57.5 0.5980 0.1430
 17.5 -52.5 0.5901 0.1445
 17.5 -47.5 0.5549 0.1313
 17.5 -42.5 0.4955 0.1074
 17.5 -37.5 0.4236 0.0721
 17.5 -32.5 0.3886 0.0626
 17.5 -27.5 0.3807 0.0481
 17.5 -22.5 0.3732 0.0592
 17.5 -17.5 0.3444 0.0483
 17.5 -12.5 0.3827 0.0416
 17.5  -7.5 0.4149 0.0299
 17.5  -2.5 0.4385 0.0327
 17.5   2.5 0.4719    NaN
 17.5   7.5    NaN    NaN
 17.5  12.5    NaN    NaN
 17.5  17.5    NaN    NaN
 17.5  22.5    NaN    NaN
 17.5  27.5    NaN    NaN
 17.5  32.5    NaN    NaN
 17.5  37.5    NaN    NaN
 17.5  42.5    NaN    NaN
 17.5  47.5    NaN    NaN
 17.5  52.5    NaN    NaN
 17.5  57.5    NaN    NaN
 17.5  62.5    NaN    NaN
 17.5  67.5    NaN    NaN
 17.5  72.5    NaN    NaN
 17.5  77.5    NaN    NaN
 17.5  82.5    NaN    NaN
 17.5  87.5    NaN    NaN
 22.5 -87.5    NaN    NaN
 22.5 -82.5 0.4737 0.0426
 22.5 -77.5 0.5186 0.1001
 22.5 -72.5 0.5527 0.1188
 22.5 -67.5 0.5656 0.1375
 22.5 -62.5 0.5812 0.1458
 22.5 -57.5 0.5956 0.1395
 22.5 -52.5 0.5930 0.1375
 22.5 -47.5 0.5599 0.1283
 22.5 -42.5 0.4974 0.1030
 22.5 -37.5 0.4178 0.0654
 22.5 -32.5 0.3856 0.0648
 22.5 -27.5 0.3849 0.0499
 22.5 -22.5 0.3797 0.0497
 22.5 -17.5 0.3633 0.0653
 22.5 -12.5 0.4002 0.0629
 22.5  -7.5 0.4416 0.0341
 22.5  -2.5 0.4474 0.0406
 22.5   2.5 0.4723    NaN
 22.5   7.5    NaN    NaN
 22.5  12.5    NaN    NaN
 22.5  17.5    NaN    NaN
 22.5  22.5    NaN    NaN
 22.5  27.5    NaN    NaN
 22.5  32.5    NaN    NaN
 22.5  37.5    NaN    NaN
 22.5  42.5    NaN    NaN
 22.5  47.5    NaN    NaN
 22.5  52.5    NaN    NaN
 22.5  57.5    NaN    NaN
 22.5  62.5    NaN    NaN
 22.5  67.5    NaN    NaN
 22.5  72.5    NaN    NaN
 22.5  77.5    NaN    NaN
 22.5  82.5    NaN    NaN
 22.5  87.5    NaN    NaN
 27.5 -87.5    NaN    NaN
 27.5 -82.5 0.4770 0.0420
 27.5 -77.5 0.5020 0.0963
 27.5 -72.5 0.5409 0.1161
 27.5 -67.5 0.5579 0.1337
 27.5 -62.5 0.5744 0.1416
 27.5 -57.5 0.5891 0.1389
 27.5 -52.5 0.5855 0.1378
 27.5 -47.5 0.5575 0.1300
 27.5 -42.5 0.4897 0.1055
 27.5 -37.5 0.4128 0.0663
 27.5 -32.5 0.3818 0.0604
 27.5 -27.5 0.3863 0.0498
 27.5 -22.5 0.3866 0.0504
 27.5 -17.5 0.3639 0.0650
 27.5 -12.5 0.4261 0.0407
 27.5  -7.5 0.4446 0.0422
 27.5  -2.5 0.4629 0.0427
 27.5   2.5    NaN    NaN
 27.5   7.5    NaN    NaN
 27.5  12.5    NaN    NaN
 27.5  17.5    NaN    NaN
 27.5  22.5    NaN    NaN
 27.5  27.5    NaN    NaN
 27.5  32.5    NaN    NaN
 27.5  37.5    NaN    NaN
 27.5  42.5    NaN    NaN
 27.5  47.5    NaN    NaN
 27.5  52.5    NaN    NaN
 27.5  57.5    NaN    NaN
 27.5  62.5    NaN    NaN
 27.5  67.5    NaN    NaN
 27.5  72.5    NaN    NaN
 27.5  77.5    NaN    NaN
 27.5  82.5    NaN    NaN
 27.5  87.5    NaN    NaN
 32.5 -87.5    NaN    NaN
 32.5 -82.5 0.4767 0.0459
 32.5 -77.5 0.4868 0.0830
 32.5 -72.5 0.5322 0.1129
 32.5 -67.5 0.5469 0.1265
 32.5 -62.5 0.5635 0.1370
 32.5 -57.5 0.5780 0.1361
 32.5 -52.5 0.5763 0.1361
 32.5 -47.5 0.5460 0.1308
 32.5 -42.5 0.4802 0.1042
 32.5 -37.5 0.4085 0.0670
 32.5 -32.5 0.3806 0.0585
 32.5 -27.5 0.3812 0.0553
 32.5 -22.5 0.3869 0.0530
 32.5 -17.5 0.3727 0.0614
 32.5 -12.5 0.4113 0.0510
 32.5  -7.5 0.4452 0.0401
 32.5  -2.5 0.4659    NaN
 32.5   2.5    NaN    NaN
 32.5   7.5    NaN    NaN
 32.5  12.5    NaN    NaN
 32.5  17.5    NaN    NaN
 32.5  22.5    NaN    NaN
 32.5  27.5    NaN    NaN
 32.5  32.5    NaN    NaN
 32.5  37.5    NaN    NaN
 32.5  42.5    NaN    NaN
 32.5  47.5    NaN    NaN
 32.5  52.5    NaN    NaN
 32.5  57.5    NaN    NaN
 32.5  62.5    NaN    NaN
 32.5  67.5    NaN    NaN
 32.5  72.5    NaN    NaN
 32.5  77.5    NaN    NaN
 32.5  82.5    NaN    NaN
 32.5  87.5    NaN    NaN
 37.5 -87.5    NaN    NaN
 37.5 -82.5 0.4753 0.0456
 37.5 -77.5 0.4761 0.0713
 37.5 -72.5 0.5232 0.1080
 37.5 -67.5 0.5361 0.1202
 37.5 -62.5 0.5536 0.1293
 37.5 -57.5 0.5706 0.1306
 37.5 -52.5 0.5663 0.1298
 37.5 -47.5 0.5385 0.1282
 37.5 -42.5 0.4753 0.1016
 37.5 -37.5 0.4065 0.0636
 37.5 -32.5 0.3803 0.0570
 37.5 -27.5 0.3774 0.0604
 37.5 -22.5 0.3902 0.0594
 37.5 -17.5 0.3760 0.0570
 37.5 -12.5 0.4103 0.0410
 37.5  -7.5 0.4268 0.0497
 37.5  -2.5 0.4437    NaN
 37.5   2.5    NaN    NaN
 37.5   7.5    NaN    NaN
 37.5  12.5    NaN    NaN
 37.5  17.5    NaN    NaN
 37.5  22.5    NaN    NaN
 37.5  27.5    NaN    NaN
 37.5  32.5    NaN    NaN
 37.5  37.5    NaN    NaN
 37.5  42.5    NaN    NaN
 37.5  47.5    NaN    NaN
 37.5  52.5    NaN    NaN
 37.5  57.5    NaN    NaN
 37.5  62.5    NaN    NaN
 37.5  67.5    NaN    NaN
 37.5  72.5    NaN    NaN
 37.5  77.5    NaN    NaN
 37.5  82.5    NaN    NaN
 37.5  87.5    NaN    NaN
 42.5 -87.5    NaN    NaN
 42.5 -82.5 0.4641 0.0434
 42.5 -77.5 0.4684 0.0597
 42.5 -72.5 0.5169 0.1038
 42.5 -67.5 0.5280 0.1138
 42.5 -62.5 0.5476 0.1213
 42.5 -57.5 0.5590 0.1251
 42.5 -52.5 0.5580 0.1245
 42.5 -47.5 0.5333 0.1247
 42.5 -42.5 0.4681 0.0979
 42.5 -37.5 0.4079 0.0677
 42.5 -32.5 0.3772 0.0566
 42.5 -27.5 0.3711 0.0628
 42.5 -22.5 0.3869 0.0648
 42.5 -17.5 0.3759 0.0546
 42.5 -12.5 0.4022 0.0282
 42.5  -7.5 0.4024 0.0433
 42.5  -2.5    NaN    NaN
 42.5   2.5    NaN    NaN
 42.5   7.5    NaN    NaN
 42.5  12.5    NaN    NaN
 42.5  17.5    NaN    NaN
 42.5  22.5    NaN    NaN
 42.5  27.5    NaN    NaN
 42.5  32.5    NaN    NaN
 42.5  37.5    NaN    NaN
 42.5  42.5    NaN    NaN
 42.5  47.5    NaN    NaN
 42.5  52.5    NaN    NaN
 42.5  57.5    NaN    NaN
 42.5  62.5    NaN    NaN
 42.5  67.5    NaN    NaN
 42.5  72.5    NaN    NaN
 42.5  77.5    NaN    NaN
 42.5  82.5    NaN    NaN
 42.5  87.5    NaN    NaN
 47.5 -87.5    NaN    NaN
 47.5 -82.5 0.4687 0.0382
 47.5 -77.5 0.4677 0.0528
 47.5 -72.5 0.5062 0.0990
 47.5 -67.5 0.5220 0.1072
 47.5 -62.5 0.5362 0.1150
 47.5 -57.5 0.5498 0.1204
 47.5 -52.5 0.5466 0.1181
 47.5 -47.5 0.5098 0.1234
 47.5 -42.5 0.4479 0.0918
 47.5 -37.5 0.3965 0.0649
 47.5 -32.5 0.3693 0.0557
 47.5 -27.5 0.3662 0.0571
 47.5 -22.5 0.3754 0.0557
 47.5 -17.5 0.3812 0.0408
 47.5 -12.5 0.3899 0.0172
 47.5  -7.5 0.3900 0.0309
 47.5  -2.5 0.4062 0.0228
 47.5   2.5 0.4310    NaN
 47.5   7.5    NaN    NaN
 47.5  12.5    NaN    NaN
 47.5  17.5    NaN    NaN
 47.5  22.5    NaN    NaN
 47.5  27.5    NaN    NaN
 47.5  32.5    NaN    NaN
 47.5  37.5    NaN    NaN
 47.5  42.5    NaN    NaN
 47.5  47.5    NaN    NaN
 47.5  52.5    NaN    NaN
 47.5  57.5    NaN    NaN
 47.5  62.5    NaN    NaN
 47.5  67.5    NaN    NaN
 47.5  72.5    NaN    NaN
 47.5  77.5    NaN    NaN
 47.5  82.5    NaN    NaN
 47.5  87.5    NaN    NaN
 52.5 -87.5    NaN    NaN
 52.5 -82.5 0.4724 0.0382
 52.5 -77.5 0.4727 0.0525
 52.5 -72.5 0.4920 0.0927
 52.5 -67.5 0.5068 0.1017
 52.5 -62.5 0.5187 0.1132
 52.5 -57.5 0.5350 0.1185
 52.5 -52.5 0.5317 0.1168
 52.5 -47.5 0.5071 0.1188
 52.5 -42.5 0.4426 0.0893
 52.5 -37.5 0.3977 0.0652
 52.5 -32.5 0.3666 0.0519
 52.5 -27.5 0.3601 0.0569
 52.5 -22.5 0.3744 0.0531
 52.5 -17.5 0.3832 0.0420
 52.5 -12.5 0.4016 0.0197
 52.5  -7.5 0.4031 0.0299
 52.5  -2.5 0.4271 0.0183
 52.5   2.5    NaN    NaN
 52.5   7.5    NaN    NaN
 52.5  12.5    NaN    NaN
 52.5  17.5    NaN    NaN
 52.5  22.5    NaN    NaN
 52.5  27.5    NaN    NaN
 52.5  32.5    NaN    NaN
 52.5  37.5    NaN    NaN
 52.5  42.5    NaN    NaN
 52.5  47.5    NaN    NaN
 52.5  52.5    NaN    NaN
 52.5  57.5    NaN    NaN
 52.5  62.5    NaN    NaN
 52.5  67.5    NaN    NaN
 52.5  72.5    NaN    NaN
 52.5  77.5    NaN    NaN
 52.5  82.5    NaN    NaN
 52.5  87.5    NaN    NaN
 57.5 -87.5    NaN    NaN
 57.5 -82.5 0.4765 0.0367
 57.5 -77.5 0.4753 0.0554
 57.5 -72.5 0.4803 0.0846
 57.5 -67.5 0.4880 0.0981
 57.5 -62.5 0.5057 0.1053
 57.5 -57.5 0.5209 0.1112
 57.5 -52.5 0.5229 0.1090
 57.5 -47.5 0.5015 0.1105
 57.5 -42.5 0.4450 0.0863
 57.5 -37.5 0.4004 0.0642
 57.5 -32.5 0.3659 0.0612
 57.5 -27.5 0.3625 0.0528
 57.5 -22.5 0.3694 0.0538
 57.5 -17.5 0.3722 0.0534
 57.5 -12.5 0.4031 0.0302
 57.5  -7.5 0.4110 0.0307
 57.5  -2.5 0.4244 0.0144
 57.5   2.5    NaN    NaN
 57.5   7.5    NaN    NaN
 57.5  12.5    NaN    NaN
 57.5  17.5    NaN    NaN
 57.5  22.5    NaN    NaN
 57.5  27.5    NaN    NaN
 57.5  32.5    NaN    NaN
 57.5  37.5    NaN    NaN
 57.5  42.5    NaN    NaN
 57.5  47.5    NaN    NaN
 57.5  52.5    NaN    NaN
 57.5  57.5    NaN    NaN
 57.5  62.5    NaN    NaN
 57.5  67.5    NaN    NaN
 57.5  72.5    NaN    NaN
 57.5  77.5    NaN    NaN
 57.5  82.5    NaN    NaN
 57.5  87.5    NaN    NaN
 62.5 -87.5    NaN    NaN
 62.5 -82.5 0.4758 0.0366
 62.5 -77.5 0.4792 0.0562
 62.5 -72.5 0.4647 0.0781
 62.5 -67.5 0.4702 0.0894
 62.5 -62.5 0.4886 0.0952
 62.5 -57.5 0.5073 0.1024
 62.5 -52.5 0.5074 0.1002
 62.5 -47.5 0.4934 0.1022
 62.5 -42.5 0.4457 0.0830
 62.5 -37.5 0.4029 0.0604
 62.5 -32.5 0.3670 0.0586
 62.5 -27.5 0.3590 0.0508
 62.5 -22.5 0.3583 0.0563
 62.5 -17.5 0.3657 0.0528
 62.5 -12.5 0.3954 0.0415
 62.5  -7.5 0.4066 0.0192
 62.5  -2.5 0.4045 0.0219
 62.5   2.5    NaN    NaN
 62.5   7.5    NaN    NaN
 62.5  12.5    NaN    NaN
 62.5  17.5    NaN    NaN
 62.5  22.5    NaN    NaN
 62.5  27.5    NaN    NaN
 62.5  32.5    NaN    NaN
 62.5  37.5    NaN    NaN
 62.5  42.5    NaN    NaN
 62.5  47.5    NaN    NaN
 62.5  52.5    NaN    NaN
 62.5  57.5    NaN    NaN
 62.5  62.5    NaN    NaN
 62.5  67.5    NaN    NaN
 62.5  72.5    NaN    NaN
 62.5  77.5    NaN    NaN
 62.5  82.5    NaN    NaN
 62.5  87.5    NaN    NaN
 67.5 -87.5    NaN    NaN
 67.5 -82.5 0.4744 0.0360
 67.5 -77.5 0.4810 0.0589
 67.5 -72.5 0.4651 0.0795
 67.5 -67.5 0.4681 0.0841
 67.5 -62.5 0.4824 0.0903
 67.5 -57.5 0.4950 0.0907
 67.5 -52.5 0.4999 0.0903
 67.5 -47.5 0.4878 0.0937
 67.5 -42.5 0.4422 0.0767
 67.5 -37.5 0.4044 0.0623
 67.5 -32.5 0.3710 0.0674
 67.5 -27.5 0.3586 0.0498
 67.5 -22.5 0.3586 0.0551
 67.5 -17.5 0.3695 0.0567
 67.5 -12.5 0.3757 0.0517
 67.5  -7.5 0.3939 0.0156
 67.5  -2.5 0.4064 0.0084
 67.5   2.5    NaN    NaN
 67.5   7.5    NaN    NaN
 67.5  12.5    NaN    NaN
 67.5  17.5    NaN    NaN
 67.5  22.5    NaN    NaN
 67.5  27.5    NaN    NaN
 67.5  32.5    NaN    NaN
 67.5  37.5    NaN    NaN
 67.5  42.5    NaN    NaN
 67.5  47.5    NaN    NaN
 67.5  52.5    NaN    NaN
 67.5  57.5    NaN    NaN
 67.5  62.5    NaN    NaN
 67.5  67.5    NaN    NaN
 67.5  72.5    NaN    NaN
 67.5  77.5    NaN    NaN
 67.5  82.5    NaN    NaN
 67.5  87.5    NaN    NaN
 72.5 -87.5    NaN    NaN
 72.5 -82.5 0.4744 0.0340
 72.5 -77.5 0.4800 0.0605
 72.5 -72.5 0.4660 0.0813
 72.5 -67.5 0.4670 0.0837
 72.5 -62.5 0.4768 0.0861
 72.5 -57.5 0.4944 0.0868
 72.5 -52.5 0.4919 0.0784
 72.5 -47.5 0.4739 0.0782
 72.5 -42.5 0.4418 0.0714
 72.5 -37.5 0.3985 0.0568
 72.5 -32.5 0.3698 0.0626
 72.5 -27.5 0.3590 0.0495
 72.5 -22.5 0.3564 0.0534
 72.5 -17.5 0.3643 0.0497
 72.5 -12.5 0.3642 0.0394
 72.5  -7.5 0.3847 0.0192
 72.5  -2.5 0.4263 0.0049
 72.5   2.5 0.4469 0.0113
 72.5   7.5    NaN    NaN
 72.5  12.5    NaN    NaN
 72.5  17.5    NaN    NaN
 72.5  22.5    NaN    NaN
 72.5  27.5    NaN    NaN
 72.5  32.5    NaN    NaN
 72.5  37.5    NaN    NaN
 72.5  42.5    NaN    NaN
 72.5  47.5    NaN    NaN
 72.5  52.5    NaN    NaN
 72.5  57.5    NaN    NaN
 72.5  62.5    NaN    NaN
 72.5  67.5    NaN    NaN
 72.5  72.5    NaN    NaN
 72.5  77.5    NaN    NaN
 72.5  82.5    NaN    NaN
 72.5  87.5    NaN    NaN
 77.5 -87.5    NaN    NaN
 77.5 -82.5 0.4719 0.0347
 77.5 -77.5 0.4806 0.0633
 77.5 -72.5 0.4688 0.0838
 77.5 -67.5 0.4689 0.0850
 77.5 -62.5 0.4799 0.0866
 77.5 -57.5 0.4915 0.0837
 77.5 -52.5 0.4861 0.0743
 77.5 -47.5 0.4628 0.0718
 77.5 -42.5 0.4341 0.0683
 77.5 -37.5 0.3950 0.0571
 77.5 -32.5 0.3652 0.0555
 77.5 -27.5 0.3571 0.0488
 77.5 -22.5 0.3524 0.0529
 77.5 -17.5 0.3627 0.0489
 77.5 -12.5 0.3615 0.0357
 77.5  -7.5 0.3584 0.0541
 77.5  -2.5 0.4111 0.0401
 77.5   2.5 0.4157 0.0430
 77.5   7.5 0.3759    NaN
 77.5  12.5    NaN    NaN
 77.5  17.5    NaN    NaN
 77.5  22.5    NaN    NaN
 77.5  27.5    NaN    NaN
 77.5  32.5    NaN    NaN
 77.5  37.5    NaN    NaN
 77.5  42.5    NaN    NaN
 77.5  47.5    NaN    NaN
 77.5  52.5    NaN    NaN
 77.5  57.5    NaN    NaN
 77.5  62.5    NaN    NaN
 77.5  67.5    NaN    NaN
 77.5  72.5    NaN    NaN
 77.5  77.5    NaN    NaN
 77.5  82.5    NaN    NaN
 77.5  87.5    NaN    NaN
 82.5 -87.5    NaN    NaN
 82.5 -82.5 0.4722 0.0370
 82.5 -77.5 0.4817 0.0668
 82.5 -72.5 0.4727 0.0857
 82.5 -67.5 0.4728 0.0876
 82.5 -62.5 0.4794 0.0872
 82.5 -57.5 0.4888 0.0829
 82.5 -52.5 0.4836 0.0759
 82.5 -47.5 0.4604 0.0707
 82.5 -42.5 0.4334 0.0667
 82.5 -37.5 0.3992 0.0583
 82.5 -32.5 0.3683 0.0542
 82.5 -27.5 0.3607 0.0530
 82.5 -22.5 0.3557 0.0551
 82.5 -17.5 0.3556 0.0559
 82.5 -12.5 0.3645 0.0327
 82.5  -7.5 0.3730 0.0517
 82.5  -2.5 0.4024 0.0343
 82.5   2.5 0.3978 0.0329
 82.5   7.5 0.3881 0.0084
 82.5  12.5    NaN    NaN
 82.5  17.5    NaN    NaN
 82.5  22.5    NaN    NaN
 82.5  27.5    NaN    NaN
 82.5  32.5    NaN    NaN
 82.5  37.5    NaN    NaN
 82.5  42.5    NaN    NaN
 82.5  47.5    NaN    NaN
 82.5  52.5    NaN    NaN
 82.5  57.5    NaN    NaN
 82.5  62.5    NaN    NaN
 82.5  67.5    NaN    NaN
 82.5  72.5    NaN    NaN
 82.5  77.5    NaN    NaN
 82.5  82.5    NaN    NaN
 82.5  87.5    NaN    NaN
 87.5 -87.5    NaN    NaN
 87.5 -82.5 0.4712 0.0343
 87.5 -77.5 0.4806 0.0720
 87.5 -72.5 0.4775 0.0873
 87.5 -67.5 0.4780 0.0904
 87.5 -62.5 0.4842 0.0891
 87.5 -57.5 0.4899 0.0812
 87.5 -52.5 0.4812 0.0781
 87.5 -47.5 0.4584 0.0713
 87.5 -42.5 0.4300 0.0672
 87.5 -37.5 0.3981 0.0594
 87.5 -32.5 0.3708 0.0519
 87.5 -27.5 0.3626 0.0533
 87.5 -22.5 0.3551 0.0514
 87.5 -17.5 0.3549 0.0508
 87.5 -12.5 0.3712 0.0300
 87.5  -7.5 0.3809 0.0401
 87.5  -2.5 0.3905 0.0333
 87.5   2.5 0.3944 0.0160
 87.5   7.5 0.4023 0.0198
 87.5  12.5    NaN    NaN
 87.5  17.5    NaN    NaN
 87.5  22.5    NaN    NaN
 87.5  27.5    NaN    NaN
 87.5  32.5    NaN    NaN
 87.5  37.5    NaN    NaN
 87.5  42.5    NaN    NaN
 87.5  47.5    NaN    NaN
 87.5  52.5    NaN    NaN
 87.5  57.5    NaN    NaN
 87.5  62.5    NaN    NaN
 87.5  67.5    NaN    NaN
 87.5  72.5    NaN    NaN
 87.5  77.5    NaN    NaN
 87.5  82.5    NaN    NaN
 87.5  87.5    NaN    NaN
 92.5 -87.5    NaN    NaN
 92.5 -82.5 0.4764 0.0347
 92.5 -77.5 0.4841 0.0733
 92.5 -72.5 0.4836 0.0904
 92.5 -67.5 0.4813 0.0966
 92.5 -62.5 0.4831 0.0931
 92.5 -57.5 0.4882 0.0826
 92.5 -52.5 0.4811 0.0808
 92.5 -47.5 0.4595 0.0753
 92.5 -42.5 0.4311 0.0685
 92.5 -37.5 0.3964 0.0606
 92.5 -32.5 0.3683 0.0518
 92.5 -27.5 0.3574 0.0612
 92.5 -22.5 0.3592 0.0475
 92.5 -17.5 0.3684 0.0470
 92.5 -12.5 0.3847 0.0242
 92.5  -7.5 0.3935 0.0254
 92.5  -2.5 0.3977 0.0299
 92.5   2.5 0.4086 0.0191
 92.5   7.5 0.4194 0.0261
 92.5  12.5    NaN    NaN
 92.5  17.5    NaN    NaN
 92.5  22.5    NaN    NaN
 92.5  27.5    NaN    NaN
 92.5  32.5    NaN    NaN
 92.5  37.5    NaN    NaN
 92.5  42.5    NaN    NaN
 92.5  47.5    NaN    NaN
 92.5  52.5    NaN    NaN
 92.5  57.5    NaN    NaN
 92.5  62.5    NaN    NaN
 92.5  67.5    NaN    NaN
 92.5  72.5    NaN    NaN
 92.5  77.5    NaN    NaN
 92.5  82.5    NaN    NaN
 92.5  87.5    NaN    NaN
 97.5 -87.5    NaN    NaN
 97.5 -82.5 0.4791 0.0400
 97.5 -77.5 0.4877 0.0765
 97.5 -72.5 0.4857 0.0948
 97.5 -67.5 0.4823 0.1018
 97.5 -62.5 0.4864 0.0962
 97.5 -57.5 0.4890 0.0833
 97.5 -52.5 0.4818 0.0818
 97.5 -47.5 0.4567 0.0795
 97.5 -42.5 0.4258 0.0705
 97.5 -37.5 0.3903 0.0572
 97.5 -32.5 0.3670 0.0495
 97.5 -27.5 0.3551 0.0523
 97.5 -22.5 0.3611 0.0481
 97.5 -17.5 0.3745 0.0438
 97.5 -12.5 0.3817 0.0407
 97.5  -7.5 0.4011 0.0201
 97.5  -2.5 0.4072 0.0272
 97.5   2.5 0.4143 0.0227
 97.5   7.5 0.4221 0.0296
 97.5  12.5    NaN    NaN
 97.5  17.5    NaN    NaN
 97.5  22.5    NaN    NaN
 97.5  27.5    NaN    NaN
 97.5  32.5    NaN    NaN
 97.5  37.5    NaN    NaN
 97.5  42.5    NaN    NaN
 97.5  47.5    NaN    NaN
 97.5  52.5    NaN    NaN
 97.5  57.5    NaN    NaN
 97.5  62.5    NaN    NaN
 97.5  67.5    NaN    NaN
 97.5  72.5    NaN    NaN
 97.5  77.5    NaN    NaN
 97.5  82.5    NaN    NaN
 97.5  87.5    NaN    NaN
102.5 -87.5    NaN    NaN
102.5 -82.5 0.4847 0.0424
102.5 -77.5 0.4932 0.0787
102.5 -72.5 0.4863 0.0984
102.5 -67.5 0.4848 0.1060
102.5 -62.5 0.4852 0.1033
102.5 -57.5 0.4861 0.0873
102.5 -52.5 0.4781 0.0849
102.5 -47.5 0.4526 0.0812
102.5 -42.5 0.4217 0.0701
102.5 -37.5 0.3891 0.0540
102.5 -32.5 0.3645 0.0461
102.5 -27.5 0.3563 0.0473
102.5 -22.5 0.3617 0.0488
102.5 -17.5 0.3794 0.0438
102.5 -12.5 0.3828 0.0524
102.5  -7.5 0.4017 0.0247
102.5  -2.5 0.4134 0.0281
102.5   2.5 0.4089 0.0305
102.5   7.5 0.4322 0.0218
102.5  12.5    NaN    NaN
102.5  17.5    NaN    NaN
102.5  22.5    NaN    NaN
102.5  27.5    NaN    NaN
102.5  32.5    NaN    NaN
102.5  37.5    NaN    NaN
102.5  42.5    NaN    NaN
102.5  47.5    NaN    NaN
102.5  52.5    NaN    NaN
102.5  57.5    NaN    NaN
102.5  62.5    NaN    NaN
102.5  67.5    NaN    NaN
102.5  72.5    NaN    NaN
102.5  77.5    NaN    NaN
102.5  82.5    NaN    NaN
102.5  87.5    NaN    NaN
107.5 -87.5    NaN    NaN
107.5 -82.5 0.4864 0.0434
107.5 -77.5 0.4994 0.0786
107.5 -72.5 0.4932 0.0998
107.5 -67.5 0.4890 0.1099
107.5 -62.5 0.4856 0.1092
107.5 -57.5 0.4851 0.0907
107.5 -52.5 0.4746 0.0885
107.5 -47.5 0.4497 0.0822
107.5 -42.5 0.4193 0.0700
107.5 -37.5 0.3864 0.0523
107.5 -32.5 0.3641 0.0430
107.5 -27.5 0.3550 0.0440
107.5 -22.5 0.3589 0.0499
107.5 -17.5 0.3823 0.0368
107.5 -12.5 0.3883 0.0385
107.5  -7.5 0.3899 0.0466
107.5  -2.5 0.4095 0.0304
107.5   2.5 0.4055 0.0344
107.5   7.5    NaN    NaN
107.5  12.5    NaN    NaN
107.5  17.5    NaN    NaN
107.5  22.5    NaN    NaN
107.5  27.5    NaN    NaN
107.5  32.5    NaN    NaN
107.5  37.5    NaN    NaN
107.5  42.5    NaN    NaN
107.5  47.5    NaN    NaN
107.5  52.5    NaN    NaN
107.5  57.5    NaN    NaN
107.5  62.5    NaN    NaN
107.5  67.5    NaN    NaN
107.5  72.5    NaN    NaN
107.5  77.5    NaN    NaN
107.5  82.5    NaN    NaN
107.5  87.5    NaN    NaN
112.5 -87.5    NaN    NaN
112.5 -82.5 0.4895 0.0458
112.5 -77.5 0.5029 0.0807
112.5 -72.5 0.4938 0.1027
112.5 -67.5 0.4855 0.1151
112.5 -62.5 0.4852 0.1117
112.5 -57.5 0.4848 0.0954
112.5 -52.5 0.4759 0.0879
112.5 -47.5 0.4508 0.0808
112.5 -42.5 0.4188 0.0688
112.5 -37.5 0.3855 0.0507
112.5 -32.5 0.3648 0.0419
112.5 -27.5 0.3574 0.0426
112.5 -22.5 0.3574 0.0514
112.5 -17.5 0.3837 0.0373
112.5 -12.5 0.3922 0.0397
112.5  -7.5 0.3902 0.0507
112.5  -2.5 0.4001 0.0367
112.5   2.5 0.4206 0.0277
112.5   7.5    NaN    NaN
112.5  12.5    NaN    NaN
112.5  17.5    NaN    NaN
112.5  22.5    NaN    NaN
112.5  27.5    NaN    NaN
112.5  32.5    NaN    NaN
112.5  37.5    NaN    NaN
112.5  42.5    NaN    NaN
112.5  47.5    NaN    NaN
112.5  52.5    NaN    NaN
112.5  57.5    NaN    NaN
112.5  62.5    NaN    NaN
112.5  67.5    NaN    NaN
112.5  72.5    NaN    NaN
112.5  77.5    NaN    NaN
112.5  82.5    NaN    NaN
112.5  87.5    NaN    NaN
117.5 -87.5    NaN    NaN
117.5 -82.5 0.4934 0.0458
117.5 -77.5 0.5039 0.0812
117.5 -72.5 0.4972 0.1041
117.5 -67.5 0.4885 0.1189
117.5 -62.5 0.4866 0.1129
117.5 -57.5 0.4902 0.0956
117.5 -52.5 0.4788 0.0861
117.5 -47.5 0.4494 0.0781
117.5 -42.5 0.4185 0.0674
117.5 -37.5 0.3856 0.0483
117.5 -32.5 0.3634 0.0408
117.5 -27.5 0.3573 0.0404
117.5 -22.5 0.3559 0.0492
117.5 -17.5 0.3795 0.0402
117.5 -12.5 0.3844 0.0416
117.5  -7.5 0.3829 0.0386
117.5  -2.5 0.3871 0.0376
117.5   2.5 0.4263 0.0104
117.5   7.5 0.4614 0.0169
117.5  12.5 0.5038 0.0180
117.5  17.5    NaN    NaN
117.5  22.5    NaN    NaN
117.5  27.5    NaN    NaN
117.5  32.5    NaN    NaN
117.5  37.5    NaN    NaN
117.5  42.5    NaN    NaN
117.5  47.5    NaN    NaN
117.5  52.5    NaN    NaN
117.5  57.5    NaN    NaN
117.5  62.5    NaN    NaN
117.5  67.5    NaN    NaN
117.5  72.5    NaN    NaN
117.5  77.5    NaN    NaN
117.5  82.5    NaN    NaN
117.5  87.5    NaN    NaN
122.5 -87.5    NaN    NaN
122.5 -82.5 0.4902 0.0465
122.5 -77.5 0.5056 0.0820
122.5 -72.5 0.4945 0.1095
122.5 -67.5 0.4922 0.1218
122.5 -62.5 0.4896 0.1147
122.5 -57.5 0.4892 0.0996
122.5 -52.5 0.4798 0.0865
122.5 -47.5 0.4504 0.0756
122.5 -42.5 0.4188 0.0658
122.5 -37.5 0.3877 0.0468
122.5 -32.5 0.3641 0.0400
122.5 -27.5 0.3596 0.0395
122.5 -22.5 0.3585 0.0459
122.5 -17.5 0.3728 0.0446
122.5 -12.5 0.3818 0.0375
122.5  -7.5 0.3878 0.0412
122.5  -2.5 0.3946 0.0428
122.5   2.5 0.4400 0.0175
122.5   7.5 0.4686 0.0156
122.5  12.5 0.4979 0.0153
122.5  17.5    NaN    NaN
122.5  22.5    NaN    NaN
122.5  27.5    NaN    NaN
122.5  32.5    NaN    NaN
122.5  37.5    NaN    NaN
122.5  42.5    NaN    NaN
122.5  47.5    NaN    NaN
122.5  52.5    NaN    NaN
122.5  57.5    NaN    NaN
122.5  62.5    NaN    NaN
122.5  67.5    NaN    NaN
122.5  72.5    NaN    NaN
122.5  77.5    NaN    NaN
122.5  82.5    NaN    NaN
122.5  87.5    NaN    NaN
127.5 -87.5    NaN    NaN
127.5 -82.5 0.4890 0.0463
127.5 -77.5 0.5006 0.0899
127.5 -72.5 0.4960 0.1110
127.5 -67.5 0.4902 0.1265
127.5 -62.5 0.4893 0.1178
127.5 -57.5 0.4921 0.0994
127.5 -52.5 0.4831 0.0856
127.5 -47.5 0.4547 0.0723
127.5 -42.5 0.4215 0.0614
127.5 -37.5 0.3922 0.0448
127.5 -32.5 0.3696 0.0394
127.5 -27.5 0.3605 0.0432
127.5 -22.5 0.3608 0.0473
127.5 -17.5 0.3717 0.0464
127.5 -12.5 0.3798 0.0475
127.5  -7.5 0.3874 0.0555
127.5  -2.5 0.4135 0.0497
127.5   2.5 0.4442 0.0266
127.5   7.5 0.4632 0.0129
127.5  12.5    NaN    NaN
127.5  17.5    NaN    NaN
127.5  22.5    NaN    NaN
127.5  27.5    NaN    NaN
127.5  32.5    NaN    NaN
127.5  37.5    NaN    NaN
127.5  42.5    NaN    NaN
127.5  47.5    NaN    NaN
127.5  52.5    NaN    NaN
127.5  57.5    NaN    NaN
127.5  62.5    NaN    NaN
127.5  67.5    NaN    NaN
127.5  72.5    NaN    NaN
127.5  77.5    NaN    NaN
127.5  82.5    NaN    NaN
127.5  87.5    NaN    NaN
132.5 -87.5    NaN    NaN
132.5 -82.5 0.4888 0.0482
132.5 -77.5 0.4988 0.0927
132.5 -72.5 0.4963 0.1134
132.5 -67.5 0.4955 0.1268
132.5 -62.5 0.4942 0.1190
132.5 -57.5 0.4956 0.0982
132.5 -52.5 0.4881 0.0855
132.5 -47.5 0.4566 0.0723
132.5 -42.5 0.4241 0.0589
132.5 -37.5 0.3961 0.0451
132.5 -32.5 0.3729 0.0411
132.5 -27.5 0.3611 0.0479
132.5 -22.5 0.3605 0.0522
132.5 -17.5 0.3712 0.0522
132.5 -12.5 0.3825 0.0567
132.5  -7.5 0.4005 0.0616
132.5  -2.5 0.4379 0.0495
132.5   2.5 0.4361 0.0500
132.5   7.5 0.4571 0.0104
132.5  12.5    NaN    NaN
132.5  17.5    NaN    NaN
132.5  22.5    NaN    NaN
132.5  27.5    NaN    NaN
132.5  32.5    NaN    NaN
132.5  37.5    NaN    NaN
132.5  42.5    NaN    NaN
132.5  47.5    NaN    NaN
132.5  52.5    NaN    NaN
132.5  57.5    NaN    NaN
132.5  62.5    NaN    NaN
132.5  67.5    NaN    NaN
132.5  72.5    NaN    NaN
132.5  77.5    NaN    NaN
132.5  82.5    NaN    NaN
132.5  87.5    NaN    NaN
137.5 -87.5    NaN    NaN
137.5 -82.5 0.4855 0.0475
137.5 -77.5 0.4958 0.0953
137.5 -72.5 0.4979 0.1157
137.5 -67.5 0.5002 0.1272
137.5 -62.5 0.4994 0.1213
137.5 -57.5 0.4977 0.0998
137.5 -52.5 0.4911 0.0884
137.5 -47.5 0.4600 0.0737
137.5 -42.5 0.4274 0.0595
137.5 -37.5 0.3992 0.0474
137.5 -32.5 0.3777 0.0442
137.5 -27.5 0.3661 0.0531
137.5 -22.5 0.3596 0.0585
137.5 -17.5 0.3725 0.0568
137.5 -12.5 0.3807 0.0643
137.5  -7.5 0.3910 0.0722
137.5  -2.5 0.4221 0.0617
137.5   2.5 0.4265 0.0391
137.5   7.5 0.4661 0.0448
137.5  12.5    NaN    NaN
137.5  17.5    NaN    NaN
137.5  22.5    NaN    NaN
137.5  27.5    NaN    NaN
137.5  32.5    NaN    NaN
137.5  37.5    NaN    NaN
137.5  42.5    NaN    NaN
137.5  47.5    NaN    NaN
137.5  52.5    NaN    NaN
137.5  57.5    NaN    NaN
137.5  62.5    NaN    NaN
137.5  67.5    NaN    NaN
137.5  72.5    NaN    NaN
137.5  77.5    NaN    NaN
137.5  82.5    NaN    NaN
137.5  87.5    NaN    NaN
142.5 -87.5    NaN    NaN
142.5 -82.5 0.4814 0.0497
142.5 -77.5 0.4969 0.0953
142.5 -72.5 0.4972 0.1180
142.5 -67.5 0.4989 0.1308
142.5 -62.5 0.4995 0.1236
142.5 -57.5 0.4961 0.1015
142.5 -52.5 0.4924 0.0875
142.5 -47.5 0.4632 0.0721
142.5 -42.5 0.4310 0.0591
142.5 -37.5 0.4013 0.0497
142.5 -32.5 0.3802 0.0465
142.5 -27.5 0.3690 0.0542
142.5 -22.5 0.3614 0.0618
142.5 -17.5 0.3707 0.0602
142.5 -12.5 0.3770 0.0625
142.5  -7.5 0.4034 0.0669
142.5  -2.5 0.4130 0.0588
142.5   2.5 0.4285 0.0547
142.5   7.5 0.5093 0.0217
142.5  12.5 0.5212 0.0184
142.5  17.5    NaN    NaN
142.5  22.5    NaN    NaN
142.5  27.5    NaN    NaN
142.5  32.5    NaN    NaN
142.5  37.5    NaN    NaN
142.5  42.5    NaN    NaN
142.5  47.5    NaN    NaN
142.5  52.5    NaN    NaN
142.5  57.5    NaN    NaN
142.5  62.5    NaN    NaN
142.5  67.5    NaN    NaN
142.5  72.5    NaN    NaN
142.5  77.5    NaN    NaN
142.5  82.5    NaN    NaN
142.5  87.5    NaN    NaN
147.5 -87.5    NaN    NaN
147.5 -82.5 0.4849 0.0529
147.5 -77.5 0.4948 0.0976
147.5 -72.5 0.4958 0.1202
147.5 -67.5 0.4964 0.1323
147.5 -62.5 0.4987 0.1258
147.5 -57.5 0.4940 0.1049
147.5 -52.5 0.4911 0.0873
147.5 -47.5 0.4639 0.0719
147.5 -42.5 0.4323 0.0598
147.5 -37.5 0.4029 0.0506
147.5 -32.5 0.3840 0.0474
147.5 -27.5 0.3719 0.0531
147.5 -22.5 0.3662 0.0624
147.5 -17.5 0.3737 0.0599
147.5 -12.5 0.3826 0.0637
147.5  -7.5 0.4132 0.0553
147.5  -2.5 0.3921 0.0609
147.5   2.5 0.4451 0.0892
147.5   7.5 0.4848 0.0672
147.5  12.5 0.5181    NaN
147.5  17.5    NaN    NaN
147.5  22.5    NaN    NaN
147.5  27.5    NaN    NaN
147.5  32.5    NaN    NaN
147.5  37.5    NaN    NaN
147.5  42.5    NaN    NaN
147.5  47.5    NaN    NaN
147.5  52.5    NaN    NaN
147.5  57.5    NaN    NaN
147.5  62.5    NaN    NaN
147.5  67.5    NaN    NaN
147.5  72.5    NaN    NaN
147.5  77.5    NaN    NaN
147.5  82.5    NaN    NaN
147.5  87.5    NaN    NaN
152.5 -87.5    NaN    NaN
152.5 -82.5 0.4831 0.0561
152.5 -77.5 0.4990 0.0992
152.5 -72.5 0.4960 0.1218
152.5 -67.5 0.4934 0.1335
152.5 -62.5 0.4937 0.1293
152.5 -57.5 0.4892 0.1074
152.5 -52.5 0.4873 0.0868
152.5 -47.5 0.4629 0.0735
152.5 -42.5 0.4320 0.0598
152.5 -37.5 0.4055 0.0519
152.5 -32.5 0.3868 0.0487
152.5 -27.5 0.3744 0.0538
152.5 -22.5 0.3678 0.0624
152.5 -17.5 0.3801 0.0565
152.5 -12.5 0.3777 0.0652
152.5  -7.5 0.4044 0.0459
152.5  -2.5 0.3906 0.0611
152.5   2.5 0.4395 0.1002
152.5   7.5 0.5205 0.0125
152.5  12.5    NaN    NaN
152.5  17.5    NaN    NaN
152.5  22.5    NaN    NaN
152.5  27.5    NaN    NaN
152.5  32.5    NaN    NaN
152.5  37.5    NaN    NaN
152.5  42.5    NaN    NaN
152.5  47.5    NaN    NaN
152.5  52.5    NaN    NaN
152.5  57.5    NaN    NaN
152.5  62.5    NaN    NaN
152.5  67.5    NaN    NaN
152.5  72.5    NaN    NaN
152.5  77.5    NaN    NaN
152.5  82.5    NaN    NaN
152.5  87.5    NaN    NaN
157.5 -87.5    NaN    NaN
157.5 -82.5 0.4979 0.0605
157.5 -77.5 0.4964 0.1007
157.5 -72.5 0.4895 0.1255
157.5 -67.5 0.4865 0.1358
157.5 -62.5 0.4909 0.1305
157.5 -57.5 0.4904 0.1092
157.5 -52.5 0.4882 0.0859
157.5 -47.5 0.4669 0.0720
157.5 -42.5 0.4356 0.0588
157.5 -37.5 0.4091 0.0520
157.5 -32.5 0.3902 0.0487
157.5 -27.5 0.3762 0.0545
157.5 -22.5 0.3675 0.0630
157.5 -17.5 0.3891 0.0521
157.5 -12.5 0.3812 0.0589
157.5  -7.5 0.3831 0.0451
157.5  -2.5 0.4060 0.0624
157.5   2.5 0.4079 0.0646
157.5   7.5 0.4407 0.0653
157.5  12.5 0.4385 0.0116
157.5  17.5 0.4636    NaN
157.5  22.5    NaN    NaN
157.5  27.5    NaN    NaN
157.5  32.5    NaN    NaN
157.5  37.5    NaN    NaN
157.5  42.5    NaN    NaN
157.5  47.5    NaN    NaN
157.5  52.5    NaN    NaN
157.5  57.5    NaN    NaN
157.5  62.5    NaN    NaN
157.5  67.5    NaN    NaN
157.5  72.5    NaN    NaN
157.5  77.5    NaN    NaN
157.5  82.5    NaN    NaN
157.5  87.5    NaN    NaN
162.5 -87.5    NaN    NaN
162.5 -82.5 0.5031 0.0609
162.5 -77.5 0.4946 0.1027
162.5 -72.5 0.4875 0.1267
162.5 -67.5 0.4890 0.1337
162.5 -62.5 0.4936 0.1284
162.5 -57.5 0.4940 0.1105
162.5 -52.5 0.4893 0.0859
162.5 -47.5 0.4677 0.0725
162.5 -42.5 0.4346 0.0615
162.5 -37.5 0.4093 0.0541
162.5 -32.5 0.3899 0.0521
162.5 -27.5 0.3750 0.0556
162.5 -22.5 0.3681 0.0591
162.5 -17.5 0.3915 0.0454
162.5 -12.5 0.3816 0.0456
162.5  -7.5 0.3679 0.0514
162.5  -2.5 0.4165 0.0441
162.5   2.5 0.4211 0.0429
162.5   7.5 0.4444 0.0406
162.5  12.5 0.4654 0.0204
162.5  17.5 0.4769 0.0296
162.5  22.5    NaN    NaN
162.5  27.5    NaN    NaN
162.5  32.5    NaN    NaN
162.5  37.5    NaN    NaN
162.5  42.5    NaN    NaN
162.5  47.5    NaN    NaN
162.5  52.5    NaN    NaN
162.5  57.5    NaN    NaN
162.5  62.5    NaN    NaN
162.5  67.5    NaN    NaN
162.5  72.5    NaN    NaN
162.5  77.5    NaN    NaN
162.5  82.5    NaN    NaN
162.5  87.5    NaN    NaN
167.5 -87.5    NaN    NaN
167.5 -82.5 0.5068 0.0620
167.5 -77.5 0.4917 0.1063
167.5 -72.5 0.4895 0.1254
167.5 -67.5 0.4907 0.1339
167.5 -62.5 0.4950 0.1284
167.5 -57.5 0.4955 0.1125
167.5 -52.5 0.4889 0.0880
167.5 -47.5 0.4679 0.0735
167.5 -42.5 0.4357 0.0617
167.5 -37.5 0.4088 0.0547
167.5 -32.5 0.3900 0.0532
167.5 -27.5 0.3746 0.0554
167.5 -22.5 0.3677 0.0554
167.5 -17.5 0.3925 0.0397
167.5 -12.5 0.3853 0.0363
167.5  -7.5 0.3779 0.0513
167.5  -2.5 0.4071 0.0434
167.5   2.5 0.4267 0.0295
167.5   7.5 0.4465 0.0312
167.5  12.5 0.4688 0.0367
167.5  17.5 0.5019 0.0551
167.5  22.5    NaN    NaN
167.5  27.5    NaN    NaN
167.5  32.5    NaN    NaN
167.5  37.5    NaN    NaN
167.5  42.5    NaN    NaN
167.5  47.5    NaN    NaN
167.5  52.5    NaN    NaN
167.5  57.5    NaN    NaN
167.5  62.5    NaN    NaN
167.5  67.5    NaN    NaN
167.5  72.5    NaN    NaN
167.5  77.5    NaN    NaN
167.5  82.5    NaN    NaN
167.5  87.5    NaN    NaN
172.5 -87.5    NaN    NaN
172.5 -82.5 0.5142 0.0684
172.5 -77.5 0.4971 0.1032
172.5 -72.5 0.4889 0.1253
172.5 -67.5 0.4931 0.1336
172.5 -62.5 0.4940 0.1287
172.5 -57.5 0.4951 0.1137
172.5 -52.5 0.4890 0.0914
172.5 -47.5 0.4681 0.0753
172.5 -42.5 0.4349 0.0622
172.5 -37.5 0.4088 0.0539
172.5 -32.5 0.3900 0.0531
172.5 -27.5 0.3747 0.0543
172.5 -22.5 0.3686 0.0528
172.5 -17.5 0.3918 0.0348
172.5 -12.5 0.3899 0.0340
172.5  -7.5 0.3941 0.0432
172.5  -2.5 0.3951 0.0539
172.5   2.5 0.4390 0.0295
172.5   7.5 0.4483 0.0354
172.5  12.5 0.4773 0.0395
172.5  17.5 0.5369 0.0093
172.5  22.5    NaN    NaN
172.5  27.5    NaN    NaN
172.5  32.5    NaN    NaN
172.5  37.5    NaN    NaN
172.5  42.5    NaN    NaN
172.5  47.5    NaN    NaN
172.5  52.5    NaN    NaN
172.5  57.5    NaN    NaN
172.5  62.5    NaN    NaN
172.5  67.5    NaN    NaN
172.5  72.5    NaN    NaN
172.5  77.5    NaN    NaN
172.5  82.5    NaN    NaN
172.5  87.5    NaN    NaN
177.5 -87.5    NaN    NaN
177.5 -82.5 0.5079 0.0738
177.5 -77.5 0.4995 0.1022
177.5 -72.5 0.4916 0.1238
177.5 -67.5 0.4945 0.1329
177.5 -62.5 0.4950 0.1288
177.5 -57.5 0.4974 0.1148
177.5 -52.5 0.4874 0.0951
177.5 -47.5 0.4685 0.0791
177.5 -42.5 0.4325 0.0645
177.5 -37.5 0.4064 0.0574
177.5 -32.5 0.3880 0.0547
177.5 -27.5 0.3741 0.0552
177.5 -22.5 0.3705 0.0549
177.5 -17.5 0.3914 0.0406
177.5 -12.5 0.3956 0.0423
177.5  -7.5 0.4076 0.0415
177.5  -2.5 0.4095 0.0489
177.5   2.5 0.4341 0.0423
177.5   7.5 0.4572 0.0311
177.5  12.5 0.4657 0.0435
177.5  17.5    NaN    NaN
177.5  22.5    NaN    NaN
177.5  27.5    NaN    NaN
177.5  32.5    NaN    NaN
177.5  37.5    NaN    NaN
177.5  42.5    NaN    NaN
177.5  47.5    NaN    NaN
177.5  52.5    NaN    NaN
177.5  57.5    NaN    NaN
177.5  62.5    NaN    NaN
177.5  67.5    NaN    NaN
177.5  72.5    NaN    NaN
177.5  77.5    NaN    NaN
177.5  82.5    NaN    NaN
177.5  87.5    NaN    NaN
182.5 -87.5    NaN    NaN
182.5 -82.5 0.5169 0.0743
182.5 -77.5 0.5017 0.1008
182.5 -72.5 0.4917 0.1215
182.5 -67.5 0.4925 0.1303
182.5 -62.5 0.4956 0.1268
182.5 -57.5 0.4943 0.1154
182.5 -52.5 0.4896 0.0958
182.5 -47.5 0.4694 0.0832
182.5 -42.5 0.4340 0.0664
182.5 -37.5 0.4090 0.0575
182.5 -32.5 0.3901 0.0551
182.5 -27.5 0.3760 0.0571
182.5 -22.5 0.3752 0.0594
182.5 -17.5 0.3957 0.0466
182.5 -12.5 0.3980 0.0477
182.5  -7.5 0.4085 0.0446
182.5  -2.5 0.4135 0.0470
182.5   2.5 0.4214 0.0494
182.5   7.5 0.4545 0.0264
182.5  12.5 0.4643 0.0390
182.5  17.5    NaN    NaN
182.5  22.5    NaN    NaN
182.5  27.5    NaN    NaN
182.5  32.5    NaN    NaN
182.5  37.5    NaN    NaN
182.5  42.5    NaN    NaN
182.5  47.5    NaN    NaN
182.5  52.5    NaN    NaN
182.5  57.5    NaN    NaN
182.5  62.5    NaN    NaN
182.5  67.5    NaN    NaN
182.5  72.5    NaN    NaN
182.5  77.5    NaN    NaN
182.5  82.5    NaN    NaN
182.5  87.5    NaN    NaN
187.5 -87.5    NaN    NaN
187.5 -82.5 0.5225 0.0754
187.5 -77.5 0.5026 0.0999
187.5 -72.5 0.4902 0.1193
187.5 -67.5 0.4857 0.1285
187.5 -62.5 0.4921 0.1249
187.5 -57.5 0.4959 0.1128
187.5 -52.5 0.4925 0.0947
187.5 -47.5 0.4735 0.0831
187.5 -42.5 0.4372 0.0672
187.5 -37.5 0.4114 0.0588
187.5 -32.5 0.3928 0.0558
187.5 -27.5 0.3793 0.0598
187.5 -22.5 0.3808 0.0648
187.5 -17.5 0.4058 0.0500
187.5 -12.5 0.4065 0.0446
187.5  -7.5 0.4111 0.0420
187.5  -2.5 0.4162 0.0400
187.5   2.5 0.4182 0.0432
187.5   7.5 0.4415 0.0313
187.5  12.5 0.4770 0.0119
187.5  17.5 0.4943 0.0219
187.5  22.5    NaN    NaN
187.5  27.5    NaN    NaN
187.5  32.5    NaN    NaN
187.5  37.5    NaN    NaN
187.5  42.5    NaN    NaN
187.5  47.5    NaN    NaN
187.5  52.5    NaN    NaN
187.5  57.5    NaN    NaN
187.5  62.5    NaN    NaN
187.5  67.5    NaN    NaN
187.5  72.5    NaN    NaN
187.5  77.5    NaN    NaN
187.5  82.5    NaN    NaN
187.5  87.5    NaN    NaN
192.5 -87.5    NaN    NaN
192.5 -82.5 0.5285 0.0755
192.5 -77.5 0.5047 0.0985
192.5 -72.5 0.4884 0.1161
192.5 -67.5 0.4856 0.1263
192.5 -62.5 0.4935 0.1228
192.5 -57.5 0.4998 0.1103
192.5 -52.5 0.4927 0.0942
192.5 -47.5 0.4716 0.0855
192.5 -42.5 0.4377 0.0712
192.5 -37.5 0.4109 0.0618
192.5 -32.5 0.3936 0.0585
192.5 -27.5 0.3784 0.0630
192.5 -22.5 0.3804 0.0685
192.5 -17.5 0.4091 0.0573
192.5 -12.5 0.4068 0.0441
192.5  -7.5 0.4054 0.0393
192.5  -2.5 0.4102 0.0311
192.5   2.5 0.4169 0.0326
192.5   7.5 0.4412 0.0378
192.5  12.5 0.4856 0.0212
192.5  17.5 0.5081 0.0214
192.5  22.5    NaN    NaN
192.5  27.5    NaN    NaN
192.5  32.5    NaN    NaN
192.5  37.5    NaN    NaN
192.5  42.5    NaN    NaN
192.5  47.5    NaN    NaN
192.5  52.5    NaN    NaN
192.5  57.5    NaN    NaN
192.5  62.5    NaN    NaN
192.5  67.5    NaN    NaN
192.5  72.5    NaN    NaN
192.5  77.5    NaN    NaN
192.5  82.5    NaN    NaN
192.5  87.5    NaN    NaN
197.5 -87.5    NaN    NaN
197.5 -82.5 0.5386 0.0726
197.5 -77.5 0.5052 0.0940
197.5 -72.5 0.4900 0.1148
197.5 -67.5 0.4866 0.1226
197.5 -62.5 0.4949 0.1196
197.5 -57.5 0.5006 0.1083
197.5 -52.5 0.4926 0.0964
197.5 -47.5 0.4714 0.0869
197.5 -42.5 0.4371 0.0753
197.5 -37.5 0.4118 0.0641
197.5 -32.5 0.3961 0.0628
197.5 -27.5 0.3834 0.0657
197.5 -22.5 0.3898 0.0680
197.5 -17.5 0.4187 0.0606
197.5 -12.5 0.4163 0.0461
197.5  -7.5 0.4084 0.0337
197.5  -2.5 0.4071 0.0321
197.5   2.5 0.4215 0.0393
197.5   7.5 0.4506 0.0413
197.5  12.5 0.4890 0.0242
197.5  17.5 0.5071 0.0189
197.5  22.5    NaN    NaN
197.5  27.5    NaN    NaN
197.5  32.5    NaN    NaN
197.5  37.5    NaN    NaN
197.5  42.5    NaN    NaN
197.5  47.5    NaN    NaN
197.5  52.5    NaN    NaN
197.5  57.5    NaN    NaN
197.5  62.5    NaN    NaN
197.5  67.5    NaN    NaN
197.5  72.5    NaN    NaN
197.5  77.5    NaN    NaN
197.5  82.5    NaN    NaN
197.5  87.5    NaN    NaN
202.5 -87.5    NaN    NaN
202.5 -82.5 0.5400 0.0722
202.5 -77.5 0.5034 0.0933
202.5 -72.5 0.4932 0.1109
202.5 -67.5 0.4906 0.1182
202.5 -62.5 0.4980 0.1145
202.5 -57.5 0.5029 0.1044
202.5 -52.5 0.4958 0.0952
202.5 -47.5 0.4752 0.0850
202.5 -42.5 0.4418 0.0740
202.5 -37.5 0.4156 0.0643
202.5 -32.5 0.4012 0.0639
202.5 -27.5 0.3929 0.0681
202.5 -22.5 0.4021 0.0691
202.5 -17.5 0.4276 0.0625
202.5 -12.5 0.4307 0.0480
202.5  -7.5 0.4163 0.0391
202.5  -2.5 0.4079 0.0447
202.5   2.5 0.4354 0.0474
202.5   7.5 0.4655 0.0415
202.5  12.5 0.4946 0.0253
202.5  17.5 0.5134 0.0088
202.5  22.5    NaN    NaN
202.5  27.5    NaN    NaN
202.5  32.5    NaN    NaN
202.5  37.5    NaN    NaN
202.5  42.5    NaN    NaN
202.5  47.5    NaN    NaN
202.5  52.5    NaN    NaN
202.5  57.5    NaN    NaN
202.5  62.5    NaN    NaN
202.5  67.5    NaN    NaN
202.5  72.5    NaN    NaN
202.5  77.5    NaN    NaN
202.5  82.5    NaN    NaN
202.5  87.5    NaN    NaN
207.5 -87.5    NaN    NaN
207.5 -82.5 0.5374 0.0758
207.5 -77.5 0.5023 0.0917
207.5 -72.5 0.4945 0.1065
207.5 -67.5 0.4917 0.1142
207.5 -62.5 0.4988 0.1127
207.5 -57.5 0.5068 0.1035
207.5 -52.5 0.4990 0.0951
207.5 -47.5 0.4765 0.0845
207.5 -42.5 0.4452 0.0719
207.5 -37.5 0.4212 0.0638
207.5 -32.5 0.4067 0.0645
207.5 -27.5 0.3983 0.0699
207.5 -22.5 0.4106 0.0682
207.5 -17.5 0.4375 0.0564
207.5 -12.5 0.4399 0.0505
207.5  -7.5 0.4261 0.0474
207.5  -2.5 0.4213 0.0509
207.5   2.5 0.4561 0.0438
207.5   7.5 0.4755 0.0365
207.5  12.5 0.4855 0.0313
207.5  17.5 0.4994    NaN
207.5  22.5    NaN    NaN
207.5  27.5    NaN    NaN
207.5  32.5    NaN    NaN
207.5  37.5    NaN    NaN
207.5  42.5    NaN    NaN
207.5  47.5    NaN    NaN
207.5  52.5    NaN    NaN
207.5  57.5    NaN    NaN
207.5  62.5    NaN    NaN
207.5  67.5    NaN    NaN
207.5  72.5    NaN    NaN
207.5  77.5    NaN    NaN
207.5  82.5    NaN    NaN
207.5  87.5    NaN    NaN
212.5 -87.5    NaN    NaN
212.5 -82.5 0.5454 0.0812
212.5 -77.5 0.5016 0.0891
212.5 -72.5 0.4911 0.1035
212.5 -67.5 0.4901 0.1125
212.5 -62.5 0.5007 0.1114
212.5 -57.5 0.5107 0.1009
212.5 -52.5 0.5063 0.0945
212.5 -47.5 0.4813 0.0845
212.5 -42.5 0.4492 0.0710
212.5 -37.5 0.4256 0.0648
212.5 -32.5 0.4115 0.0656
212.5 -27.5 0.4045 0.0720
212.5 -22.5 0.4175 0.0693
212.5 -17.5 0.4438 0.0549
212.5 -12.5 0.4452 0.0543
212.5  -7.5 0.4293 0.0577
212.5  -2.5 0.4448 0.0500
212.5   2.5 0.4617 0.0436
212.5   7.5 0.4781 0.0363
212.5  12.5 0.4848 0.0164
212.5  17.5 0.5276 0.0134
212.5  22.5 0.5457    NaN
212.5  27.5    NaN    NaN
212.5  32.5    NaN    NaN
212.5  37.5    NaN    NaN
212.5  42.5    NaN    NaN
212.5  47.5    NaN    NaN
212.5  52.5    NaN    NaN
212.5  57.5    NaN    NaN
212.5  62.5    NaN    NaN
212.5  67.5    NaN    NaN
212.5  72.5    NaN    NaN
212.5  77.5    NaN    NaN
212.5  82.5    NaN    NaN
212.5  87.5    NaN    NaN
217.5 -87.5    NaN    NaN
217.5 -82.5 0.5475 0.0818
217.5 -77.5 0.5032 0.0875
217.5 -72.5 0.4909 0.1009
217.5 -67.5 0.4895 0.1098
217.5 -62.5 0.5030 0.1086
217.5 -57.5 0.5150 0.0995
217.5 -52.5 0.5116 0.0933
217.5 -47.5 0.4849 0.0855
217.5 -42.5 0.4526 0.0704
217.5 -37.5 0.4285 0.0656
217.5 -32.5 0.4147 0.0671
217.5 -27.5 0.4081 0.0727
217.5 -22.5 0.4231 0.0665
217.5 -17.5 0.4393 0.0589
217.5 -12.5 0.4364 0.0576
217.5  -7.5 0.4299 0.0576
217.5  -2.5 0.4510 0.0434
217.5   2.5 0.4505 0.0420
217.5   7.5 0.4523 0.0456
217.5  12.5 0.4583 0.0460
217.5  17.5 0.4962 0.0380
217.5  22.5 0.5205    NaN
217.5  27.5    NaN    NaN
217.5  32.5    NaN    NaN
217.5  37.5    NaN    NaN
217.5  42.5    NaN    NaN
217.5  47.5    NaN    NaN
217.5  52.5    NaN    NaN
217.5  57.5    NaN    NaN
217.5  62.5    NaN    NaN
217.5  67.5    NaN    NaN
217.5  72.5    NaN    NaN
217.5  77.5    NaN    NaN
217.5  82.5    NaN    NaN
217.5  87.5    NaN    NaN
222.5 -87.5    NaN    NaN
222.5 -82.5 0.5517 0.0804
222.5 -77.5 0.5039 0.0837
222.5 -72.5 0.4924 0.0972
222.5 -67.5 0.4919 0.1066
222.5 -62.5 0.5049 0.1067
222.5 -57.5 0.5184 0.0989
222.5 -52.5 0.5150 0.0944
222.5 -47.5 0.4878 0.0858
222.5 -42.5 0.4555 0.0714
222.5 -37.5 0.4320 0.0670
222.5 -32.5 0.4177 0.0701
222.5 -27.5 0.4113 0.0744
222.5 -22.5 0.4277 0.0639
222.5 -17.5 0.4346 0.0586
222.5 -12.5 0.4301 0.0543
222.5  -7.5 0.4357 0.0431
222.5  -2.5 0.4395 0.0338
222.5   2.5 0.4408 0.0301
222.5   7.5 0.4499 0.0369
222.5  12.5 0.4785 0.0482
222.5  17.5 0.5113 0.0412
222.5  22.5    NaN    NaN
222.5  27.5    NaN    NaN
222.5  32.5    NaN    NaN
222.5  37.5    NaN    NaN
222.5  42.5    NaN    NaN
222.5  47.5    NaN    NaN
222.5  52.5    NaN    NaN
222.5  57.5    NaN    NaN
222.5  62.5    NaN    NaN
222.5  67.5    NaN    NaN
222.5  72.5    NaN    NaN
222.5  77.5    NaN    NaN
222.5  82.5    NaN    NaN
222.5  87.5    NaN    NaN
227.5 -87.5    NaN    NaN
227.5 -82.5 0.5473 0.0802
227.5 -77.5 0.5059 0.0809
227.5 -72.5 0.4936 0.0950
227.5 -67.5 0.4942 0.1030
227.5 -62.5 0.5071 0.1057
227.5 -57.5 0.5204 0.0986
227.5 -52.5 0.5165 0.0961
227.5 -47.5 0.4906 0.0866
227.5 -42.5 0.4561 0.0726
227.5 -37.5 0.4335 0.0684
227.5 -32.5 0.4192 0.0718
227.5 -27.5 0.4162 0.0749
227.5 -22.5 0.4295 0.0647
227.5 -17.5 0.4310 0.0602
227.5 -12.5 0.4287 0.0495
227.5  -7.5 0.4336 0.0311
227.5  -2.5 0.4306 0.0313
227.5   2.5 0.4346 0.0334
227.5   7.5 0.4577 0.0410
227.5  12.5 0.4862 0.0472
227.5  17.5 0.5067 0.0548
227.5  22.5    NaN    NaN
227.5  27.5    NaN    NaN
227.5  32.5    NaN    NaN
227.5  37.5    NaN    NaN
227.5  42.5    NaN    NaN
227.5  47.5    NaN    NaN
227.5  52.5    NaN    NaN
227.5  57.5    NaN    NaN
227.5  62.5    NaN    NaN
227.5  67.5    NaN    NaN
227.5  72.5    NaN    NaN
227.5  77.5    NaN    NaN
227.5  82.5    NaN    NaN
227.5  87.5    NaN    NaN
232.5 -87.5    NaN    NaN
232.5 -82.5 0.5428 0.0835
232.5 -77.5 0.5083 0.0797
232.5 -72.5 0.4951 0.0936
232.5 -67.5 0.4978 0.1001
232.5 -62.5 0.5104 0.1024
232.5 -57.5 0.5236 0.0973
232.5 -52.5 0.5225 0.0944
232.5 -47.5 0.4964 0.0853
232.5 -42.5 0.4606 0.0694
232.5 -37.5 0.4378 0.0668
232.5 -32.5 0.4228 0.0719
232.5 -27.5 0.4206 0.0756
232.5 -22.5 0.4369 0.0640
232.5 -17.5 0.4285 0.0682
232.5 -12.5 0.4341 0.0505
232.5  -7.5 0.4316 0.0375
232.5  -2.5 0.4218 0.0365
232.5   2.5 0.4370 0.0372
232.5   7.5 0.4609 0.0480
232.5  12.5 0.4755 0.0608
232.5  17.5 0.4932 0.0697
232.5  22.5    NaN    NaN
232.5  27.5    NaN    NaN
232.5  32.5    NaN    NaN
232.5  37.5    NaN    NaN
232.5  42.5    NaN    NaN
232.5  47.5    NaN    NaN
232.5  52.5    NaN    NaN
232.5  57.5    NaN    NaN
232.5  62.5    NaN    NaN
232.5  67.5    NaN    NaN
232.5  72.5    NaN    NaN
232.5  77.5    NaN    NaN
232.5  82.5    NaN    NaN
232.5  87.5    NaN    NaN
237.5 -87.5    NaN    NaN
237.5 -82.5 0.5366 0.0879
237.5 -77.5 0.5120 0.0776
237.5 -72.5 0.4994 0.0925
237.5 -67.5 0.5012 0.0966
237.5 -62.5 0.5129 0.1015
237.5 -57.5 0.5282 0.0958
237.5 -52.5 0.5265 0.0929
237.5 -47.5 0.5004 0.0844
237.5 -42.5 0.4625 0.0684
237.5 -37.5 0.4384 0.0652
237.5 -32.5 0.4255 0.0708
237.5 -27.5 0.4220 0.0771
237.5 -22.5 0.4416 0.0632
237.5 -17.5 0.4345 0.0645
237.5 -12.5 0.4408 0.0550
237.5  -7.5 0.4330 0.0506
237.5  -2.5 0.4262 0.0429
237.5   2.5 0.4397 0.0429
237.5   7.5 0.4575 0.0549
237.5  12.5 0.4671 0.0618
237.5  17.5    NaN    NaN
237.5  22.5    NaN    NaN
237.5  27.5    NaN    NaN
237.5  32.5    NaN    NaN
237.5  37.5    NaN    NaN
237.5  42.5    NaN    NaN
237.5  47.5    NaN    NaN
237.5  52.5    NaN    NaN
237.5  57.5    NaN    NaN
237.5  62.5    NaN    NaN
237.5  67.5    NaN    NaN
237.5  72.5    NaN    NaN
237.5  77.5    NaN    NaN
237.5  82.5    NaN    NaN
237.5  87.5    NaN    NaN
242.5 -87.5    NaN    NaN
242.5 -82.5 0.5372 0.0890
242.5 -77.5 0.5145 0.0781
242.5 -72.5 0.5018 0.0919
242.5 -67.5 0.5035 0.0967
242.5 -62.5 0.5169 0.1010
242.5 -57.5 0.5315 0.0959
242.5 -52.5 0.5298 0.0921
242.5 -47.5 0.5050 0.0840
242.5 -42.5 0.4663 0.0679
242.5 -37.5 0.4399 0.0628
242.5 -32.5 0.4260 0.0701
242.5 -27.5 0.4255 0.0770
242.5 -22.5 0.4478 0.0621
242.5 -17.5 0.4410 0.0651
242.5 -12.5 0.4469 0.0524
242.5  -7.5 0.4345 0.0558
242.5  -2.5 0.4470 0.0360
242.5   2.5 0.4464 0.0399
242.5   7.5 0.4521 0.0578
242.5  12.5 0.4612 0.0628
242.5  17.5    NaN    NaN
242.5  22.5    NaN    NaN
242.5  27.5    NaN    NaN
242.5  32.5    NaN    NaN
242.5  37.5    NaN    NaN
242.5  42.5    NaN    NaN
242.5  47.5    NaN    NaN
242.5  52.5    NaN    NaN
242.5  57.5    NaN    NaN
242.5  62.5    NaN    NaN
242.5  67.5    NaN    NaN
242.5  72.5    NaN    NaN
242.5  77.5    NaN    NaN
242.5  82.5    NaN    NaN
242.5  87.5    NaN    NaN
247.5 -87.5    NaN    NaN
247.5 -82.5 0.5319 0.0980
247.5 -77.5 0.5178 0.0775
247.5 -72.5 0.5057 0.0921
247.5 -67.5 0.5075 0.0975
247.5 -62.5 0.5201 0.1033
247.5 -57.5 0.5334 0.0991
247.5 -52.5 0.5329 0.0925
247.5 -47.5 0.5082 0.0849
247.5 -42.5 0.4681 0.0687
247.5 -37.5 0.4408 0.0637
247.5 -32.5 0.4260 0.0703
247.5 -27.5 0.4230 0.0771
247.5 -22.5 0.4495 0.0633
247.5 -17.5 0.4461 0.0683
247.5 -12.5 0.4476 0.0554
247.5  -7.5 0.4535 0.0506
247.5  -2.5 0.4660 0.0388
247.5   2.5 0.4627 0.0459
247.5   7.5 0.4669 0.0542
247.5  12.5 0.5098 0.0200
247.5  17.5    NaN    NaN
247.5  22.5    NaN    NaN
247.5  27.5    NaN    NaN
247.5  32.5    NaN    NaN
247.5  37.5    NaN    NaN
247.5  42.5    NaN    NaN
247.5  47.5    NaN    NaN
247.5  52.5    NaN    NaN
247.5  57.5    NaN    NaN
247.5  62.5    NaN    NaN
247.5  67.5    NaN    NaN
247.5  72.5    NaN    NaN
247.5  77.5    NaN    NaN
247.5  82.5    NaN    NaN
247.5  87.5    NaN    NaN
252.5 -87.5    NaN    NaN
252.5 -82.5 0.5277 0.0972
252.5 -77.5 0.5216 0.0767
252.5 -72.5 0.5095 0.0937
252.5 -67.5 0.5127 0.0994
252.5 -62.5 0.5266 0.1050
252.5 -57.5 0.5396 0.1004
252.5 -52.5 0.5370 0.0933
252.5 -47.5 0.5109 0.0887
252.5 -42.5 0.4692 0.0722
252.5 -37.5 0.4400 0.0664
252.5 -32.5 0.4259 0.0718
252.5 -27.5 0.4241 0.0748
252.5 -22.5 0.4508 0.0642
252.5 -17.5 0.4499 0.0699
252.5 -12.5 0.4590 0.0592
252.5  -7.5 0.4733 0.0456
252.5  -2.5 0.4655 0.0539
252.5   2.5 0.4828 0.0613
252.5   7.5 0.5058 0.0482
252.5  12.5 0.5289 0.0173
252.5  17.5    NaN    NaN
252.5  22.5    NaN    NaN
252.5  27.5    NaN    NaN
252.5  32.5    NaN    NaN
252.5  37.5    NaN    NaN
252.5  42.5    NaN    NaN
252.5  47.5    NaN    NaN
252.5  52.5    NaN    NaN
252.5  57.5    NaN    NaN
252.5  62.5    NaN    NaN
252.5  67.5    NaN    NaN
252.5  72.5    NaN    NaN
252.5  77.5    NaN    NaN
252.5  82.5    NaN    NaN
252.5  87.5    NaN    NaN
257.5 -87.5    NaN    NaN
257.5 -82.5 0.5198 0.0997
257.5 -77.5 0.5273 0.0758
257.5 -72.5 0.5148 0.0950
257.5 -67.5 0.5186 0.1012
257.5 -62.5 0.5336 0.1065
257.5 -57.5 0.5432 0.1033
257.5 -52.5 0.5387 0.0962
257.5 -47.5 0.5123 0.0907
257.5 -42.5 0.4712 0.0729
257.5 -37.5 0.4423 0.0671
257.5 -32.5 0.4264 0.0733
257.5 -27.5 0.4214 0.0772
257.5 -22.5 0.4450 0.0699
257.5 -17.5 0.4568 0.0688
257.5 -12.5 0.4691 0.0574
257.5  -7.5 0.4790 0.0515
257.5  -2.5 0.4727 0.0628
257.5   2.5 0.4988 0.0655
257.5   7.5 0.5273 0.0398
257.5  12.5 0.5236 0.0318
257.5  17.5    NaN    NaN
257.5  22.5    NaN    NaN
257.5  27.5    NaN    NaN
257.5  32.5    NaN    NaN
257.5  37.5    NaN    NaN
257.5  42.5    NaN    NaN
257.5  47.5    NaN    NaN
257.5  52.5    NaN    NaN
257.5  57.5    NaN    NaN
257.5  62.5    NaN    NaN
257.5  67.5    NaN    NaN
257.5  72.5    NaN    NaN
257.5  77.5    NaN    NaN
257.5  82.5    NaN    NaN
257.5  87.5    NaN    NaN
262.5 -87.5    NaN    NaN
262.5 -82.5 0.5173 0.0984
262.5 -77.5 0.5314 0.0770
262.5 -72.5 0.5208 0.0961
262.5 -67.5 0.5225 0.1038
262.5 -62.5 0.5376 0.1097
262.5 -57.5 0.5484 0.1064
262.5 -52.5 0.5423 0.0977
262.5 -47.5 0.5149 0.0913
262.5 -42.5 0.4711 0.0742
262.5 -37.5 0.4430 0.0676
262.5 -32.5 0.4264 0.0730
262.5 -27.5 0.4210 0.0791
262.5 -22.5 0.4517 0.0694
262.5 -17.5 0.4682 0.0663
262.5 -12.5 0.4875 0.0529
262.5  -7.5 0.4888 0.0624
262.5  -2.5 0.4925 0.0715
262.5   2.5 0.5199 0.0582
262.5   7.5 0.5449 0.0339
262.5  12.5 0.5430 0.0353
262.5  17.5    NaN    NaN
262.5  22.5    NaN    NaN
262.5  27.5    NaN    NaN
262.5  32.5    NaN    NaN
262.5  37.5    NaN    NaN
262.5  42.5    NaN    NaN
262.5  47.5    NaN    NaN
262.5  52.5    NaN    NaN
262.5  57.5    NaN    NaN
262.5  62.5    NaN    NaN
262.5  67.5    NaN    NaN
262.5  72.5    NaN    NaN
262.5  77.5    NaN    NaN
262.5  82.5    NaN    NaN
262.5  87.5    NaN    NaN
267.5 -87.5    NaN    NaN
267.5 -82.5 0.5148 0.0996
267.5 -77.5 0.5378 0.0771
267.5 -72.5 0.5233 0.0983
267.5 -67.5 0.5257 0.1069
267.5 -62.5 0.5432 0.1124
267.5 -57.5 0.5516 0.1086
267.5 -52.5 0.5473 0.0981
267.5 -47.5 0.5182 0.0897
267.5 -42.5 0.4751 0.0740
267.5 -37.5 0.4454 0.0665
267.5 -32.5 0.4264 0.0721
267.5 -27.5 0.4220 0.0802
267.5 -22.5 0.4613 0.0644
267.5 -17.5 0.4749 0.0650
267.5 -12.5 0.4874 0.0619
267.5  -7.5 0.4967 0.0739
267.5  -2.5 0.5320 0.0620
267.5   2.5 0.5341 0.0566
267.5   7.5 0.5426 0.0477
267.5  12.5 0.5340 0.0590
267.5  17.5    NaN    NaN
267.5  22.5    NaN    NaN
267.5  27.5    NaN    NaN
267.5  32.5    NaN    NaN
267.5  37.5    NaN    NaN
267.5  42.5    NaN    NaN
267.5  47.5    NaN    NaN
267.5  52.5    NaN    NaN
267.5  57.5    NaN    NaN
267.5  62.5    NaN    NaN
267.5  67.5    NaN    NaN
267.5  72.5    NaN    NaN
267.5  77.5    NaN    NaN
267.5  82.5    NaN    NaN
267.5  87.5    NaN    NaN
272.5 -87.5    NaN    NaN
272.5 -82.5 0.5057 0.0956
272.5 -77.5 0.5439 0.0803
272.5 -72.5 0.5274 0.0992
272.5 -67.5 0.5298 0.1098
272.5 -62.5 0.5470 0.1146
272.5 -57.5 0.5562 0.1104
272.5 -52.5 0.5526 0.0998
272.5 -47.5 0.5208 0.0897
272.5 -42.5 0.4786 0.0740
272.5 -37.5 0.4500 0.0662
272.5 -32.5 0.4293 0.0721
272.5 -27.5 0.4264 0.0824
272.5 -22.5 0.4727 0.0604
272.5 -17.5 0.4882 0.0606
272.5 -12.5 0.4909 0.0693
272.5  -7.5 0.5069 0.0802
272.5  -2.5 0.5458 0.0572
272.5   2.5 0.5399 0.0539
272.5   7.5 0.5306 0.0518
272.5  12.5    NaN    NaN
272.5  17.5    NaN    NaN
272.5  22.5    NaN    NaN
272.5  27.5    NaN    NaN
272.5  32.5    NaN    NaN
272.5  37.5    NaN    NaN
272.5  42.5    NaN    NaN
272.5  47.5    NaN    NaN
272.5  52.5    NaN    NaN
272.5  57.5    NaN    NaN
272.5  62.5    NaN    NaN
272.5  67.5    NaN    NaN
272.5  72.5    NaN    NaN
272.5  77.5    NaN    NaN
272.5  82.5    NaN    NaN
272.5  87.5    NaN    NaN
277.5 -87.5    NaN    NaN
277.5 -82.5 0.5072 0.0880
277.5 -77.5 0.5488 0.0831
277.5 -72.5 0.5305 0.1007
277.5 -67.5 0.5342 0.1128
277.5 -62.5 0.5534 0.1170
277.5 -57.5 0.5651 0.1139
277.5 -52.5 0.5602 0.1010
277.5 -47.5 0.5269 0.0912
277.5 -42.5 0.4833 0.0758
277.5 -37.5 0.4540 0.0689
277.5 -32.5 0.4317 0.0746
277.5 -27.5 0.4342 0.0838
277.5 -22.5 0.4826 0.0619
277.5 -17.5 0.5006 0.0630
277.5 -12.5 0.5005 0.0759
277.5  -7.5 0.5327 0.0688
277.5  -2.5 0.5493 0.0557
277.5   2.5 0.5380 0.0526
277.5   7.5 0.5135 0.0537
277.5  12.5 0.4840 0.0201
277.5  17.5    NaN    NaN
277.5  22.5    NaN    NaN
277.5  27.5    NaN    NaN
277.5  32.5    NaN    NaN
277.5  37.5    NaN    NaN
277.5  42.5    NaN    NaN
277.5  47.5    NaN    NaN
277.5  52.5    NaN    NaN
277.5  57.5    NaN    NaN
277.5  62.5    NaN    NaN
277.5  67.5    NaN    NaN
277.5  72.5    NaN    NaN
277.5  77.5    NaN    NaN
277.5  82.5    NaN    NaN
277.5  87.5    NaN    NaN
282.5 -87.5    NaN    NaN
282.5 -82.5 0.4930 0.0841
282.5 -77.5 0.5518 0.0842
282.5 -72.5 0.5351 0.1005
282.5 -67.5 0.5353 0.1159
282.5 -62.5 0.5593 0.1201
282.5 -57.5 0.5736 0.1181
282.5 -52.5 0.5684 0.1050
282.5 -47.5 0.5350 0.0921
282.5 -42.5 0.4905 0.0779
282.5 -37.5 0.4594 0.0731
282.5 -32.5 0.4370 0.0791
282.5 -27.5 0.4406 0.0874
282.5 -22.5 0.4850 0.0689
282.5 -17.5 0.5030 0.0709
282.5 -12.5 0.5172 0.0735
282.5  -7.5 0.5386 0.0604
282.5  -2.5 0.5225 0.0663
282.5   2.5 0.5225 0.0469
282.5   7.5 0.4923 0.0270
282.5  12.5 0.4920 0.0210
282.5  17.5    NaN    NaN
282.5  22.5    NaN    NaN
282.5  27.5    NaN    NaN
282.5  32.5    NaN    NaN
282.5  37.5    NaN    NaN
282.5  42.5    NaN    NaN
282.5  47.5    NaN    NaN
282.5  52.5    NaN    NaN
282.5  57.5    NaN    NaN
282.5  62.5    NaN    NaN
282.5  67.5    NaN    NaN
282.5  72.5    NaN    NaN
282.5  77.5    NaN    NaN
282.5  82.5    NaN    NaN
282.5  87.5    NaN    NaN
287.5 -87.5    NaN    NaN
287.5 -82.5 0.4920 0.0713
287.5 -77.5 0.5539 0.0854
287.5 -72.5 0.5392 0.1005
287.5 -67.5 0.5431 0.1169
287.5 -62.5 0.5680 0.1234
287.5 -57.5 0.5833 0.1228
287.5 -52.5 0.5759 0.1096
287.5 -47.5 0.5406 0.0954
287.5 -42.5 0.4948 0.0820
287.5 -37.5 0.4627 0.0780
287.5 -32.5 0.4401 0.0845
287.5 -27.5 0.4435 0.0918
287.5 -22.5 0.4863 0.0750
287.5 -17.5 0.4997 0.0736
287.5 -12.5 0.5324 0.0568
287.5  -7.5 0.5283 0.0536
287.5  -2.5 0.5038 0.0566
287.5   2.5 0.4620 0.0604
287.5   7.5 0.4831 0.0255
287.5  12.5 0.4903 0.0152
287.5  17.5    NaN    NaN
287.5  22.5    NaN    NaN
287.5  27.5    NaN    NaN
287.5  32.5    NaN    NaN
287.5  37.5    NaN    NaN
287.5  42.5    NaN    NaN
287.5  47.5    NaN    NaN
287.5  52.5    NaN    NaN
287.5  57.5    NaN    NaN
287.5  62.5    NaN    NaN
287.5  67.5    NaN    NaN
287.5  72.5    NaN    NaN
287.5  77.5    NaN    NaN
287.5  82.5    NaN    NaN
287.5  87.5    NaN    NaN
292.5 -87.5    NaN    NaN
292.5 -82.5 0.4905 0.0593
292.5 -77.5 0.5575 0.0845
292.5 -72.5 0.5464 0.1007
292.5 -67.5 0.5487 0.1201
292.5 -62.5 0.5766 0.1259
292.5 -57.5 0.5932 0.1268
292.5 -52.5 0.5840 0.1146
292.5 -47.5 0.5463 0.1000
292.5 -42.5 0.5001 0.0862
292.5 -37.5 0.4666 0.0813
292.5 -32.5 0.4429 0.0886
292.5 -27.5 0.4477 0.0950
292.5 -22.5 0.4909 0.0775
292.5 -17.5 0.5041 0.0734
292.5 -12.5 0.5331 0.0489
292.5  -7.5 0.5143 0.0497
292.5  -2.5 0.4962 0.0492
292.5   2.5 0.4473 0.0305
292.5   7.5 0.4471 0.0271
292.5  12.5 0.4910 0.0132
292.5  17.5 0.4852    NaN
292.5  22.5    NaN    NaN
292.5  27.5    NaN    NaN
292.5  32.5    NaN    NaN
292.5  37.5    NaN    NaN
292.5  42.5    NaN    NaN
292.5  47.5    NaN    NaN
292.5  52.5    NaN    NaN
292.5  57.5    NaN    NaN
292.5  62.5    NaN    NaN
292.5  67.5    NaN    NaN
292.5  72.5    NaN    NaN
292.5  77.5    NaN    NaN
292.5  82.5    NaN    NaN
292.5  87.5    NaN    NaN
297.5 -87.5    NaN    NaN
297.5 -82.5 0.4797 0.0609
297.5 -77.5 0.5627 0.0836
297.5 -72.5 0.5528 0.1010
297.5 -67.5 0.5543 0.1227
297.5 -62.5 0.5805 0.1312
297.5 -57.5 0.5993 0.1322
297.5 -52.5 0.5886 0.1223
297.5 -47.5 0.5524 0.1057
297.5 -42.5 0.5042 0.0900
297.5 -37.5 0.4687 0.0837
297.5 -32.5 0.4444 0.0914
297.5 -27.5 0.4508 0.0959
297.5 -22.5 0.4878 0.0806
297.5 -17.5 0.5127 0.0672
297.5 -12.5 0.5200 0.0478
297.5  -7.5 0.4998 0.0480
297.5  -2.5 0.5111 0.0290
297.5   2.5 0.4873 0.0299
297.5   7.5 0.4513 0.0217
297.5  12.5 0.4789    NaN
297.5  17.5    NaN    NaN
297.5  22.5    NaN    NaN
297.5  27.5    NaN    NaN
297.5  32.5    NaN    NaN
297.5  37.5    NaN    NaN
297.5  42.5    NaN    NaN
297.5  47.5    NaN    NaN
297.5  52.5    NaN    NaN
297.5  57.5    NaN    NaN
297.5  62.5    NaN    NaN
297.5  67.5    NaN    NaN
297.5  72.5    NaN    NaN
297.5  77.5    NaN    NaN
297.5  82.5    NaN    NaN
297.5  87.5    NaN    NaN
302.5 -87.5    NaN    NaN
302.5 -82.5 0.4424 0.0600
302.5 -77.5 0.5655 0.0840
302.5 -72.5 0.5585 0.1010
302.5 -67.5 0.5611 0.1234
302.5 -62.5 0.5867 0.1332
302.5 -57.5 0.6042 0.1367
302.5 -52.5 0.5934 0.1286
302.5 -47.5 0.5568 0.1120
302.5 -42.5 0.5066 0.0927
302.5 -37.5 0.4687 0.0840
302.5 -32.5 0.4450 0.0913
302.5 -27.5 0.4541 0.0943
302.5 -22.5 0.4852 0.0754
302.5 -17.5 0.5197 0.0547
302.5 -12.5 0.5018 0.0504
302.5  -7.5 0.5042 0.0493
302.5  -2.5 0.5476 0.0245
302.5   2.5 0.5202 0.0281
302.5   7.5 0.4922 0.0228
302.5  12.5 0.4566 0.0215
302.5  17.5    NaN    NaN
302.5  22.5    NaN    NaN
302.5  27.5    NaN    NaN
302.5  32.5    NaN    NaN
302.5  37.5    NaN    NaN
302.5  42.5    NaN    NaN
302.5  47.5    NaN    NaN
302.5  52.5    NaN    NaN
302.5  57.5    NaN    NaN
302.5  62.5    NaN    NaN
302.5  67.5    NaN    NaN
302.5  72.5    NaN    NaN
302.5  77.5    NaN    NaN
302.5  82.5    NaN    NaN
302.5  87.5    NaN    NaN
307.5 -87.5    NaN    NaN
307.5 -82.5 0.4139 0.0434
307.5 -77.5 0.5693 0.0834
307.5 -72.5 0.5621 0.1029
307.5 -67.5 0.5632 0.1275
307.5 -62.5 0.5872 0.1376
307.5 -57.5 0.6075 0.1407
307.5 -52.5 0.6001 0.1329
307.5 -47.5 0.5620 0.1165
307.5 -42.5 0.5089 0.0955
307.5 -37.5 0.4681 0.0839
307.5 -32.5 0.4433 0.0898
307.5 -27.5 0.4506 0.0925
307.5 -22.5 0.4744 0.0751
307.5 -17.5 0.4996 0.0530
307.5 -12.5 0.4789 0.0590
307.5  -7.5 0.5366 0.0457
307.5  -2.5 0.5626 0.0233
307.5   2.5 0.5497 0.0239
307.5   7.5 0.5269 0.0204
307.5  12.5 0.4867 0.0159
307.5  17.5    NaN    NaN
307.5  22.5    NaN    NaN
307.5  27.5    NaN    NaN
307.5  32.5    NaN    NaN
307.5  37.5    NaN    NaN
307.5  42.5    NaN    NaN
307.5  47.5    NaN    NaN
307.5  52.5    NaN    NaN
307.5  57.5    NaN    NaN
307.5  62.5    NaN    NaN
307.5  67.5    NaN    NaN
307.5  72.5    NaN    NaN
307.5  77.5    NaN    NaN
307.5  82.5    NaN    NaN
307.5  87.5    NaN    NaN
312.5 -87.5    NaN    NaN
312.5 -82.5 0.4181 0.0445
312.5 -77.5 0.5732 0.0837
312.5 -72.5 0.5621 0.1070
312.5 -67.5 0.5693 0.1293
312.5 -62.5 0.5916 0.1393
312.5 -57.5 0.6068 0.1454
312.5 -52.5 0.6005 0.1406
312.5 -47.5 0.5653 0.1222
312.5 -42.5 0.5101 0.1006
312.5 -37.5 0.4665 0.0839
312.5 -32.5 0.4394 0.0878
312.5 -27.5 0.4425 0.0901
312.5 -22.5 0.4648 0.0767
312.5 -17.5 0.4716 0.0541
312.5 -12.5 0.4745 0.0595
312.5  -7.5 0.5557 0.0050
312.5  -2.5 0.5580 0.0176
312.5   2.5 0.5551 0.0162
312.5   7.5 0.5421 0.0154
312.5  12.5 0.5114 0.0153
312.5  17.5 0.4879 0.0176
312.5  22.5    NaN    NaN
312.5  27.5    NaN    NaN
312.5  32.5    NaN    NaN
312.5  37.5    NaN    NaN
312.5  42.5    NaN    NaN
312.5  47.5    NaN    NaN
312.5  52.5    NaN    NaN
312.5  57.5    NaN    NaN
312.5  62.5    NaN    NaN
312.5  67.5    NaN    NaN
312.5  72.5    NaN    NaN
312.5  77.5    NaN    NaN
312.5  82.5    NaN    NaN
312.5  87.5    NaN    NaN
317.5 -87.5    NaN    NaN
317.5 -82.5 0.4183 0.0469
317.5 -77.5 0.5743 0.0898
317.5 -72.5 0.5624 0.1124
317.5 -67.5 0.5691 0.1337
317.5 -62.5 0.5906 0.1430
317.5 -57.5 0.6088 0.1477
317.5 -52.5 0.6037 0.1446
317.5 -47.5 0.5692 0.1266
317.5 -42.5 0.5109 0.1034
317.5 -37.5 0.4646 0.0830
317.5 -32.5 0.4370 0.0835
317.5 -27.5 0.4373 0.0828
317.5 -22.5 0.4503 0.0720
317.5 -17.5 0.4464 0.0559
317.5 -12.5 0.4717 0.0601
317.5  -7.5 0.5243 0.0097
317.5  -2.5 0.5317 0.0039
317.5   2.5 0.5393 0.0068
317.5   7.5 0.5343 0.0057
317.5  12.5 0.5264 0.0127
317.5  17.5 0.5063 0.0173
317.5  22.5    NaN    NaN
317.5  27.5    NaN    NaN
317.5  32.5    NaN    NaN
317.5  37.5    NaN    NaN
317.5  42.5    NaN    NaN
317.5  47.5    NaN    NaN
317.5  52.5    NaN    NaN
317.5  57.5    NaN    NaN
317.5  62.5    NaN    NaN
317.5  67.5    NaN    NaN
317.5  72.5    NaN    NaN
317.5  77.5    NaN    NaN
317.5  82.5    NaN    NaN
317.5  87.5    NaN    NaN
322.5 -87.5    NaN    NaN
322.5 -82.5 0.4172 0.0488
322.5 -77.5 0.5756 0.0922
322.5 -72.5 0.5658 0.1179
322.5 -67.5 0.5752 0.1349
322.5 -62.5 0.5914 0.1457
322.5 -57.5 0.6099 0.1485
322.5 -52.5 0.6046 0.1466
322.5 -47.5 0.5729 0.1305
322.5 -42.5 0.5128 0.1054
322.5 -37.5 0.4638 0.0815
322.5 -32.5 0.4320 0.0778
322.5 -27.5 0.4269 0.0795
322.5 -22.5 0.4277 0.0654
322.5 -17.5 0.4303 0.0537
322.5 -12.5 0.4466 0.0402
322.5  -7.5 0.4815 0.0171
322.5  -2.5 0.4923 0.0054
322.5   2.5 0.5088 0.0021
322.5   7.5 0.5165 0.0032
322.5  12.5 0.5239 0.0074
322.5  17.5 0.5167 0.0107
322.5  22.5    NaN    NaN
322.5  27.5    NaN    NaN
322.5  32.5    NaN    NaN
322.5  37.5    NaN    NaN
322.5  42.5    NaN    NaN
322.5  47.5    NaN    NaN
322.5  52.5    NaN    NaN
322.5  57.5    NaN    NaN
322.5  62.5    NaN    NaN
322.5  67.5    NaN    NaN
322.5  72.5    NaN    NaN
322.5  77.5    NaN    NaN
322.5  82.5    NaN    NaN
322.5  87.5    NaN    NaN
327.5 -87.5    NaN    NaN
327.5 -82.5 0.4061 0.0507
327.5 -77.5 0.5719 0.0995
327.5 -72.5 0.5691 0.1209
327.5 -67.5 0.5755 0.1375
327.5 -62.5 0.5976 0.1446
327.5 -57.5 0.6137 0.1486
327.5 -52.5 0.6099 0.1439
327.5 -47.5 0.5796 0.1321
327.5 -42.5 0.5191 0.1059
327.5 -37.5 0.4666 0.0793
327.5 -32.5 0.4267 0.0736
327.5 -27.5 0.4185 0.0717
327.5 -22.5 0.4147 0.0582
327.5 -17.5 0.3959 0.0631
327.5 -12.5 0.4170 0.0319
327.5  -7.5 0.4643 0.0116
327.5  -2.5 0.4682 0.0007
327.5   2.5 0.4809 0.0006
327.5   7.5 0.4904 0.0008
327.5  12.5 0.5106 0.0013
327.5  17.5 0.5109 0.0015
327.5  22.5    NaN    NaN
327.5  27.5    NaN    NaN
327.5  32.5    NaN    NaN
327.5  37.5    NaN    NaN
327.5  42.5    NaN    NaN
327.5  47.5    NaN    NaN
327.5  52.5    NaN    NaN
327.5  57.5    NaN    NaN
327.5  62.5    NaN    NaN
327.5  67.5    NaN    NaN
327.5  72.5    NaN    NaN
327.5  77.5    NaN    NaN
327.5  82.5    NaN    NaN
327.5  87.5    NaN    NaN
332.5 -87.5    NaN    NaN
332.5 -82.5 0.4107 0.0518
332.5 -77.5 0.5753 0.1036
332.5 -72.5 0.5704 0.1235
332.5 -67.5 0.5762 0.1416
332.5 -62.5 0.5954 0.1468
332.5 -57.5 0.6139 0.1475
332.5 -52.5 0.6099 0.1443
332.5 -47.5 0.5793 0.1328
332.5 -42.5 0.5216 0.1082
332.5 -37.5 0.4649 0.0772
332.5 -32.5 0.4231 0.0686
332.5 -27.5 0.4094 0.0701
332.5 -22.5 0.4065 0.0534
332.5 -17.5 0.3562 0.0445
332.5 -12.5 0.3735 0.0546
332.5  -7.5 0.4432 0.0004
332.5  -2.5 0.4396 0.0009
332.5   2.5 0.4567 0.0014
332.5   7.5 0.4718 0.0015
332.5  12.5    NaN    NaN
332.5  17.5    NaN    NaN
332.5  22.5    NaN    NaN
332.5  27.5    NaN    NaN
332.5  32.5    NaN    NaN
332.5  37.5    NaN    NaN
332.5  42.5    NaN    NaN
332.5  47.5    NaN    NaN
332.5  52.5    NaN    NaN
332.5  57.5    NaN    NaN
332.5  62.5    NaN    NaN
332.5  67.5    NaN    NaN
332.5  72.5    NaN    NaN
332.5  77.5    NaN    NaN
332.5  82.5    NaN    NaN
332.5  87.5    NaN    NaN
337.5 -87.5    NaN    NaN
337.5 -82.5 0.4075 0.0520
337.5 -77.5 0.5737 0.1066
337.5 -72.5 0.5714 0.1265
337.5 -67.5 0.5777 0.1435
337.5 -62.5 0.5951 0.1483
337.5 -57.5 0.6121 0.1497
337.5 -52.5 0.6076 0.1445
337.5 -47.5 0.5782 0.1316
337.5 -42.5 0.5237 0.1105
337.5 -37.5 0.4633 0.0757
337.5 -32.5 0.4197 0.0636
337.5 -27.5 0.4041 0.0640
337.5 -22.5 0.3962 0.0529
337.5 -17.5 0.3390 0.0344
337.5 -12.5 0.3295 0.0286
337.5  -7.5 0.3478    NaN
337.5  -2.5    NaN    NaN
337.5   2.5    NaN    NaN
337.5   7.5    NaN    NaN
337.5  12.5    NaN    NaN
337.5  17.5    NaN    NaN
337.5  22.5    NaN    NaN
337.5  27.5    NaN    NaN
337.5  32.5    NaN    NaN
337.5  37.5    NaN    NaN
337.5  42.5    NaN    NaN
337.5  47.5    NaN    NaN
337.5  52.5    NaN    NaN
337.5  57.5    NaN    NaN
337.5  62.5    NaN    NaN
337.5  67.5    NaN    NaN
337.5  72.5    NaN    NaN
337.5  77.5    NaN    NaN
337.5  82.5    NaN    NaN
337.5  87.5    NaN    NaN
342.5 -87.5    NaN    NaN
342.5 -82.5 0.4165 0.0586
342.5 -77.5 0.5696 0.1098
342.5 -72.5 0.5762 0.1273
342.5 -67.5 0.5834 0.1447
342.5 -62.5 0.5934 0.1517
342.5 -57.5 0.6108 0.1504
342.5 -52.5 0.6080 0.1453
342.5 -47.5 0.5767 0.1316
342.5 -42.5 0.5246 0.1100
342.5 -37.5 0.4602 0.0741
342.5 -32.5 0.4142 0.0619
342.5 -27.5 0.3977 0.0604
342.5 -22.5 0.3869 0.0563
342.5 -17.5 0.3405 0.0292
342.5 -12.5 0.3320 0.0171
342.5  -7.5 0.3470 0.0016
342.5  -2.5    NaN    NaN
342.5   2.5    NaN    NaN
342.5   7.5    NaN    NaN
342.5  12.5    NaN    NaN
342.5  17.5    NaN    NaN
342.5  22.5    NaN    NaN
342.5  27.5    NaN    NaN
342.5  32.5    NaN    NaN
342.5  37.5    NaN    NaN
342.5  42.5    NaN    NaN
342.5  47.5    NaN    NaN
342.5  52.5    NaN    NaN
342.5  57.5    NaN    NaN
342.5  62.5    NaN    NaN
342.5  67.5    NaN    NaN
342.5  72.5    NaN    NaN
342.5  77.5    NaN    NaN
342.5  82.5    NaN    NaN
342.5  87.5    NaN    NaN
347.5 -87.5    NaN    NaN
347.5 -82.5 0.4079 0.0610
347.5 -77.5 0.5671 0.1111
347.5 -72.5 0.5770 0.1285
347.5 -67.5 0.5847 0.1475
347.5 -62.5 0.6008 0.1507
347.5 -57.5 0.6139 0.1501
347.5 -52.5 0.6100 0.1448
347.5 -47.5 0.5781 0.1314
347.5 -42.5 0.5259 0.1107
347.5 -37.5 0.4602 0.0746
347.5 -32.5 0.4079 0.0602
347.5 -27.5 0.3874 0.0540
347.5 -22.5 0.3750 0.0440
347.5 -17.5 0.3455 0.0269
347.5 -12.5 0.3368 0.0111
347.5  -7.5 0.3464 0.0078
347.5  -2.5    NaN    NaN
347.5   2.5    NaN    NaN
347.5   7.5    NaN    NaN
347.5  12.5    NaN    NaN
347.5  17.5    NaN    NaN
347.5  22.5    NaN    NaN
347.5  27.5    NaN    NaN
347.5  32.5    NaN    NaN
347.5  37.5    NaN    NaN
347.5  42.5    NaN    NaN
347.5  47.5    NaN    NaN
347.5  52.5    NaN    NaN
347.5  57.5    NaN    NaN
347.5  62.5    NaN    NaN
347.5  67.5    NaN    NaN
347.5  72.5    NaN    NaN
347.5  77.5    NaN    NaN
347.5  82.5    NaN    NaN
347.5  87.5    NaN    NaN
352.5 -87.5    NaN    NaN
352.5 -82.5 0.4397 0.0450
352.5 -77.5 0.5670 0.1123
352.5 -72.5 0.5765 0.1287
352.5 -67.5 0.5875 0.1490
352.5 -62.5 0.5998 0.1535
352.5 -57.5 0.6130 0.1498
352.5 -52.5 0.6099 0.1441
352.5 -47.5 0.5770 0.1305
352.5 -42.5 0.5242 0.1092
352.5 -37.5 0.4593 0.0727
352.5 -32.5 0.4051 0.0558
352.5 -27.5 0.3793 0.0505
352.5 -22.5 0.3797 0.0477
352.5 -17.5 0.3501 0.0289
352.5 -12.5 0.3455 0.0133
352.5  -7.5 0.3357 0.0089
352.5  -2.5    NaN    NaN
352.5   2.5    NaN    NaN
352.5   7.5    NaN    NaN
352.5  12.5    NaN    NaN
352.5  17.5    NaN    NaN
352.5  22.5    NaN    NaN
352.5  27.5    NaN    NaN
352.5  32.5    NaN    NaN
352.5  37.5    NaN    NaN
352.5  42.5    NaN    NaN
352.5  47.5    NaN    NaN
352.5  52.5    NaN    NaN
352.5  57.5    NaN    NaN
352.5  62.5    NaN    NaN
352.5  67.5    NaN    NaN
352.5  72.5    NaN    NaN
352.5  77.5    NaN    NaN
352.5  82.5    NaN    NaN
352.5  87.5    NaN    NaN
357.5 -87.5    NaN    NaN
357.5 -82.5 0.4418 0.0440
357.5 -77.5 0.5621 0.1141
357.5 -72.5 0.5775 0.1284
357.5 -67.5 0.5866 0.1485
357.5 -62.5 0.6025 0.1538
357.5 -57.5 0.6137 0.1506
357.5 -52.5 0.6095 0.1447
357.5 -47.5 0.5730 0.1318
357.5 -42.5 0.5189 0.1092
357.5 -37.5 0.4557 0.0734
357.5 -32.5 0.4000 0.0534
357.5 -27.5 0.3808 0.0490
357.5 -22.5 0.3743 0.0555
357.5 -17.5 0.3535 0.0340
357.5 -12.5 0.3660 0.0289
357.5  -7.5 0.3325 0.0183
357.5  -2.5    NaN    NaN
357.5   2.5    NaN    NaN
357.5   7.5    NaN    NaN
357.5  12.5    NaN    NaN
357.5  17.5    NaN    NaN
357.5  22.5    NaN    NaN
357.5  27.5    NaN    NaN
357.5  32.5    NaN    NaN
357.5  37.5    NaN    NaN
357.5  42.5    NaN    NaN
357.5  47.5    NaN    NaN
357.5  52.5    NaN    NaN
357.5  57.5    NaN    NaN
357.5  62.5    NaN    NaN
357.5  67.5    NaN    NaN
357.5  72.5    NaN    NaN
357.5  77.5    NaN    NaN
357.5  82.5    NaN    NaN
357.5  87.5    NaN    NaN
