# Production date: 2020/April/17
# Fixed condition: Pha 95-100 deg
# Data description: Mean albedo distribution as a function of lon and lat
# Details on the data: Lee et al. JGR:planets
#--------------------------------------
# lon [deg], lat [deg], mean albedo [unitless], standard deviation
#--------------------------------------
  2.5 -87.5    NaN    NaN
  2.5 -82.5 0.4168 0.0402
  2.5 -77.5 0.4348 0.0844
  2.5 -72.5 0.4518 0.1166
  2.5 -67.5 0.4550 0.1273
  2.5 -62.5 0.4752 0.1248
  2.5 -57.5 0.4927 0.1238
  2.5 -52.5 0.4927 0.1222
  2.5 -47.5 0.4728 0.1149
  2.5 -42.5 0.4370 0.0992
  2.5 -37.5 0.3948 0.0727
  2.5 -32.5 0.3623 0.0452
  2.5 -27.5 0.3460 0.0435
  2.5 -22.5 0.3312 0.0407
  2.5 -17.5 0.3120 0.0434
  2.5 -12.5 0.3311 0.0387
  2.5  -7.5 0.3488 0.0320
  2.5  -2.5 0.3841 0.0160
  2.5   2.5    NaN    NaN
  2.5   7.5    NaN    NaN
  2.5  12.5    NaN    NaN
  2.5  17.5    NaN    NaN
  2.5  22.5    NaN    NaN
  2.5  27.5    NaN    NaN
  2.5  32.5    NaN    NaN
  2.5  37.5    NaN    NaN
  2.5  42.5    NaN    NaN
  2.5  47.5    NaN    NaN
  2.5  52.5    NaN    NaN
  2.5  57.5    NaN    NaN
  2.5  62.5    NaN    NaN
  2.5  67.5    NaN    NaN
  2.5  72.5    NaN    NaN
  2.5  77.5    NaN    NaN
  2.5  82.5    NaN    NaN
  2.5  87.5    NaN    NaN
  7.5 -87.5    NaN    NaN
  7.5 -82.5 0.4189 0.0421
  7.5 -77.5 0.4280 0.0788
  7.5 -72.5 0.4415 0.1114
  7.5 -67.5 0.4511 0.1208
  7.5 -62.5 0.4703 0.1192
  7.5 -57.5 0.4876 0.1169
  7.5 -52.5 0.4899 0.1174
  7.5 -47.5 0.4713 0.1112
  7.5 -42.5 0.4366 0.0964
  7.5 -37.5 0.3928 0.0706
  7.5 -32.5 0.3621 0.0447
  7.5 -27.5 0.3464 0.0433
  7.5 -22.5 0.3320 0.0425
  7.5 -17.5 0.3116 0.0447
  7.5 -12.5 0.3313 0.0402
  7.5  -7.5 0.3473 0.0305
  7.5  -2.5 0.3643 0.0092
  7.5   2.5    NaN    NaN
  7.5   7.5    NaN    NaN
  7.5  12.5    NaN    NaN
  7.5  17.5    NaN    NaN
  7.5  22.5    NaN    NaN
  7.5  27.5    NaN    NaN
  7.5  32.5    NaN    NaN
  7.5  37.5    NaN    NaN
  7.5  42.5    NaN    NaN
  7.5  47.5    NaN    NaN
  7.5  52.5    NaN    NaN
  7.5  57.5    NaN    NaN
  7.5  62.5    NaN    NaN
  7.5  67.5    NaN    NaN
  7.5  72.5    NaN    NaN
  7.5  77.5    NaN    NaN
  7.5  82.5    NaN    NaN
  7.5  87.5    NaN    NaN
 12.5 -87.5    NaN    NaN
 12.5 -82.5 0.4209 0.0409
 12.5 -77.5 0.4168 0.0671
 12.5 -72.5 0.4368 0.1056
 12.5 -67.5 0.4446 0.1140
 12.5 -62.5 0.4669 0.1133
 12.5 -57.5 0.4848 0.1098
 12.5 -52.5 0.4867 0.1126
 12.5 -47.5 0.4687 0.1074
 12.5 -42.5 0.4339 0.0941
 12.5 -37.5 0.3900 0.0677
 12.5 -32.5 0.3619 0.0454
 12.5 -27.5 0.3457 0.0448
 12.5 -22.5 0.3311 0.0428
 12.5 -17.5 0.3102 0.0478
 12.5 -12.5 0.3315 0.0393
 12.5  -7.5 0.3320 0.0320
 12.5  -2.5 0.3539    NaN
 12.5   2.5    NaN    NaN
 12.5   7.5    NaN    NaN
 12.5  12.5    NaN    NaN
 12.5  17.5    NaN    NaN
 12.5  22.5    NaN    NaN
 12.5  27.5    NaN    NaN
 12.5  32.5    NaN    NaN
 12.5  37.5    NaN    NaN
 12.5  42.5    NaN    NaN
 12.5  47.5    NaN    NaN
 12.5  52.5    NaN    NaN
 12.5  57.5    NaN    NaN
 12.5  62.5    NaN    NaN
 12.5  67.5    NaN    NaN
 12.5  72.5    NaN    NaN
 12.5  77.5    NaN    NaN
 12.5  82.5    NaN    NaN
 12.5  87.5    NaN    NaN
 17.5 -87.5    NaN    NaN
 17.5 -82.5 0.4311 0.0372
 17.5 -77.5 0.4108 0.0615
 17.5 -72.5 0.4327 0.1003
 17.5 -67.5 0.4405 0.1061
 17.5 -62.5 0.4616 0.1043
 17.5 -57.5 0.4826 0.1023
 17.5 -52.5 0.4853 0.1068
 17.5 -47.5 0.4666 0.1035
 17.5 -42.5 0.4313 0.0907
 17.5 -37.5 0.3864 0.0630
 17.5 -32.5 0.3600 0.0446
 17.5 -27.5 0.3438 0.0448
 17.5 -22.5 0.3296 0.0445
 17.5 -17.5 0.3114 0.0487
 17.5 -12.5 0.3447 0.0239
 17.5  -7.5 0.3250 0.0287
 17.5  -2.5 0.3297    NaN
 17.5   2.5    NaN    NaN
 17.5   7.5    NaN    NaN
 17.5  12.5    NaN    NaN
 17.5  17.5    NaN    NaN
 17.5  22.5    NaN    NaN
 17.5  27.5    NaN    NaN
 17.5  32.5    NaN    NaN
 17.5  37.5    NaN    NaN
 17.5  42.5    NaN    NaN
 17.5  47.5    NaN    NaN
 17.5  52.5    NaN    NaN
 17.5  57.5    NaN    NaN
 17.5  62.5    NaN    NaN
 17.5  67.5    NaN    NaN
 17.5  72.5    NaN    NaN
 17.5  77.5    NaN    NaN
 17.5  82.5    NaN    NaN
 17.5  87.5    NaN    NaN
 22.5 -87.5    NaN    NaN
 22.5 -82.5 0.4334 0.0401
 22.5 -77.5 0.4073 0.0581
 22.5 -72.5 0.4247 0.0932
 22.5 -67.5 0.4353 0.0992
 22.5 -62.5 0.4586 0.0981
 22.5 -57.5 0.4798 0.0955
 22.5 -52.5 0.4834 0.0997
 22.5 -47.5 0.4657 0.0989
 22.5 -42.5 0.4300 0.0864
 22.5 -37.5 0.3845 0.0575
 22.5 -32.5 0.3587 0.0453
 22.5 -27.5 0.3436 0.0454
 22.5 -22.5 0.3298 0.0466
 22.5 -17.5 0.3091 0.0512
 22.5 -12.5 0.3420 0.0286
 22.5  -7.5 0.3273 0.0234
 22.5  -2.5 0.3739    NaN
 22.5   2.5    NaN    NaN
 22.5   7.5    NaN    NaN
 22.5  12.5    NaN    NaN
 22.5  17.5    NaN    NaN
 22.5  22.5    NaN    NaN
 22.5  27.5    NaN    NaN
 22.5  32.5    NaN    NaN
 22.5  37.5    NaN    NaN
 22.5  42.5    NaN    NaN
 22.5  47.5    NaN    NaN
 22.5  52.5    NaN    NaN
 22.5  57.5    NaN    NaN
 22.5  62.5    NaN    NaN
 22.5  67.5    NaN    NaN
 22.5  72.5    NaN    NaN
 22.5  77.5    NaN    NaN
 22.5  82.5    NaN    NaN
 22.5  87.5    NaN    NaN
 27.5 -87.5    NaN    NaN
 27.5 -82.5 0.4437 0.0368
 27.5 -77.5 0.4047 0.0602
 27.5 -72.5 0.4172 0.0859
 27.5 -67.5 0.4312 0.0918
 27.5 -62.5 0.4518 0.0905
 27.5 -57.5 0.4744 0.0893
 27.5 -52.5 0.4789 0.0936
 27.5 -47.5 0.4633 0.0965
 27.5 -42.5 0.4275 0.0847
 27.5 -37.5 0.3823 0.0543
 27.5 -32.5 0.3571 0.0459
 27.5 -27.5 0.3414 0.0469
 27.5 -22.5 0.3280 0.0502
 27.5 -17.5 0.3120 0.0535
 27.5 -12.5 0.3341 0.0381
 27.5  -7.5 0.3189 0.0408
 27.5  -2.5 0.3178 0.0502
 27.5   2.5 0.3190 0.0499
 27.5   7.5 0.3156 0.0411
 27.5  12.5 0.3108 0.0048
 27.5  17.5 0.3321    NaN
 27.5  22.5    NaN    NaN
 27.5  27.5    NaN    NaN
 27.5  32.5    NaN    NaN
 27.5  37.5    NaN    NaN
 27.5  42.5    NaN    NaN
 27.5  47.5    NaN    NaN
 27.5  52.5    NaN    NaN
 27.5  57.5    NaN    NaN
 27.5  62.5    NaN    NaN
 27.5  67.5    NaN    NaN
 27.5  72.5    NaN    NaN
 27.5  77.5    NaN    NaN
 27.5  82.5    NaN    NaN
 27.5  87.5    NaN    NaN
 32.5 -87.5    NaN    NaN
 32.5 -82.5 0.4472 0.0354
 32.5 -77.5 0.4090 0.0596
 32.5 -72.5 0.4112 0.0780
 32.5 -67.5 0.4246 0.0835
 32.5 -62.5 0.4490 0.0834
 32.5 -57.5 0.4708 0.0838
 32.5 -52.5 0.4778 0.0885
 32.5 -47.5 0.4616 0.0916
 32.5 -42.5 0.4248 0.0801
 32.5 -37.5 0.3807 0.0533
 32.5 -32.5 0.3554 0.0465
 32.5 -27.5 0.3397 0.0479
 32.5 -22.5 0.3273 0.0512
 32.5 -17.5 0.3115 0.0545
 32.5 -12.5 0.3301 0.0342
 32.5  -7.5 0.3351 0.0366
 32.5  -2.5 0.3324 0.0358
 32.5   2.5 0.3474 0.0419
 32.5   7.5 0.3578 0.0369
 32.5  12.5 0.3437 0.0321
 32.5  17.5 0.3316    NaN
 32.5  22.5    NaN    NaN
 32.5  27.5    NaN    NaN
 32.5  32.5    NaN    NaN
 32.5  37.5    NaN    NaN
 32.5  42.5    NaN    NaN
 32.5  47.5    NaN    NaN
 32.5  52.5    NaN    NaN
 32.5  57.5    NaN    NaN
 32.5  62.5    NaN    NaN
 32.5  67.5    NaN    NaN
 32.5  72.5    NaN    NaN
 32.5  77.5    NaN    NaN
 32.5  82.5    NaN    NaN
 32.5  87.5    NaN    NaN
 37.5 -87.5    NaN    NaN
 37.5 -82.5 0.4485 0.0363
 37.5 -77.5 0.4099 0.0585
 37.5 -72.5 0.4084 0.0721
 37.5 -67.5 0.4217 0.0770
 37.5 -62.5 0.4436 0.0761
 37.5 -57.5 0.4680 0.0784
 37.5 -52.5 0.4720 0.0838
 37.5 -47.5 0.4567 0.0867
 37.5 -42.5 0.4200 0.0782
 37.5 -37.5 0.3782 0.0526
 37.5 -32.5 0.3538 0.0473
 37.5 -27.5 0.3373 0.0487
 37.5 -22.5 0.3260 0.0521
 37.5 -17.5 0.3193 0.0473
 37.5 -12.5 0.3270 0.0304
 37.5  -7.5 0.3444 0.0294
 37.5  -2.5 0.3455 0.0305
 37.5   2.5 0.3566 0.0398
 37.5   7.5 0.3660 0.0339
 37.5  12.5 0.3314 0.0075
 37.5  17.5    NaN    NaN
 37.5  22.5    NaN    NaN
 37.5  27.5    NaN    NaN
 37.5  32.5    NaN    NaN
 37.5  37.5    NaN    NaN
 37.5  42.5    NaN    NaN
 37.5  47.5    NaN    NaN
 37.5  52.5    NaN    NaN
 37.5  57.5    NaN    NaN
 37.5  62.5    NaN    NaN
 37.5  67.5    NaN    NaN
 37.5  72.5    NaN    NaN
 37.5  77.5    NaN    NaN
 37.5  82.5    NaN    NaN
 37.5  87.5    NaN    NaN
 42.5 -87.5    NaN    NaN
 42.5 -82.5 0.4504 0.0348
 42.5 -77.5 0.4115 0.0559
 42.5 -72.5 0.4086 0.0678
 42.5 -67.5 0.4186 0.0715
 42.5 -62.5 0.4400 0.0713
 42.5 -57.5 0.4611 0.0745
 42.5 -52.5 0.4655 0.0815
 42.5 -47.5 0.4515 0.0839
 42.5 -42.5 0.4166 0.0739
 42.5 -37.5 0.3763 0.0525
 42.5 -32.5 0.3512 0.0471
 42.5 -27.5 0.3346 0.0483
 42.5 -22.5 0.3253 0.0509
 42.5 -17.5 0.3205 0.0460
 42.5 -12.5 0.3361 0.0311
 42.5  -7.5 0.3508 0.0244
 42.5  -2.5 0.3544 0.0252
 42.5   2.5 0.3653 0.0357
 42.5   7.5 0.3620 0.0298
 42.5  12.5 0.3251 0.0069
 42.5  17.5    NaN    NaN
 42.5  22.5    NaN    NaN
 42.5  27.5    NaN    NaN
 42.5  32.5    NaN    NaN
 42.5  37.5    NaN    NaN
 42.5  42.5    NaN    NaN
 42.5  47.5    NaN    NaN
 42.5  52.5    NaN    NaN
 42.5  57.5    NaN    NaN
 42.5  62.5    NaN    NaN
 42.5  67.5    NaN    NaN
 42.5  72.5    NaN    NaN
 42.5  77.5    NaN    NaN
 42.5  82.5    NaN    NaN
 42.5  87.5    NaN    NaN
 47.5 -87.5    NaN    NaN
 47.5 -82.5 0.4530 0.0336
 47.5 -77.5 0.4155 0.0534
 47.5 -72.5 0.4094 0.0664
 47.5 -67.5 0.4180 0.0699
 47.5 -62.5 0.4352 0.0694
 47.5 -57.5 0.4563 0.0730
 47.5 -52.5 0.4617 0.0774
 47.5 -47.5 0.4455 0.0816
 47.5 -42.5 0.4129 0.0718
 47.5 -37.5 0.3754 0.0522
 47.5 -32.5 0.3504 0.0470
 47.5 -27.5 0.3335 0.0477
 47.5 -22.5 0.3279 0.0497
 47.5 -17.5 0.3278 0.0443
 47.5 -12.5 0.3448 0.0321
 47.5  -7.5 0.3553 0.0249
 47.5  -2.5 0.3581 0.0266
 47.5   2.5 0.3602 0.0388
 47.5   7.5 0.3486 0.0296
 47.5  12.5 0.3201 0.0028
 47.5  17.5    NaN    NaN
 47.5  22.5    NaN    NaN
 47.5  27.5    NaN    NaN
 47.5  32.5    NaN    NaN
 47.5  37.5    NaN    NaN
 47.5  42.5    NaN    NaN
 47.5  47.5    NaN    NaN
 47.5  52.5    NaN    NaN
 47.5  57.5    NaN    NaN
 47.5  62.5    NaN    NaN
 47.5  67.5    NaN    NaN
 47.5  72.5    NaN    NaN
 47.5  77.5    NaN    NaN
 47.5  82.5    NaN    NaN
 47.5  87.5    NaN    NaN
 52.5 -87.5    NaN    NaN
 52.5 -82.5 0.4510 0.0331
 52.5 -77.5 0.4202 0.0532
 52.5 -72.5 0.4102 0.0649
 52.5 -67.5 0.4153 0.0676
 52.5 -62.5 0.4316 0.0662
 52.5 -57.5 0.4533 0.0695
 52.5 -52.5 0.4586 0.0724
 52.5 -47.5 0.4467 0.0763
 52.5 -42.5 0.4145 0.0684
 52.5 -37.5 0.3773 0.0519
 52.5 -32.5 0.3519 0.0477
 52.5 -27.5 0.3337 0.0494
 52.5 -22.5 0.3284 0.0522
 52.5 -17.5 0.3286 0.0481
 52.5 -12.5 0.3538 0.0286
 52.5  -7.5 0.3626 0.0228
 52.5  -2.5 0.3630 0.0262
 52.5   2.5 0.3470 0.0431
 52.5   7.5 0.3197 0.0310
 52.5  12.5    NaN    NaN
 52.5  17.5    NaN    NaN
 52.5  22.5    NaN    NaN
 52.5  27.5    NaN    NaN
 52.5  32.5    NaN    NaN
 52.5  37.5    NaN    NaN
 52.5  42.5    NaN    NaN
 52.5  47.5    NaN    NaN
 52.5  52.5    NaN    NaN
 52.5  57.5    NaN    NaN
 52.5  62.5    NaN    NaN
 52.5  67.5    NaN    NaN
 52.5  72.5    NaN    NaN
 52.5  77.5    NaN    NaN
 52.5  82.5    NaN    NaN
 52.5  87.5    NaN    NaN
 57.5 -87.5    NaN    NaN
 57.5 -82.5 0.4524 0.0331
 57.5 -77.5 0.4229 0.0513
 57.5 -72.5 0.4120 0.0640
 57.5 -67.5 0.4127 0.0679
 57.5 -62.5 0.4303 0.0646
 57.5 -57.5 0.4505 0.0662
 57.5 -52.5 0.4559 0.0697
 57.5 -47.5 0.4429 0.0712
 57.5 -42.5 0.4150 0.0634
 57.5 -37.5 0.3794 0.0520
 57.5 -32.5 0.3535 0.0482
 57.5 -27.5 0.3351 0.0500
 57.5 -22.5 0.3282 0.0508
 57.5 -17.5 0.3378 0.0454
 57.5 -12.5 0.3593 0.0279
 57.5  -7.5 0.3625 0.0264
 57.5  -2.5 0.3603 0.0287
 57.5   2.5 0.3316 0.0353
 57.5   7.5 0.3200 0.0367
 57.5  12.5 0.3780 0.0237
 57.5  17.5    NaN    NaN
 57.5  22.5    NaN    NaN
 57.5  27.5    NaN    NaN
 57.5  32.5    NaN    NaN
 57.5  37.5    NaN    NaN
 57.5  42.5    NaN    NaN
 57.5  47.5    NaN    NaN
 57.5  52.5    NaN    NaN
 57.5  57.5    NaN    NaN
 57.5  62.5    NaN    NaN
 57.5  67.5    NaN    NaN
 57.5  72.5    NaN    NaN
 57.5  77.5    NaN    NaN
 57.5  82.5    NaN    NaN
 57.5  87.5    NaN    NaN
 62.5 -87.5    NaN    NaN
 62.5 -82.5 0.4546 0.0370
 62.5 -77.5 0.4258 0.0531
 62.5 -72.5 0.4141 0.0627
 62.5 -67.5 0.4133 0.0671
 62.5 -62.5 0.4296 0.0635
 62.5 -57.5 0.4488 0.0648
 62.5 -52.5 0.4546 0.0671
 62.5 -47.5 0.4426 0.0691
 62.5 -42.5 0.4150 0.0612
 62.5 -37.5 0.3816 0.0523
 62.5 -32.5 0.3543 0.0491
 62.5 -27.5 0.3363 0.0500
 62.5 -22.5 0.3285 0.0509
 62.5 -17.5 0.3343 0.0489
 62.5 -12.5 0.3607 0.0318
 62.5  -7.5 0.3602 0.0314
 62.5  -2.5 0.3543 0.0315
 62.5   2.5 0.3299 0.0388
 62.5   7.5 0.3585 0.0157
 62.5  12.5 0.3669 0.0150
 62.5  17.5    NaN    NaN
 62.5  22.5    NaN    NaN
 62.5  27.5    NaN    NaN
 62.5  32.5    NaN    NaN
 62.5  37.5    NaN    NaN
 62.5  42.5    NaN    NaN
 62.5  47.5    NaN    NaN
 62.5  52.5    NaN    NaN
 62.5  57.5    NaN    NaN
 62.5  62.5    NaN    NaN
 62.5  67.5    NaN    NaN
 62.5  72.5    NaN    NaN
 62.5  77.5    NaN    NaN
 62.5  82.5    NaN    NaN
 62.5  87.5    NaN    NaN
 67.5 -87.5    NaN    NaN
 67.5 -82.5 0.4498 0.0420
 67.5 -77.5 0.4282 0.0547
 67.5 -72.5 0.4168 0.0626
 67.5 -67.5 0.4147 0.0666
 67.5 -62.5 0.4319 0.0633
 67.5 -57.5 0.4493 0.0643
 67.5 -52.5 0.4553 0.0661
 67.5 -47.5 0.4407 0.0698
 67.5 -42.5 0.4131 0.0636
 67.5 -37.5 0.3819 0.0542
 67.5 -32.5 0.3541 0.0501
 67.5 -27.5 0.3367 0.0497
 67.5 -22.5 0.3286 0.0506
 67.5 -17.5 0.3352 0.0473
 67.5 -12.5 0.3488 0.0352
 67.5  -7.5 0.3512 0.0296
 67.5  -2.5 0.3507 0.0317
 67.5   2.5 0.3390 0.0426
 67.5   7.5 0.3621 0.0093
 67.5  12.5 0.3661 0.0167
 67.5  17.5    NaN    NaN
 67.5  22.5    NaN    NaN
 67.5  27.5    NaN    NaN
 67.5  32.5    NaN    NaN
 67.5  37.5    NaN    NaN
 67.5  42.5    NaN    NaN
 67.5  47.5    NaN    NaN
 67.5  52.5    NaN    NaN
 67.5  57.5    NaN    NaN
 67.5  62.5    NaN    NaN
 67.5  67.5    NaN    NaN
 67.5  72.5    NaN    NaN
 67.5  77.5    NaN    NaN
 67.5  82.5    NaN    NaN
 67.5  87.5    NaN    NaN
 72.5 -87.5    NaN    NaN
 72.5 -82.5 0.4503 0.0405
 72.5 -77.5 0.4297 0.0547
 72.5 -72.5 0.4190 0.0626
 72.5 -67.5 0.4162 0.0670
 72.5 -62.5 0.4322 0.0640
 72.5 -57.5 0.4495 0.0643
 72.5 -52.5 0.4551 0.0676
 72.5 -47.5 0.4434 0.0686
 72.5 -42.5 0.4145 0.0654
 72.5 -37.5 0.3829 0.0558
 72.5 -32.5 0.3554 0.0512
 72.5 -27.5 0.3372 0.0498
 72.5 -22.5 0.3278 0.0493
 72.5 -17.5 0.3354 0.0407
 72.5 -12.5 0.3309 0.0405
 72.5  -7.5 0.3417 0.0311
 72.5  -2.5 0.3466 0.0351
 72.5   2.5 0.3659 0.0136
 72.5   7.5 0.3617 0.0122
 72.5  12.5 0.3558    NaN
 72.5  17.5    NaN    NaN
 72.5  22.5    NaN    NaN
 72.5  27.5    NaN    NaN
 72.5  32.5    NaN    NaN
 72.5  37.5    NaN    NaN
 72.5  42.5    NaN    NaN
 72.5  47.5    NaN    NaN
 72.5  52.5    NaN    NaN
 72.5  57.5    NaN    NaN
 72.5  62.5    NaN    NaN
 72.5  67.5    NaN    NaN
 72.5  72.5    NaN    NaN
 72.5  77.5    NaN    NaN
 72.5  82.5    NaN    NaN
 72.5  87.5    NaN    NaN
 77.5 -87.5    NaN    NaN
 77.5 -82.5 0.4492 0.0426
 77.5 -77.5 0.4311 0.0541
 77.5 -72.5 0.4214 0.0637
 77.5 -67.5 0.4179 0.0669
 77.5 -62.5 0.4331 0.0642
 77.5 -57.5 0.4483 0.0655
 77.5 -52.5 0.4521 0.0704
 77.5 -47.5 0.4396 0.0720
 77.5 -42.5 0.4139 0.0668
 77.5 -37.5 0.3836 0.0576
 77.5 -32.5 0.3565 0.0522
 77.5 -27.5 0.3383 0.0498
 77.5 -22.5 0.3298 0.0484
 77.5 -17.5 0.3376 0.0375
 77.5 -12.5 0.3313 0.0347
 77.5  -7.5 0.3346 0.0360
 77.5  -2.5 0.3473 0.0359
 77.5   2.5 0.3638 0.0196
 77.5   7.5 0.3612 0.0230
 77.5  12.5    NaN    NaN
 77.5  17.5    NaN    NaN
 77.5  22.5    NaN    NaN
 77.5  27.5    NaN    NaN
 77.5  32.5    NaN    NaN
 77.5  37.5    NaN    NaN
 77.5  42.5    NaN    NaN
 77.5  47.5    NaN    NaN
 77.5  52.5    NaN    NaN
 77.5  57.5    NaN    NaN
 77.5  62.5    NaN    NaN
 77.5  67.5    NaN    NaN
 77.5  72.5    NaN    NaN
 77.5  77.5    NaN    NaN
 77.5  82.5    NaN    NaN
 77.5  87.5    NaN    NaN
 82.5 -87.5    NaN    NaN
 82.5 -82.5 0.4480 0.0427
 82.5 -77.5 0.4328 0.0543
 82.5 -72.5 0.4226 0.0648
 82.5 -67.5 0.4213 0.0674
 82.5 -62.5 0.4334 0.0641
 82.5 -57.5 0.4494 0.0639
 82.5 -52.5 0.4519 0.0703
 82.5 -47.5 0.4376 0.0727
 82.5 -42.5 0.4132 0.0684
 82.5 -37.5 0.3851 0.0587
 82.5 -32.5 0.3594 0.0523
 82.5 -27.5 0.3401 0.0501
 82.5 -22.5 0.3301 0.0470
 82.5 -17.5 0.3349 0.0406
 82.5 -12.5 0.3332 0.0328
 82.5  -7.5 0.3280 0.0397
 82.5  -2.5 0.3535 0.0293
 82.5   2.5 0.3571 0.0249
 82.5   7.5 0.3592 0.0267
 82.5  12.5    NaN    NaN
 82.5  17.5    NaN    NaN
 82.5  22.5    NaN    NaN
 82.5  27.5    NaN    NaN
 82.5  32.5    NaN    NaN
 82.5  37.5    NaN    NaN
 82.5  42.5    NaN    NaN
 82.5  47.5    NaN    NaN
 82.5  52.5    NaN    NaN
 82.5  57.5    NaN    NaN
 82.5  62.5    NaN    NaN
 82.5  67.5    NaN    NaN
 82.5  72.5    NaN    NaN
 82.5  77.5    NaN    NaN
 82.5  82.5    NaN    NaN
 82.5  87.5    NaN    NaN
 87.5 -87.5    NaN    NaN
 87.5 -82.5 0.4449 0.0423
 87.5 -77.5 0.4348 0.0541
 87.5 -72.5 0.4258 0.0652
 87.5 -67.5 0.4230 0.0683
 87.5 -62.5 0.4341 0.0664
 87.5 -57.5 0.4505 0.0650
 87.5 -52.5 0.4528 0.0688
 87.5 -47.5 0.4387 0.0717
 87.5 -42.5 0.4137 0.0678
 87.5 -37.5 0.3867 0.0595
 87.5 -32.5 0.3616 0.0536
 87.5 -27.5 0.3419 0.0505
 87.5 -22.5 0.3323 0.0473
 87.5 -17.5 0.3319 0.0425
 87.5 -12.5 0.3340 0.0332
 87.5  -7.5 0.3336 0.0356
 87.5  -2.5 0.3440 0.0321
 87.5   2.5 0.3531 0.0279
 87.5   7.5 0.3492 0.0211
 87.5  12.5 0.3685 0.0070
 87.5  17.5    NaN    NaN
 87.5  22.5    NaN    NaN
 87.5  27.5    NaN    NaN
 87.5  32.5    NaN    NaN
 87.5  37.5    NaN    NaN
 87.5  42.5    NaN    NaN
 87.5  47.5    NaN    NaN
 87.5  52.5    NaN    NaN
 87.5  57.5    NaN    NaN
 87.5  62.5    NaN    NaN
 87.5  67.5    NaN    NaN
 87.5  72.5    NaN    NaN
 87.5  77.5    NaN    NaN
 87.5  82.5    NaN    NaN
 87.5  87.5    NaN    NaN
 92.5 -87.5    NaN    NaN
 92.5 -82.5 0.4486 0.0363
 92.5 -77.5 0.4357 0.0556
 92.5 -72.5 0.4286 0.0669
 92.5 -67.5 0.4259 0.0704
 92.5 -62.5 0.4363 0.0676
 92.5 -57.5 0.4510 0.0663
 92.5 -52.5 0.4533 0.0693
 92.5 -47.5 0.4387 0.0716
 92.5 -42.5 0.4140 0.0675
 92.5 -37.5 0.3889 0.0600
 92.5 -32.5 0.3638 0.0537
 92.5 -27.5 0.3435 0.0502
 92.5 -22.5 0.3334 0.0466
 92.5 -17.5 0.3311 0.0424
 92.5 -12.5 0.3335 0.0352
 92.5  -7.5 0.3443 0.0251
 92.5  -2.5 0.3468 0.0305
 92.5   2.5 0.3499 0.0350
 92.5   7.5 0.3790 0.0140
 92.5  12.5 0.3835 0.0089
 92.5  17.5    NaN    NaN
 92.5  22.5    NaN    NaN
 92.5  27.5    NaN    NaN
 92.5  32.5    NaN    NaN
 92.5  37.5    NaN    NaN
 92.5  42.5    NaN    NaN
 92.5  47.5    NaN    NaN
 92.5  52.5    NaN    NaN
 92.5  57.5    NaN    NaN
 92.5  62.5    NaN    NaN
 92.5  67.5    NaN    NaN
 92.5  72.5    NaN    NaN
 92.5  77.5    NaN    NaN
 92.5  82.5    NaN    NaN
 92.5  87.5    NaN    NaN
 97.5 -87.5    NaN    NaN
 97.5 -82.5 0.4450 0.0396
 97.5 -77.5 0.4386 0.0567
 97.5 -72.5 0.4319 0.0685
 97.5 -67.5 0.4299 0.0732
 97.5 -62.5 0.4379 0.0706
 97.5 -57.5 0.4520 0.0689
 97.5 -52.5 0.4536 0.0705
 97.5 -47.5 0.4394 0.0722
 97.5 -42.5 0.4144 0.0671
 97.5 -37.5 0.3899 0.0601
 97.5 -32.5 0.3649 0.0529
 97.5 -27.5 0.3451 0.0485
 97.5 -22.5 0.3354 0.0465
 97.5 -17.5 0.3300 0.0426
 97.5 -12.5 0.3325 0.0387
 97.5  -7.5 0.3484 0.0274
 97.5  -2.5 0.3476 0.0351
 97.5   2.5 0.3504 0.0408
 97.5   7.5 0.3789 0.0412
 97.5  12.5 0.3844 0.0072
 97.5  17.5    NaN    NaN
 97.5  22.5    NaN    NaN
 97.5  27.5    NaN    NaN
 97.5  32.5    NaN    NaN
 97.5  37.5    NaN    NaN
 97.5  42.5    NaN    NaN
 97.5  47.5    NaN    NaN
 97.5  52.5    NaN    NaN
 97.5  57.5    NaN    NaN
 97.5  62.5    NaN    NaN
 97.5  67.5    NaN    NaN
 97.5  72.5    NaN    NaN
 97.5  77.5    NaN    NaN
 97.5  82.5    NaN    NaN
 97.5  87.5    NaN    NaN
102.5 -87.5    NaN    NaN
102.5 -82.5 0.4431 0.0393
102.5 -77.5 0.4442 0.0567
102.5 -72.5 0.4360 0.0713
102.5 -67.5 0.4307 0.0778
102.5 -62.5 0.4389 0.0750
102.5 -57.5 0.4524 0.0716
102.5 -52.5 0.4529 0.0729
102.5 -47.5 0.4389 0.0732
102.5 -42.5 0.4126 0.0672
102.5 -37.5 0.3886 0.0590
102.5 -32.5 0.3650 0.0520
102.5 -27.5 0.3465 0.0466
102.5 -22.5 0.3352 0.0463
102.5 -17.5 0.3315 0.0410
102.5 -12.5 0.3295 0.0427
102.5  -7.5 0.3478 0.0351
102.5  -2.5 0.3481 0.0411
102.5   2.5 0.3553 0.0433
102.5   7.5 0.3679 0.0355
102.5  12.5 0.3762 0.0121
102.5  17.5    NaN    NaN
102.5  22.5    NaN    NaN
102.5  27.5    NaN    NaN
102.5  32.5    NaN    NaN
102.5  37.5    NaN    NaN
102.5  42.5    NaN    NaN
102.5  47.5    NaN    NaN
102.5  52.5    NaN    NaN
102.5  57.5    NaN    NaN
102.5  62.5    NaN    NaN
102.5  67.5    NaN    NaN
102.5  72.5    NaN    NaN
102.5  77.5    NaN    NaN
102.5  82.5    NaN    NaN
102.5  87.5    NaN    NaN
107.5 -87.5    NaN    NaN
107.5 -82.5 0.4456 0.0420
107.5 -77.5 0.4463 0.0567
107.5 -72.5 0.4404 0.0742
107.5 -67.5 0.4337 0.0819
107.5 -62.5 0.4388 0.0807
107.5 -57.5 0.4507 0.0748
107.5 -52.5 0.4526 0.0745
107.5 -47.5 0.4373 0.0741
107.5 -42.5 0.4117 0.0661
107.5 -37.5 0.3881 0.0574
107.5 -32.5 0.3650 0.0508
107.5 -27.5 0.3473 0.0455
107.5 -22.5 0.3369 0.0469
107.5 -17.5 0.3328 0.0424
107.5 -12.5 0.3295 0.0476
107.5  -7.5 0.3470 0.0432
107.5  -2.5 0.3541 0.0449
107.5   2.5 0.3683 0.0366
107.5   7.5 0.3649 0.0221
107.5  12.5 0.3547 0.0160
107.5  17.5    NaN    NaN
107.5  22.5    NaN    NaN
107.5  27.5    NaN    NaN
107.5  32.5    NaN    NaN
107.5  37.5    NaN    NaN
107.5  42.5    NaN    NaN
107.5  47.5    NaN    NaN
107.5  52.5    NaN    NaN
107.5  57.5    NaN    NaN
107.5  62.5    NaN    NaN
107.5  67.5    NaN    NaN
107.5  72.5    NaN    NaN
107.5  77.5    NaN    NaN
107.5  82.5    NaN    NaN
107.5  87.5    NaN    NaN
112.5 -87.5    NaN    NaN
112.5 -82.5 0.4506 0.0441
112.5 -77.5 0.4507 0.0588
112.5 -72.5 0.4435 0.0778
112.5 -67.5 0.4345 0.0861
112.5 -62.5 0.4415 0.0823
112.5 -57.5 0.4528 0.0754
112.5 -52.5 0.4552 0.0737
112.5 -47.5 0.4401 0.0724
112.5 -42.5 0.4131 0.0650
112.5 -37.5 0.3882 0.0560
112.5 -32.5 0.3655 0.0496
112.5 -27.5 0.3484 0.0447
112.5 -22.5 0.3368 0.0457
112.5 -17.5 0.3313 0.0444
112.5 -12.5 0.3332 0.0469
112.5  -7.5 0.3378 0.0508
112.5  -2.5 0.3725 0.0460
112.5   2.5 0.3874 0.0196
112.5   7.5 0.3774 0.0204
112.5  12.5 0.3744 0.0331
112.5  17.5    NaN    NaN
112.5  22.5    NaN    NaN
112.5  27.5    NaN    NaN
112.5  32.5    NaN    NaN
112.5  37.5    NaN    NaN
112.5  42.5    NaN    NaN
112.5  47.5    NaN    NaN
112.5  52.5    NaN    NaN
112.5  57.5    NaN    NaN
112.5  62.5    NaN    NaN
112.5  67.5    NaN    NaN
112.5  72.5    NaN    NaN
112.5  77.5    NaN    NaN
112.5  82.5    NaN    NaN
112.5  87.5    NaN    NaN
117.5 -87.5    NaN    NaN
117.5 -82.5 0.4512 0.0475
117.5 -77.5 0.4532 0.0584
117.5 -72.5 0.4464 0.0816
117.5 -67.5 0.4370 0.0892
117.5 -62.5 0.4442 0.0848
117.5 -57.5 0.4541 0.0766
117.5 -52.5 0.4567 0.0734
117.5 -47.5 0.4389 0.0723
117.5 -42.5 0.4112 0.0659
117.5 -37.5 0.3867 0.0554
117.5 -32.5 0.3647 0.0486
117.5 -27.5 0.3487 0.0441
117.5 -22.5 0.3370 0.0447
117.5 -17.5 0.3303 0.0454
117.5 -12.5 0.3372 0.0446
117.5  -7.5 0.3350 0.0570
117.5  -2.5 0.3984 0.0217
117.5   2.5 0.3973 0.0197
117.5   7.5 0.3970 0.0313
117.5  12.5 0.4153 0.0350
117.5  17.5 0.4069 0.0646
117.5  22.5    NaN    NaN
117.5  27.5    NaN    NaN
117.5  32.5    NaN    NaN
117.5  37.5    NaN    NaN
117.5  42.5    NaN    NaN
117.5  47.5    NaN    NaN
117.5  52.5    NaN    NaN
117.5  57.5    NaN    NaN
117.5  62.5    NaN    NaN
117.5  67.5    NaN    NaN
117.5  72.5    NaN    NaN
117.5  77.5    NaN    NaN
117.5  82.5    NaN    NaN
117.5  87.5    NaN    NaN
122.5 -87.5    NaN    NaN
122.5 -82.5 0.4582 0.0462
122.5 -77.5 0.4542 0.0604
122.5 -72.5 0.4487 0.0855
122.5 -67.5 0.4411 0.0926
122.5 -62.5 0.4460 0.0871
122.5 -57.5 0.4542 0.0791
122.5 -52.5 0.4554 0.0751
122.5 -47.5 0.4355 0.0729
122.5 -42.5 0.4079 0.0661
122.5 -37.5 0.3839 0.0545
122.5 -32.5 0.3636 0.0468
122.5 -27.5 0.3491 0.0439
122.5 -22.5 0.3393 0.0449
122.5 -17.5 0.3355 0.0447
122.5 -12.5 0.3408 0.0437
122.5  -7.5 0.3438 0.0593
122.5  -2.5 0.3975 0.0415
122.5   2.5 0.4054 0.0344
122.5   7.5 0.4172 0.0367
122.5  12.5 0.4289 0.0301
122.5  17.5 0.4163 0.0440
122.5  22.5    NaN    NaN
122.5  27.5    NaN    NaN
122.5  32.5    NaN    NaN
122.5  37.5    NaN    NaN
122.5  42.5    NaN    NaN
122.5  47.5    NaN    NaN
122.5  52.5    NaN    NaN
122.5  57.5    NaN    NaN
122.5  62.5    NaN    NaN
122.5  67.5    NaN    NaN
122.5  72.5    NaN    NaN
122.5  77.5    NaN    NaN
122.5  82.5    NaN    NaN
122.5  87.5    NaN    NaN
127.5 -87.5    NaN    NaN
127.5 -82.5 0.4608 0.0486
127.5 -77.5 0.4566 0.0625
127.5 -72.5 0.4507 0.0880
127.5 -67.5 0.4408 0.0985
127.5 -62.5 0.4431 0.0912
127.5 -57.5 0.4529 0.0812
127.5 -52.5 0.4538 0.0760
127.5 -47.5 0.4355 0.0721
127.5 -42.5 0.4086 0.0643
127.5 -37.5 0.3837 0.0530
127.5 -32.5 0.3642 0.0453
127.5 -27.5 0.3497 0.0439
127.5 -22.5 0.3396 0.0457
127.5 -17.5 0.3391 0.0437
127.5 -12.5 0.3372 0.0476
127.5  -7.5 0.3581 0.0570
127.5  -2.5 0.3896 0.0554
127.5   2.5 0.4181 0.0434
127.5   7.5 0.4324 0.0359
127.5  12.5 0.4341 0.0308
127.5  17.5 0.3927 0.0059
127.5  22.5    NaN    NaN
127.5  27.5    NaN    NaN
127.5  32.5    NaN    NaN
127.5  37.5    NaN    NaN
127.5  42.5    NaN    NaN
127.5  47.5    NaN    NaN
127.5  52.5    NaN    NaN
127.5  57.5    NaN    NaN
127.5  62.5    NaN    NaN
127.5  67.5    NaN    NaN
127.5  72.5    NaN    NaN
127.5  77.5    NaN    NaN
127.5  82.5    NaN    NaN
127.5  87.5    NaN    NaN
132.5 -87.5    NaN    NaN
132.5 -82.5 0.4626 0.0507
132.5 -77.5 0.4562 0.0652
132.5 -72.5 0.4502 0.0914
132.5 -67.5 0.4427 0.1014
132.5 -62.5 0.4428 0.0942
132.5 -57.5 0.4536 0.0824
132.5 -52.5 0.4535 0.0758
132.5 -47.5 0.4350 0.0710
132.5 -42.5 0.4084 0.0629
132.5 -37.5 0.3842 0.0530
132.5 -32.5 0.3653 0.0455
132.5 -27.5 0.3505 0.0452
132.5 -22.5 0.3405 0.0481
132.5 -17.5 0.3413 0.0431
132.5 -12.5 0.3377 0.0477
132.5  -7.5 0.3634 0.0523
132.5  -2.5 0.3810 0.0618
132.5   2.5 0.4195 0.0485
132.5   7.5 0.4320 0.0356
132.5  12.5 0.4302 0.0323
132.5  17.5 0.4042 0.0083
132.5  22.5    NaN    NaN
132.5  27.5    NaN    NaN
132.5  32.5    NaN    NaN
132.5  37.5    NaN    NaN
132.5  42.5    NaN    NaN
132.5  47.5    NaN    NaN
132.5  52.5    NaN    NaN
132.5  57.5    NaN    NaN
132.5  62.5    NaN    NaN
132.5  67.5    NaN    NaN
132.5  72.5    NaN    NaN
132.5  77.5    NaN    NaN
132.5  82.5    NaN    NaN
132.5  87.5    NaN    NaN
137.5 -87.5    NaN    NaN
137.5 -82.5 0.4597 0.0512
137.5 -77.5 0.4575 0.0687
137.5 -72.5 0.4505 0.0944
137.5 -67.5 0.4428 0.1050
137.5 -62.5 0.4447 0.0968
137.5 -57.5 0.4563 0.0848
137.5 -52.5 0.4573 0.0767
137.5 -47.5 0.4362 0.0712
137.5 -42.5 0.4092 0.0625
137.5 -37.5 0.3838 0.0531
137.5 -32.5 0.3653 0.0459
137.5 -27.5 0.3517 0.0466
137.5 -22.5 0.3429 0.0500
137.5 -17.5 0.3406 0.0470
137.5 -12.5 0.3482 0.0455
137.5  -7.5 0.3617 0.0533
137.5  -2.5 0.3734 0.0624
137.5   2.5 0.4103 0.0527
137.5   7.5 0.4196 0.0403
137.5  12.5 0.4181 0.0348
137.5  17.5 0.4111 0.0094
137.5  22.5    NaN    NaN
137.5  27.5    NaN    NaN
137.5  32.5    NaN    NaN
137.5  37.5    NaN    NaN
137.5  42.5    NaN    NaN
137.5  47.5    NaN    NaN
137.5  52.5    NaN    NaN
137.5  57.5    NaN    NaN
137.5  62.5    NaN    NaN
137.5  67.5    NaN    NaN
137.5  72.5    NaN    NaN
137.5  77.5    NaN    NaN
137.5  82.5    NaN    NaN
137.5  87.5    NaN    NaN
142.5 -87.5    NaN    NaN
142.5 -82.5 0.4616 0.0500
142.5 -77.5 0.4608 0.0704
142.5 -72.5 0.4514 0.0980
142.5 -67.5 0.4436 0.1087
142.5 -62.5 0.4450 0.1000
142.5 -57.5 0.4553 0.0878
142.5 -52.5 0.4571 0.0786
142.5 -47.5 0.4369 0.0706
142.5 -42.5 0.4102 0.0609
142.5 -37.5 0.3844 0.0520
142.5 -32.5 0.3665 0.0457
142.5 -27.5 0.3534 0.0475
142.5 -22.5 0.3456 0.0530
142.5 -17.5 0.3442 0.0498
142.5 -12.5 0.3589 0.0422
142.5  -7.5 0.3617 0.0558
142.5  -2.5 0.3791 0.0643
142.5   2.5 0.4069 0.0632
142.5   7.5 0.4134 0.0512
142.5  12.5 0.4085 0.0352
142.5  17.5 0.4028    NaN
142.5  22.5    NaN    NaN
142.5  27.5    NaN    NaN
142.5  32.5    NaN    NaN
142.5  37.5    NaN    NaN
142.5  42.5    NaN    NaN
142.5  47.5    NaN    NaN
142.5  52.5    NaN    NaN
142.5  57.5    NaN    NaN
142.5  62.5    NaN    NaN
142.5  67.5    NaN    NaN
142.5  72.5    NaN    NaN
142.5  77.5    NaN    NaN
142.5  82.5    NaN    NaN
142.5  87.5    NaN    NaN
147.5 -87.5    NaN    NaN
147.5 -82.5 0.4618 0.0502
147.5 -77.5 0.4576 0.0734
147.5 -72.5 0.4550 0.0989
147.5 -67.5 0.4450 0.1113
147.5 -62.5 0.4476 0.1039
147.5 -57.5 0.4571 0.0904
147.5 -52.5 0.4599 0.0810
147.5 -47.5 0.4393 0.0708
147.5 -42.5 0.4109 0.0607
147.5 -37.5 0.3850 0.0523
147.5 -32.5 0.3664 0.0467
147.5 -27.5 0.3541 0.0483
147.5 -22.5 0.3469 0.0543
147.5 -17.5 0.3474 0.0531
147.5 -12.5 0.3625 0.0429
147.5  -7.5 0.3595 0.0534
147.5  -2.5 0.3765 0.0609
147.5   2.5 0.3905 0.0605
147.5   7.5 0.4014 0.0487
147.5  12.5 0.4026 0.0231
147.5  17.5 0.3996 0.0016
147.5  22.5    NaN    NaN
147.5  27.5    NaN    NaN
147.5  32.5    NaN    NaN
147.5  37.5    NaN    NaN
147.5  42.5    NaN    NaN
147.5  47.5    NaN    NaN
147.5  52.5    NaN    NaN
147.5  57.5    NaN    NaN
147.5  62.5    NaN    NaN
147.5  67.5    NaN    NaN
147.5  72.5    NaN    NaN
147.5  77.5    NaN    NaN
147.5  82.5    NaN    NaN
147.5  87.5    NaN    NaN
152.5 -87.5    NaN    NaN
152.5 -82.5 0.4671 0.0478
152.5 -77.5 0.4593 0.0742
152.5 -72.5 0.4512 0.1024
152.5 -67.5 0.4494 0.1127
152.5 -62.5 0.4518 0.1068
152.5 -57.5 0.4594 0.0928
152.5 -52.5 0.4634 0.0822
152.5 -47.5 0.4407 0.0724
152.5 -42.5 0.4109 0.0613
152.5 -37.5 0.3851 0.0532
152.5 -32.5 0.3657 0.0475
152.5 -27.5 0.3541 0.0487
152.5 -22.5 0.3486 0.0552
152.5 -17.5 0.3549 0.0533
152.5 -12.5 0.3630 0.0460
152.5  -7.5 0.3700 0.0461
152.5  -2.5 0.3815 0.0512
152.5   2.5 0.3855 0.0485
152.5   7.5 0.3963 0.0414
152.5  12.5 0.4161 0.0272
152.5  17.5 0.4128 0.0313
152.5  22.5    NaN    NaN
152.5  27.5    NaN    NaN
152.5  32.5    NaN    NaN
152.5  37.5    NaN    NaN
152.5  42.5    NaN    NaN
152.5  47.5    NaN    NaN
152.5  52.5    NaN    NaN
152.5  57.5    NaN    NaN
152.5  62.5    NaN    NaN
152.5  67.5    NaN    NaN
152.5  72.5    NaN    NaN
152.5  77.5    NaN    NaN
152.5  82.5    NaN    NaN
152.5  87.5    NaN    NaN
157.5 -87.5    NaN    NaN
157.5 -82.5 0.4700 0.0479
157.5 -77.5 0.4612 0.0749
157.5 -72.5 0.4535 0.1038
157.5 -67.5 0.4493 0.1137
157.5 -62.5 0.4538 0.1090
157.5 -57.5 0.4622 0.0946
157.5 -52.5 0.4657 0.0826
157.5 -47.5 0.4452 0.0708
157.5 -42.5 0.4141 0.0586
157.5 -37.5 0.3889 0.0516
157.5 -32.5 0.3683 0.0467
157.5 -27.5 0.3556 0.0480
157.5 -22.5 0.3506 0.0525
157.5 -17.5 0.3591 0.0521
157.5 -12.5 0.3630 0.0490
157.5  -7.5 0.3768 0.0373
157.5  -2.5 0.3838 0.0421
157.5   2.5 0.3867 0.0442
157.5   7.5 0.4031 0.0464
157.5  12.5 0.4210 0.0306
157.5  17.5 0.4080 0.0426
157.5  22.5    NaN    NaN
157.5  27.5    NaN    NaN
157.5  32.5    NaN    NaN
157.5  37.5    NaN    NaN
157.5  42.5    NaN    NaN
157.5  47.5    NaN    NaN
157.5  52.5    NaN    NaN
157.5  57.5    NaN    NaN
157.5  62.5    NaN    NaN
157.5  67.5    NaN    NaN
157.5  72.5    NaN    NaN
157.5  77.5    NaN    NaN
157.5  82.5    NaN    NaN
157.5  87.5    NaN    NaN
162.5 -87.5    NaN    NaN
162.5 -82.5 0.4763 0.0478
162.5 -77.5 0.4609 0.0763
162.5 -72.5 0.4542 0.1044
162.5 -67.5 0.4519 0.1107
162.5 -62.5 0.4571 0.1073
162.5 -57.5 0.4690 0.0926
162.5 -52.5 0.4697 0.0812
162.5 -47.5 0.4479 0.0704
162.5 -42.5 0.4156 0.0592
162.5 -37.5 0.3898 0.0531
162.5 -32.5 0.3685 0.0485
162.5 -27.5 0.3548 0.0483
162.5 -22.5 0.3503 0.0517
162.5 -17.5 0.3594 0.0522
162.5 -12.5 0.3608 0.0541
162.5  -7.5 0.3781 0.0376
162.5  -2.5 0.3822 0.0368
162.5   2.5 0.3859 0.0382
162.5   7.5 0.4077 0.0371
162.5  12.5 0.4204 0.0274
162.5  17.5 0.4124 0.0439
162.5  22.5    NaN    NaN
162.5  27.5    NaN    NaN
162.5  32.5    NaN    NaN
162.5  37.5    NaN    NaN
162.5  42.5    NaN    NaN
162.5  47.5    NaN    NaN
162.5  52.5    NaN    NaN
162.5  57.5    NaN    NaN
162.5  62.5    NaN    NaN
162.5  67.5    NaN    NaN
162.5  72.5    NaN    NaN
162.5  77.5    NaN    NaN
162.5  82.5    NaN    NaN
162.5  87.5    NaN    NaN
167.5 -87.5    NaN    NaN
167.5 -82.5 0.4813 0.0492
167.5 -77.5 0.4619 0.0765
167.5 -72.5 0.4540 0.1010
167.5 -67.5 0.4539 0.1104
167.5 -62.5 0.4627 0.1020
167.5 -57.5 0.4746 0.0916
167.5 -52.5 0.4746 0.0801
167.5 -47.5 0.4521 0.0696
167.5 -42.5 0.4187 0.0595
167.5 -37.5 0.3931 0.0520
167.5 -32.5 0.3714 0.0478
167.5 -27.5 0.3562 0.0485
167.5 -22.5 0.3503 0.0513
167.5 -17.5 0.3627 0.0534
167.5 -12.5 0.3666 0.0514
167.5  -7.5 0.3743 0.0449
167.5  -2.5 0.3812 0.0349
167.5   2.5 0.3902 0.0339
167.5   7.5 0.3982 0.0321
167.5  12.5 0.3966 0.0355
167.5  17.5 0.4005 0.0030
167.5  22.5    NaN    NaN
167.5  27.5    NaN    NaN
167.5  32.5    NaN    NaN
167.5  37.5    NaN    NaN
167.5  42.5    NaN    NaN
167.5  47.5    NaN    NaN
167.5  52.5    NaN    NaN
167.5  57.5    NaN    NaN
167.5  62.5    NaN    NaN
167.5  67.5    NaN    NaN
167.5  72.5    NaN    NaN
167.5  77.5    NaN    NaN
167.5  82.5    NaN    NaN
167.5  87.5    NaN    NaN
172.5 -87.5    NaN    NaN
172.5 -82.5 0.4849 0.0501
172.5 -77.5 0.4655 0.0756
172.5 -72.5 0.4571 0.0948
172.5 -67.5 0.4585 0.1043
172.5 -62.5 0.4691 0.1024
172.5 -57.5 0.4822 0.0941
172.5 -52.5 0.4805 0.0813
172.5 -47.5 0.4568 0.0707
172.5 -42.5 0.4211 0.0606
172.5 -37.5 0.3945 0.0525
172.5 -32.5 0.3736 0.0485
172.5 -27.5 0.3574 0.0497
172.5 -22.5 0.3499 0.0532
172.5 -17.5 0.3615 0.0549
172.5 -12.5 0.3696 0.0499
172.5  -7.5 0.3652 0.0527
172.5  -2.5 0.3834 0.0339
172.5   2.5 0.3943 0.0276
172.5   7.5 0.3897 0.0314
172.5  12.5 0.3912 0.0289
172.5  17.5 0.4027 0.0195
172.5  22.5 0.4262    NaN
172.5  27.5    NaN    NaN
172.5  32.5    NaN    NaN
172.5  37.5    NaN    NaN
172.5  42.5    NaN    NaN
172.5  47.5    NaN    NaN
172.5  52.5    NaN    NaN
172.5  57.5    NaN    NaN
172.5  62.5    NaN    NaN
172.5  67.5    NaN    NaN
172.5  72.5    NaN    NaN
172.5  77.5    NaN    NaN
172.5  82.5    NaN    NaN
172.5  87.5    NaN    NaN
177.5 -87.5    NaN    NaN
177.5 -82.5 0.4888 0.0526
177.5 -77.5 0.4677 0.0723
177.5 -72.5 0.4615 0.0936
177.5 -67.5 0.4635 0.1035
177.5 -62.5 0.4751 0.1021
177.5 -57.5 0.4872 0.0976
177.5 -52.5 0.4853 0.0847
177.5 -47.5 0.4597 0.0738
177.5 -42.5 0.4219 0.0631
177.5 -37.5 0.3951 0.0537
177.5 -32.5 0.3746 0.0499
177.5 -27.5 0.3576 0.0514
177.5 -22.5 0.3502 0.0529
177.5 -17.5 0.3592 0.0543
177.5 -12.5 0.3698 0.0457
177.5  -7.5 0.3656 0.0485
177.5  -2.5 0.3790 0.0388
177.5   2.5 0.3943 0.0255
177.5   7.5 0.3990 0.0285
177.5  12.5 0.4186 0.0237
177.5  17.5 0.4291 0.0343
177.5  22.5    NaN    NaN
177.5  27.5    NaN    NaN
177.5  32.5    NaN    NaN
177.5  37.5    NaN    NaN
177.5  42.5    NaN    NaN
177.5  47.5    NaN    NaN
177.5  52.5    NaN    NaN
177.5  57.5    NaN    NaN
177.5  62.5    NaN    NaN
177.5  67.5    NaN    NaN
177.5  72.5    NaN    NaN
177.5  77.5    NaN    NaN
177.5  82.5    NaN    NaN
177.5  87.5    NaN    NaN
182.5 -87.5    NaN    NaN
182.5 -82.5 0.4963 0.0464
182.5 -77.5 0.4771 0.0692
182.5 -72.5 0.4660 0.0925
182.5 -67.5 0.4685 0.1018
182.5 -62.5 0.4795 0.1024
182.5 -57.5 0.4913 0.1000
182.5 -52.5 0.4866 0.0888
182.5 -47.5 0.4607 0.0779
182.5 -42.5 0.4219 0.0661
182.5 -37.5 0.3939 0.0559
182.5 -32.5 0.3743 0.0520
182.5 -27.5 0.3579 0.0532
182.5 -22.5 0.3517 0.0548
182.5 -17.5 0.3611 0.0552
182.5 -12.5 0.3690 0.0481
182.5  -7.5 0.3728 0.0458
182.5  -2.5 0.3769 0.0469
182.5   2.5 0.3971 0.0306
182.5   7.5 0.4095 0.0342
182.5  12.5 0.4350 0.0337
182.5  17.5 0.4425 0.0319
182.5  22.5    NaN    NaN
182.5  27.5    NaN    NaN
182.5  32.5    NaN    NaN
182.5  37.5    NaN    NaN
182.5  42.5    NaN    NaN
182.5  47.5    NaN    NaN
182.5  52.5    NaN    NaN
182.5  57.5    NaN    NaN
182.5  62.5    NaN    NaN
182.5  67.5    NaN    NaN
182.5  72.5    NaN    NaN
182.5  77.5    NaN    NaN
182.5  82.5    NaN    NaN
182.5  87.5    NaN    NaN
187.5 -87.5    NaN    NaN
187.5 -82.5 0.4982 0.0455
187.5 -77.5 0.4805 0.0707
187.5 -72.5 0.4708 0.0922
187.5 -67.5 0.4703 0.1016
187.5 -62.5 0.4807 0.1022
187.5 -57.5 0.4922 0.1017
187.5 -52.5 0.4886 0.0918
187.5 -47.5 0.4614 0.0810
187.5 -42.5 0.4221 0.0680
187.5 -37.5 0.3942 0.0575
187.5 -32.5 0.3751 0.0523
187.5 -27.5 0.3599 0.0539
187.5 -22.5 0.3549 0.0566
187.5 -17.5 0.3687 0.0539
187.5 -12.5 0.3680 0.0509
187.5  -7.5 0.3797 0.0421
187.5  -2.5 0.3818 0.0477
187.5   2.5 0.3951 0.0491
187.5   7.5 0.4276 0.0364
187.5  12.5 0.4429 0.0381
187.5  17.5 0.4470 0.0337
187.5  22.5    NaN    NaN
187.5  27.5    NaN    NaN
187.5  32.5    NaN    NaN
187.5  37.5    NaN    NaN
187.5  42.5    NaN    NaN
187.5  47.5    NaN    NaN
187.5  52.5    NaN    NaN
187.5  57.5    NaN    NaN
187.5  62.5    NaN    NaN
187.5  67.5    NaN    NaN
187.5  72.5    NaN    NaN
187.5  77.5    NaN    NaN
187.5  82.5    NaN    NaN
187.5  87.5    NaN    NaN
192.5 -87.5    NaN    NaN
192.5 -82.5 0.5036 0.0442
192.5 -77.5 0.4835 0.0743
192.5 -72.5 0.4730 0.0924
192.5 -67.5 0.4727 0.1009
192.5 -62.5 0.4825 0.1029
192.5 -57.5 0.4943 0.1035
192.5 -52.5 0.4884 0.0934
192.5 -47.5 0.4608 0.0822
192.5 -42.5 0.4229 0.0681
192.5 -37.5 0.3941 0.0591
192.5 -32.5 0.3762 0.0530
192.5 -27.5 0.3612 0.0554
192.5 -22.5 0.3573 0.0587
192.5 -17.5 0.3739 0.0531
192.5 -12.5 0.3727 0.0477
192.5  -7.5 0.3818 0.0425
192.5  -2.5 0.3876 0.0516
192.5   2.5 0.4027 0.0586
192.5   7.5 0.4386 0.0411
192.5  12.5 0.4482 0.0385
192.5  17.5 0.4457 0.0373
192.5  22.5    NaN    NaN
192.5  27.5    NaN    NaN
192.5  32.5    NaN    NaN
192.5  37.5    NaN    NaN
192.5  42.5    NaN    NaN
192.5  47.5    NaN    NaN
192.5  52.5    NaN    NaN
192.5  57.5    NaN    NaN
192.5  62.5    NaN    NaN
192.5  67.5    NaN    NaN
192.5  72.5    NaN    NaN
192.5  77.5    NaN    NaN
192.5  82.5    NaN    NaN
192.5  87.5    NaN    NaN
197.5 -87.5    NaN    NaN
197.5 -82.5 0.5080 0.0439
197.5 -77.5 0.4883 0.0755
197.5 -72.5 0.4767 0.0919
197.5 -67.5 0.4738 0.1003
197.5 -62.5 0.4853 0.1029
197.5 -57.5 0.4957 0.1040
197.5 -52.5 0.4895 0.0956
197.5 -47.5 0.4614 0.0835
197.5 -42.5 0.4244 0.0686
197.5 -37.5 0.3949 0.0603
197.5 -32.5 0.3774 0.0553
197.5 -27.5 0.3630 0.0566
197.5 -22.5 0.3599 0.0606
197.5 -17.5 0.3793 0.0543
197.5 -12.5 0.3775 0.0449
197.5  -7.5 0.3763 0.0500
197.5  -2.5 0.3940 0.0529
197.5   2.5 0.4057 0.0568
197.5   7.5 0.4270 0.0534
197.5  12.5 0.4337 0.0410
197.5  17.5 0.4604    NaN
197.5  22.5    NaN    NaN
197.5  27.5    NaN    NaN
197.5  32.5    NaN    NaN
197.5  37.5    NaN    NaN
197.5  42.5    NaN    NaN
197.5  47.5    NaN    NaN
197.5  52.5    NaN    NaN
197.5  57.5    NaN    NaN
197.5  62.5    NaN    NaN
197.5  67.5    NaN    NaN
197.5  72.5    NaN    NaN
197.5  77.5    NaN    NaN
197.5  82.5    NaN    NaN
197.5  87.5    NaN    NaN
202.5 -87.5    NaN    NaN
202.5 -82.5 0.5265 0.0381
202.5 -77.5 0.4916 0.0776
202.5 -72.5 0.4789 0.0926
202.5 -67.5 0.4756 0.0996
202.5 -62.5 0.4871 0.1027
202.5 -57.5 0.4993 0.1037
202.5 -52.5 0.4929 0.0960
202.5 -47.5 0.4647 0.0830
202.5 -42.5 0.4269 0.0681
202.5 -37.5 0.3965 0.0604
202.5 -32.5 0.3796 0.0566
202.5 -27.5 0.3641 0.0585
202.5 -22.5 0.3628 0.0632
202.5 -17.5 0.3871 0.0569
202.5 -12.5 0.3834 0.0473
202.5  -7.5 0.3735 0.0557
202.5  -2.5 0.3950 0.0532
202.5   2.5 0.4019 0.0517
202.5   7.5 0.4031 0.0523
202.5  12.5 0.4205 0.0332
202.5  17.5 0.4517 0.0040
202.5  22.5    NaN    NaN
202.5  27.5    NaN    NaN
202.5  32.5    NaN    NaN
202.5  37.5    NaN    NaN
202.5  42.5    NaN    NaN
202.5  47.5    NaN    NaN
202.5  52.5    NaN    NaN
202.5  57.5    NaN    NaN
202.5  62.5    NaN    NaN
202.5  67.5    NaN    NaN
202.5  72.5    NaN    NaN
202.5  77.5    NaN    NaN
202.5  82.5    NaN    NaN
202.5  87.5    NaN    NaN
207.5 -87.5    NaN    NaN
207.5 -82.5 0.5283 0.0374
207.5 -77.5 0.4944 0.0806
207.5 -72.5 0.4814 0.0927
207.5 -67.5 0.4781 0.0994
207.5 -62.5 0.4875 0.1030
207.5 -57.5 0.5011 0.1038
207.5 -52.5 0.4967 0.0974
207.5 -47.5 0.4663 0.0832
207.5 -42.5 0.4275 0.0677
207.5 -37.5 0.3981 0.0595
207.5 -32.5 0.3806 0.0577
207.5 -27.5 0.3645 0.0594
207.5 -22.5 0.3659 0.0630
207.5 -17.5 0.3872 0.0570
207.5 -12.5 0.3848 0.0491
207.5  -7.5 0.3792 0.0499
207.5  -2.5 0.3842 0.0509
207.5   2.5 0.3898 0.0413
207.5   7.5 0.3871 0.0415
207.5  12.5 0.4167 0.0321
207.5  17.5 0.4131 0.0354
207.5  22.5 0.4155 0.0107
207.5  27.5    NaN    NaN
207.5  32.5    NaN    NaN
207.5  37.5    NaN    NaN
207.5  42.5    NaN    NaN
207.5  47.5    NaN    NaN
207.5  52.5    NaN    NaN
207.5  57.5    NaN    NaN
207.5  62.5    NaN    NaN
207.5  67.5    NaN    NaN
207.5  72.5    NaN    NaN
207.5  77.5    NaN    NaN
207.5  82.5    NaN    NaN
207.5  87.5    NaN    NaN
212.5 -87.5    NaN    NaN
212.5 -82.5 0.5257 0.0484
212.5 -77.5 0.4975 0.0823
212.5 -72.5 0.4831 0.0934
212.5 -67.5 0.4786 0.1011
212.5 -62.5 0.4889 0.1034
212.5 -57.5 0.5022 0.1037
212.5 -52.5 0.4989 0.0978
212.5 -47.5 0.4686 0.0836
212.5 -42.5 0.4287 0.0671
212.5 -37.5 0.3991 0.0589
212.5 -32.5 0.3812 0.0583
212.5 -27.5 0.3659 0.0607
212.5 -22.5 0.3713 0.0630
212.5 -17.5 0.3912 0.0557
212.5 -12.5 0.3890 0.0498
212.5  -7.5 0.3900 0.0427
212.5  -2.5 0.3855 0.0461
212.5   2.5 0.3948 0.0423
212.5   7.5 0.4019 0.0479
212.5  12.5 0.4306 0.0479
212.5  17.5 0.4272 0.0669
212.5  22.5 0.4005    NaN
212.5  27.5    NaN    NaN
212.5  32.5    NaN    NaN
212.5  37.5    NaN    NaN
212.5  42.5    NaN    NaN
212.5  47.5    NaN    NaN
212.5  52.5    NaN    NaN
212.5  57.5    NaN    NaN
212.5  62.5    NaN    NaN
212.5  67.5    NaN    NaN
212.5  72.5    NaN    NaN
212.5  77.5    NaN    NaN
212.5  82.5    NaN    NaN
212.5  87.5    NaN    NaN
217.5 -87.5    NaN    NaN
217.5 -82.5 0.5280 0.0473
217.5 -77.5 0.5021 0.0831
217.5 -72.5 0.4852 0.0949
217.5 -67.5 0.4809 0.1001
217.5 -62.5 0.4910 0.1028
217.5 -57.5 0.5049 0.1024
217.5 -52.5 0.5023 0.0979
217.5 -47.5 0.4709 0.0846
217.5 -42.5 0.4307 0.0667
217.5 -37.5 0.4015 0.0582
217.5 -32.5 0.3827 0.0580
217.5 -27.5 0.3674 0.0612
217.5 -22.5 0.3740 0.0635
217.5 -17.5 0.3924 0.0557
217.5 -12.5 0.3932 0.0460
217.5  -7.5 0.3929 0.0385
217.5  -2.5 0.3858 0.0428
217.5   2.5 0.3908 0.0466
217.5   7.5 0.4167 0.0539
217.5  12.5 0.4303 0.0665
217.5  17.5 0.4248 0.0802
217.5  22.5    NaN    NaN
217.5  27.5    NaN    NaN
217.5  32.5    NaN    NaN
217.5  37.5    NaN    NaN
217.5  42.5    NaN    NaN
217.5  47.5    NaN    NaN
217.5  52.5    NaN    NaN
217.5  57.5    NaN    NaN
217.5  62.5    NaN    NaN
217.5  67.5    NaN    NaN
217.5  72.5    NaN    NaN
217.5  77.5    NaN    NaN
217.5  82.5    NaN    NaN
217.5  87.5    NaN    NaN
222.5 -87.5    NaN    NaN
222.5 -82.5 0.5283 0.0515
222.5 -77.5 0.5068 0.0822
222.5 -72.5 0.4876 0.0957
222.5 -67.5 0.4835 0.0997
222.5 -62.5 0.4934 0.1035
222.5 -57.5 0.5072 0.1033
222.5 -52.5 0.5054 0.0975
222.5 -47.5 0.4758 0.0841
222.5 -42.5 0.4348 0.0646
222.5 -37.5 0.4053 0.0562
222.5 -32.5 0.3858 0.0572
222.5 -27.5 0.3702 0.0619
222.5 -22.5 0.3784 0.0635
222.5 -17.5 0.3939 0.0546
222.5 -12.5 0.3996 0.0380
222.5  -7.5 0.3937 0.0349
222.5  -2.5 0.3893 0.0384
222.5   2.5 0.3942 0.0454
222.5   7.5 0.4207 0.0585
222.5  12.5 0.4260 0.0733
222.5  17.5 0.4298 0.0791
222.5  22.5    NaN    NaN
222.5  27.5    NaN    NaN
222.5  32.5    NaN    NaN
222.5  37.5    NaN    NaN
222.5  42.5    NaN    NaN
222.5  47.5    NaN    NaN
222.5  52.5    NaN    NaN
222.5  57.5    NaN    NaN
222.5  62.5    NaN    NaN
222.5  67.5    NaN    NaN
222.5  72.5    NaN    NaN
222.5  77.5    NaN    NaN
222.5  82.5    NaN    NaN
222.5  87.5    NaN    NaN
227.5 -87.5    NaN    NaN
227.5 -82.5 0.5320 0.0499
227.5 -77.5 0.5083 0.0808
227.5 -72.5 0.4893 0.0962
227.5 -67.5 0.4854 0.1000
227.5 -62.5 0.4958 0.1043
227.5 -57.5 0.5117 0.1030
227.5 -52.5 0.5094 0.0967
227.5 -47.5 0.4794 0.0853
227.5 -42.5 0.4376 0.0657
227.5 -37.5 0.4081 0.0575
227.5 -32.5 0.3882 0.0577
227.5 -27.5 0.3720 0.0625
227.5 -22.5 0.3813 0.0629
227.5 -17.5 0.3953 0.0541
227.5 -12.5 0.4021 0.0336
227.5  -7.5 0.3899 0.0339
227.5  -2.5 0.3913 0.0369
227.5   2.5 0.4024 0.0390
227.5   7.5 0.4085 0.0528
227.5  12.5 0.4169 0.0636
227.5  17.5 0.3951 0.0669
227.5  22.5    NaN    NaN
227.5  27.5    NaN    NaN
227.5  32.5    NaN    NaN
227.5  37.5    NaN    NaN
227.5  42.5    NaN    NaN
227.5  47.5    NaN    NaN
227.5  52.5    NaN    NaN
227.5  57.5    NaN    NaN
227.5  62.5    NaN    NaN
227.5  67.5    NaN    NaN
227.5  72.5    NaN    NaN
227.5  77.5    NaN    NaN
227.5  82.5    NaN    NaN
227.5  87.5    NaN    NaN
232.5 -87.5    NaN    NaN
232.5 -82.5 0.5328 0.0535
232.5 -77.5 0.5080 0.0829
232.5 -72.5 0.4918 0.0965
232.5 -67.5 0.4871 0.1002
232.5 -62.5 0.4973 0.1055
232.5 -57.5 0.5132 0.1052
232.5 -52.5 0.5116 0.0977
232.5 -47.5 0.4832 0.0874
232.5 -42.5 0.4416 0.0657
232.5 -37.5 0.4121 0.0584
232.5 -32.5 0.3908 0.0587
232.5 -27.5 0.3736 0.0644
232.5 -22.5 0.3815 0.0654
232.5 -17.5 0.3969 0.0543
232.5 -12.5 0.4007 0.0344
232.5  -7.5 0.3884 0.0352
232.5  -2.5 0.3966 0.0296
232.5   2.5 0.4031 0.0309
232.5   7.5 0.4106 0.0468
232.5  12.5 0.4331 0.0565
232.5  17.5 0.4915 0.0074
232.5  22.5    NaN    NaN
232.5  27.5    NaN    NaN
232.5  32.5    NaN    NaN
232.5  37.5    NaN    NaN
232.5  42.5    NaN    NaN
232.5  47.5    NaN    NaN
232.5  52.5    NaN    NaN
232.5  57.5    NaN    NaN
232.5  62.5    NaN    NaN
232.5  67.5    NaN    NaN
232.5  72.5    NaN    NaN
232.5  77.5    NaN    NaN
232.5  82.5    NaN    NaN
232.5  87.5    NaN    NaN
237.5 -87.5    NaN    NaN
237.5 -82.5 0.5317 0.0522
237.5 -77.5 0.5102 0.0827
237.5 -72.5 0.4938 0.0974
237.5 -67.5 0.4904 0.1004
237.5 -62.5 0.4979 0.1074
237.5 -57.5 0.5147 0.1082
237.5 -52.5 0.5104 0.1005
237.5 -47.5 0.4842 0.0916
237.5 -42.5 0.4420 0.0691
237.5 -37.5 0.4124 0.0605
237.5 -32.5 0.3915 0.0597
237.5 -27.5 0.3744 0.0647
237.5 -22.5 0.3855 0.0667
237.5 -17.5 0.4021 0.0544
237.5 -12.5 0.4003 0.0438
237.5  -7.5 0.4040 0.0420
237.5  -2.5 0.4103 0.0463
237.5   2.5 0.4168 0.0551
237.5   7.5 0.4373 0.0674
237.5  12.5 0.4661 0.0680
237.5  17.5 0.5090 0.0138
237.5  22.5 0.5122 0.0081
237.5  27.5    NaN    NaN
237.5  32.5    NaN    NaN
237.5  37.5    NaN    NaN
237.5  42.5    NaN    NaN
237.5  47.5    NaN    NaN
237.5  52.5    NaN    NaN
237.5  57.5    NaN    NaN
237.5  62.5    NaN    NaN
237.5  67.5    NaN    NaN
237.5  72.5    NaN    NaN
237.5  77.5    NaN    NaN
237.5  82.5    NaN    NaN
237.5  87.5    NaN    NaN
242.5 -87.5    NaN    NaN
242.5 -82.5 0.5285 0.0589
242.5 -77.5 0.5131 0.0841
242.5 -72.5 0.4979 0.0975
242.5 -67.5 0.4915 0.1024
242.5 -62.5 0.4983 0.1083
242.5 -57.5 0.5161 0.1102
242.5 -52.5 0.5119 0.1025
242.5 -47.5 0.4860 0.0932
242.5 -42.5 0.4439 0.0720
242.5 -37.5 0.4149 0.0615
242.5 -32.5 0.3944 0.0605
242.5 -27.5 0.3767 0.0641
242.5 -22.5 0.3890 0.0692
242.5 -17.5 0.4081 0.0561
242.5 -12.5 0.4031 0.0545
242.5  -7.5 0.4205 0.0517
242.5  -2.5 0.4228 0.0595
242.5   2.5 0.4337 0.0705
242.5   7.5 0.4645 0.0759
242.5  12.5 0.4847 0.0675
242.5  17.5 0.5268 0.0140
242.5  22.5 0.5173    NaN
242.5  27.5    NaN    NaN
242.5  32.5    NaN    NaN
242.5  37.5    NaN    NaN
242.5  42.5    NaN    NaN
242.5  47.5    NaN    NaN
242.5  52.5    NaN    NaN
242.5  57.5    NaN    NaN
242.5  62.5    NaN    NaN
242.5  67.5    NaN    NaN
242.5  72.5    NaN    NaN
242.5  77.5    NaN    NaN
242.5  82.5    NaN    NaN
242.5  87.5    NaN    NaN
247.5 -87.5    NaN    NaN
247.5 -82.5 0.5285 0.0574
247.5 -77.5 0.5151 0.0844
247.5 -72.5 0.5011 0.0987
247.5 -67.5 0.4937 0.1031
247.5 -62.5 0.5006 0.1083
247.5 -57.5 0.5187 0.1112
247.5 -52.5 0.5153 0.1022
247.5 -47.5 0.4886 0.0925
247.5 -42.5 0.4485 0.0749
247.5 -37.5 0.4174 0.0635
247.5 -32.5 0.3974 0.0617
247.5 -27.5 0.3791 0.0645
247.5 -22.5 0.3899 0.0713
247.5 -17.5 0.4136 0.0627
247.5 -12.5 0.4172 0.0631
247.5  -7.5 0.4303 0.0674
247.5  -2.5 0.4395 0.0749
247.5   2.5 0.4587 0.0783
247.5   7.5 0.4868 0.0730
247.5  12.5 0.4870 0.0692
247.5  17.5 0.5226 0.0119
247.5  22.5    NaN    NaN
247.5  27.5    NaN    NaN
247.5  32.5    NaN    NaN
247.5  37.5    NaN    NaN
247.5  42.5    NaN    NaN
247.5  47.5    NaN    NaN
247.5  52.5    NaN    NaN
247.5  57.5    NaN    NaN
247.5  62.5    NaN    NaN
247.5  67.5    NaN    NaN
247.5  72.5    NaN    NaN
247.5  77.5    NaN    NaN
247.5  82.5    NaN    NaN
247.5  87.5    NaN    NaN
252.5 -87.5    NaN    NaN
252.5 -82.5 0.5259 0.0552
252.5 -77.5 0.5152 0.0855
252.5 -72.5 0.5019 0.1012
252.5 -67.5 0.4945 0.1029
252.5 -62.5 0.5041 0.1081
252.5 -57.5 0.5225 0.1111
252.5 -52.5 0.5207 0.1022
252.5 -47.5 0.4932 0.0920
252.5 -42.5 0.4537 0.0786
252.5 -37.5 0.4216 0.0650
252.5 -32.5 0.4029 0.0636
252.5 -27.5 0.3845 0.0651
252.5 -22.5 0.3922 0.0726
252.5 -17.5 0.4253 0.0684
252.5 -12.5 0.4384 0.0663
252.5  -7.5 0.4349 0.0798
252.5  -2.5 0.4654 0.0826
252.5   2.5 0.4922 0.0721
252.5   7.5 0.5020 0.0658
252.5  12.5 0.4875 0.0670
252.5  17.5 0.5109 0.0086
252.5  22.5    NaN    NaN
252.5  27.5    NaN    NaN
252.5  32.5    NaN    NaN
252.5  37.5    NaN    NaN
252.5  42.5    NaN    NaN
252.5  47.5    NaN    NaN
252.5  52.5    NaN    NaN
252.5  57.5    NaN    NaN
252.5  62.5    NaN    NaN
252.5  67.5    NaN    NaN
252.5  72.5    NaN    NaN
252.5  77.5    NaN    NaN
252.5  82.5    NaN    NaN
252.5  87.5    NaN    NaN
257.5 -87.5    NaN    NaN
257.5 -82.5 0.5273 0.0505
257.5 -77.5 0.5170 0.0851
257.5 -72.5 0.5032 0.1013
257.5 -67.5 0.4954 0.1031
257.5 -62.5 0.5071 0.1091
257.5 -57.5 0.5246 0.1128
257.5 -52.5 0.5236 0.1033
257.5 -47.5 0.4976 0.0928
257.5 -42.5 0.4585 0.0798
257.5 -37.5 0.4266 0.0678
257.5 -32.5 0.4077 0.0664
257.5 -27.5 0.3882 0.0674
257.5 -22.5 0.3940 0.0731
257.5 -17.5 0.4273 0.0738
257.5 -12.5 0.4493 0.0707
257.5  -7.5 0.4426 0.0840
257.5  -2.5 0.4818 0.0839
257.5   2.5 0.5148 0.0566
257.5   7.5 0.5091 0.0587
257.5  12.5 0.4885 0.0636
257.5  17.5 0.4925 0.0008
257.5  22.5    NaN    NaN
257.5  27.5    NaN    NaN
257.5  32.5    NaN    NaN
257.5  37.5    NaN    NaN
257.5  42.5    NaN    NaN
257.5  47.5    NaN    NaN
257.5  52.5    NaN    NaN
257.5  57.5    NaN    NaN
257.5  62.5    NaN    NaN
257.5  67.5    NaN    NaN
257.5  72.5    NaN    NaN
257.5  77.5    NaN    NaN
257.5  82.5    NaN    NaN
257.5  87.5    NaN    NaN
262.5 -87.5    NaN    NaN
262.5 -82.5 0.5199 0.0537
262.5 -77.5 0.5152 0.0865
262.5 -72.5 0.5025 0.1007
262.5 -67.5 0.4961 0.1033
262.5 -62.5 0.5084 0.1114
262.5 -57.5 0.5250 0.1153
262.5 -52.5 0.5261 0.1052
262.5 -47.5 0.5007 0.0955
262.5 -42.5 0.4621 0.0810
262.5 -37.5 0.4318 0.0716
262.5 -32.5 0.4124 0.0699
262.5 -27.5 0.3918 0.0703
262.5 -22.5 0.3990 0.0749
262.5 -17.5 0.4203 0.0743
262.5 -12.5 0.4557 0.0725
262.5  -7.5 0.4559 0.0807
262.5  -2.5 0.4847 0.0754
262.5   2.5 0.5085 0.0528
262.5   7.5 0.4930 0.0495
262.5  12.5 0.4803 0.0378
262.5  17.5    NaN    NaN
262.5  22.5    NaN    NaN
262.5  27.5    NaN    NaN
262.5  32.5    NaN    NaN
262.5  37.5    NaN    NaN
262.5  42.5    NaN    NaN
262.5  47.5    NaN    NaN
262.5  52.5    NaN    NaN
262.5  57.5    NaN    NaN
262.5  62.5    NaN    NaN
262.5  67.5    NaN    NaN
262.5  72.5    NaN    NaN
262.5  77.5    NaN    NaN
262.5  82.5    NaN    NaN
262.5  87.5    NaN    NaN
267.5 -87.5    NaN    NaN
267.5 -82.5 0.5172 0.0486
267.5 -77.5 0.5168 0.0848
267.5 -72.5 0.5030 0.0990
267.5 -67.5 0.4961 0.1045
267.5 -62.5 0.5106 0.1126
267.5 -57.5 0.5258 0.1173
267.5 -52.5 0.5275 0.1078
267.5 -47.5 0.5040 0.0968
267.5 -42.5 0.4652 0.0835
267.5 -37.5 0.4351 0.0758
267.5 -32.5 0.4163 0.0736
267.5 -27.5 0.3957 0.0736
267.5 -22.5 0.4058 0.0768
267.5 -17.5 0.4236 0.0681
267.5 -12.5 0.4436 0.0756
267.5  -7.5 0.4729 0.0678
267.5  -2.5 0.4738 0.0667
267.5   2.5 0.4751 0.0584
267.5   7.5 0.4562 0.0579
267.5  12.5 0.4443 0.0247
267.5  17.5    NaN    NaN
267.5  22.5    NaN    NaN
267.5  27.5    NaN    NaN
267.5  32.5    NaN    NaN
267.5  37.5    NaN    NaN
267.5  42.5    NaN    NaN
267.5  47.5    NaN    NaN
267.5  52.5    NaN    NaN
267.5  57.5    NaN    NaN
267.5  62.5    NaN    NaN
267.5  67.5    NaN    NaN
267.5  72.5    NaN    NaN
267.5  77.5    NaN    NaN
267.5  82.5    NaN    NaN
267.5  87.5    NaN    NaN
272.5 -87.5    NaN    NaN
272.5 -82.5 0.5091 0.0516
272.5 -77.5 0.5162 0.0826
272.5 -72.5 0.5043 0.0967
272.5 -67.5 0.5004 0.1056
272.5 -62.5 0.5129 0.1139
272.5 -57.5 0.5280 0.1184
272.5 -52.5 0.5293 0.1096
272.5 -47.5 0.5065 0.0999
272.5 -42.5 0.4682 0.0873
272.5 -37.5 0.4369 0.0786
272.5 -32.5 0.4180 0.0768
272.5 -27.5 0.3984 0.0769
272.5 -22.5 0.4104 0.0806
272.5 -17.5 0.4301 0.0649
272.5 -12.5 0.4140 0.0765
272.5  -7.5 0.4792 0.0564
272.5  -2.5 0.4647 0.0551
272.5   2.5 0.4419 0.0499
272.5   7.5 0.4324 0.0426
272.5  12.5 0.4370 0.0205
272.5  17.5    NaN    NaN
272.5  22.5    NaN    NaN
272.5  27.5    NaN    NaN
272.5  32.5    NaN    NaN
272.5  37.5    NaN    NaN
272.5  42.5    NaN    NaN
272.5  47.5    NaN    NaN
272.5  52.5    NaN    NaN
272.5  57.5    NaN    NaN
272.5  62.5    NaN    NaN
272.5  67.5    NaN    NaN
272.5  72.5    NaN    NaN
272.5  77.5    NaN    NaN
272.5  82.5    NaN    NaN
272.5  87.5    NaN    NaN
277.5 -87.5    NaN    NaN
277.5 -82.5 0.5038 0.0527
277.5 -77.5 0.5150 0.0809
277.5 -72.5 0.5039 0.0954
277.5 -67.5 0.5041 0.1068
277.5 -62.5 0.5150 0.1161
277.5 -57.5 0.5294 0.1201
277.5 -52.5 0.5304 0.1116
277.5 -47.5 0.5100 0.1050
277.5 -42.5 0.4707 0.0899
277.5 -37.5 0.4389 0.0803
277.5 -32.5 0.4193 0.0794
277.5 -27.5 0.4004 0.0792
277.5 -22.5 0.4136 0.0825
277.5 -17.5 0.4374 0.0634
277.5 -12.5 0.4286 0.0652
277.5  -7.5 0.4218 0.0742
277.5  -2.5 0.4542 0.0448
277.5   2.5 0.4237 0.0458
277.5   7.5 0.3982 0.0395
277.5  12.5 0.4373 0.0173
277.5  17.5    NaN    NaN
277.5  22.5    NaN    NaN
277.5  27.5    NaN    NaN
277.5  32.5    NaN    NaN
277.5  37.5    NaN    NaN
277.5  42.5    NaN    NaN
277.5  47.5    NaN    NaN
277.5  52.5    NaN    NaN
277.5  57.5    NaN    NaN
277.5  62.5    NaN    NaN
277.5  67.5    NaN    NaN
277.5  72.5    NaN    NaN
277.5  77.5    NaN    NaN
277.5  82.5    NaN    NaN
277.5  87.5    NaN    NaN
282.5 -87.5    NaN    NaN
282.5 -82.5 0.4991 0.0480
282.5 -77.5 0.5165 0.0804
282.5 -72.5 0.5037 0.0945
282.5 -67.5 0.5069 0.1088
282.5 -62.5 0.5179 0.1182
282.5 -57.5 0.5313 0.1214
282.5 -52.5 0.5331 0.1136
282.5 -47.5 0.5148 0.1091
282.5 -42.5 0.4718 0.0913
282.5 -37.5 0.4405 0.0819
282.5 -32.5 0.4207 0.0817
282.5 -27.5 0.4018 0.0814
282.5 -22.5 0.4140 0.0853
282.5 -17.5 0.4490 0.0598
282.5 -12.5 0.4458 0.0476
282.5  -7.5 0.4128 0.0600
282.5  -2.5 0.4141 0.0539
282.5   2.5 0.4295 0.0342
282.5   7.5 0.4133 0.0352
282.5  12.5 0.4053 0.0087
282.5  17.5    NaN    NaN
282.5  22.5    NaN    NaN
282.5  27.5    NaN    NaN
282.5  32.5    NaN    NaN
282.5  37.5    NaN    NaN
282.5  42.5    NaN    NaN
282.5  47.5    NaN    NaN
282.5  52.5    NaN    NaN
282.5  57.5    NaN    NaN
282.5  62.5    NaN    NaN
282.5  67.5    NaN    NaN
282.5  72.5    NaN    NaN
282.5  77.5    NaN    NaN
282.5  82.5    NaN    NaN
282.5  87.5    NaN    NaN
287.5 -87.5    NaN    NaN
287.5 -82.5 0.4882 0.0520
287.5 -77.5 0.5170 0.0812
287.5 -72.5 0.5025 0.0944
287.5 -67.5 0.5079 0.1096
287.5 -62.5 0.5186 0.1208
287.5 -57.5 0.5311 0.1251
287.5 -52.5 0.5328 0.1164
287.5 -47.5 0.5157 0.1123
287.5 -42.5 0.4728 0.0929
287.5 -37.5 0.4405 0.0827
287.5 -32.5 0.4209 0.0836
287.5 -27.5 0.4028 0.0839
287.5 -22.5 0.4123 0.0887
287.5 -17.5 0.4602 0.0600
287.5 -12.5 0.4560 0.0358
287.5  -7.5 0.4191 0.0446
287.5  -2.5 0.3889 0.0468
287.5   2.5 0.4327 0.0332
287.5   7.5 0.4296 0.0310
287.5  12.5 0.4164 0.0306
287.5  17.5    NaN    NaN
287.5  22.5    NaN    NaN
287.5  27.5    NaN    NaN
287.5  32.5    NaN    NaN
287.5  37.5    NaN    NaN
287.5  42.5    NaN    NaN
287.5  47.5    NaN    NaN
287.5  52.5    NaN    NaN
287.5  57.5    NaN    NaN
287.5  62.5    NaN    NaN
287.5  67.5    NaN    NaN
287.5  72.5    NaN    NaN
287.5  77.5    NaN    NaN
287.5  82.5    NaN    NaN
287.5  87.5    NaN    NaN
292.5 -87.5    NaN    NaN
292.5 -82.5 0.4846 0.0470
292.5 -77.5 0.5162 0.0816
292.5 -72.5 0.5028 0.0952
292.5 -67.5 0.5045 0.1121
292.5 -62.5 0.5182 0.1229
292.5 -57.5 0.5318 0.1264
292.5 -52.5 0.5331 0.1188
292.5 -47.5 0.5163 0.1148
292.5 -42.5 0.4710 0.0938
292.5 -37.5 0.4395 0.0827
292.5 -32.5 0.4200 0.0840
292.5 -27.5 0.4025 0.0847
292.5 -22.5 0.4120 0.0904
292.5 -17.5 0.4726 0.0537
292.5 -12.5 0.4637 0.0395
292.5  -7.5 0.4315 0.0356
292.5  -2.5 0.4004 0.0354
292.5   2.5 0.3995 0.0340
292.5   7.5 0.4392 0.0256
292.5  12.5 0.4283 0.0267
292.5  17.5 0.4323    NaN
292.5  22.5    NaN    NaN
292.5  27.5    NaN    NaN
292.5  32.5    NaN    NaN
292.5  37.5    NaN    NaN
292.5  42.5    NaN    NaN
292.5  47.5    NaN    NaN
292.5  52.5    NaN    NaN
292.5  57.5    NaN    NaN
292.5  62.5    NaN    NaN
292.5  67.5    NaN    NaN
292.5  72.5    NaN    NaN
292.5  77.5    NaN    NaN
292.5  82.5    NaN    NaN
292.5  87.5    NaN    NaN
297.5 -87.5    NaN    NaN
297.5 -82.5 0.4739 0.0543
297.5 -77.5 0.5152 0.0848
297.5 -72.5 0.5027 0.0963
297.5 -67.5 0.5037 0.1147
297.5 -62.5 0.5167 0.1253
297.5 -57.5 0.5292 0.1286
297.5 -52.5 0.5292 0.1217
297.5 -47.5 0.5153 0.1151
297.5 -42.5 0.4695 0.0938
297.5 -37.5 0.4386 0.0816
297.5 -32.5 0.4188 0.0841
297.5 -27.5 0.4012 0.0853
297.5 -22.5 0.4112 0.0906
297.5 -17.5 0.4739 0.0574
297.5 -12.5 0.4731 0.0510
297.5  -7.5 0.4602 0.0362
297.5  -2.5 0.4267 0.0326
297.5   2.5 0.4151 0.0263
297.5   7.5 0.4183 0.0231
297.5  12.5 0.4347 0.0232
297.5  17.5 0.4261 0.0199
297.5  22.5    NaN    NaN
297.5  27.5    NaN    NaN
297.5  32.5    NaN    NaN
297.5  37.5    NaN    NaN
297.5  42.5    NaN    NaN
297.5  47.5    NaN    NaN
297.5  52.5    NaN    NaN
297.5  57.5    NaN    NaN
297.5  62.5    NaN    NaN
297.5  67.5    NaN    NaN
297.5  72.5    NaN    NaN
297.5  77.5    NaN    NaN
297.5  82.5    NaN    NaN
297.5  87.5    NaN    NaN
302.5 -87.5    NaN    NaN
302.5 -82.5 0.4484 0.0640
302.5 -77.5 0.5130 0.0862
302.5 -72.5 0.4995 0.0994
302.5 -67.5 0.5045 0.1146
302.5 -62.5 0.5153 0.1276
302.5 -57.5 0.5314 0.1288
302.5 -52.5 0.5301 0.1204
302.5 -47.5 0.5134 0.1130
302.5 -42.5 0.4672 0.0936
302.5 -37.5 0.4366 0.0803
302.5 -32.5 0.4171 0.0830
302.5 -27.5 0.4009 0.0858
302.5 -22.5 0.4100 0.0929
302.5 -17.5 0.4658 0.0726
302.5 -12.5 0.4859 0.0659
302.5  -7.5 0.4919 0.0427
302.5  -2.5 0.4568 0.0370
302.5   2.5 0.4349 0.0298
302.5   7.5 0.4305 0.0167
302.5  12.5 0.4273 0.0205
302.5  17.5 0.4274 0.0191
302.5  22.5    NaN    NaN
302.5  27.5    NaN    NaN
302.5  32.5    NaN    NaN
302.5  37.5    NaN    NaN
302.5  42.5    NaN    NaN
302.5  47.5    NaN    NaN
302.5  52.5    NaN    NaN
302.5  57.5    NaN    NaN
302.5  62.5    NaN    NaN
302.5  67.5    NaN    NaN
302.5  72.5    NaN    NaN
302.5  77.5    NaN    NaN
302.5  82.5    NaN    NaN
302.5  87.5    NaN    NaN
307.5 -87.5    NaN    NaN
307.5 -82.5 0.4002 0.0441
307.5 -77.5 0.5100 0.0883
307.5 -72.5 0.4969 0.1026
307.5 -67.5 0.4977 0.1186
307.5 -62.5 0.5105 0.1314
307.5 -57.5 0.5273 0.1317
307.5 -52.5 0.5271 0.1217
307.5 -47.5 0.5090 0.1098
307.5 -42.5 0.4648 0.0914
307.5 -37.5 0.4333 0.0776
307.5 -32.5 0.4133 0.0797
307.5 -27.5 0.3974 0.0830
307.5 -22.5 0.4047 0.0912
307.5 -17.5 0.4599 0.0737
307.5 -12.5 0.5133 0.0538
307.5  -7.5 0.5133 0.0447
307.5  -2.5 0.4850 0.0377
307.5   2.5 0.4643 0.0315
307.5   7.5 0.4593 0.0225
307.5  12.5 0.4436 0.0110
307.5  17.5 0.4301 0.0238
307.5  22.5    NaN    NaN
307.5  27.5    NaN    NaN
307.5  32.5    NaN    NaN
307.5  37.5    NaN    NaN
307.5  42.5    NaN    NaN
307.5  47.5    NaN    NaN
307.5  52.5    NaN    NaN
307.5  57.5    NaN    NaN
307.5  62.5    NaN    NaN
307.5  67.5    NaN    NaN
307.5  72.5    NaN    NaN
307.5  77.5    NaN    NaN
307.5  82.5    NaN    NaN
307.5  87.5    NaN    NaN
312.5 -87.5    NaN    NaN
312.5 -82.5 0.4032 0.0394
312.5 -77.5 0.5050 0.0927
312.5 -72.5 0.4887 0.1092
312.5 -67.5 0.4935 0.1209
312.5 -62.5 0.5079 0.1336
312.5 -57.5 0.5250 0.1340
312.5 -52.5 0.5222 0.1228
312.5 -47.5 0.5043 0.1077
312.5 -42.5 0.4607 0.0902
312.5 -37.5 0.4298 0.0732
312.5 -32.5 0.4088 0.0739
312.5 -27.5 0.3933 0.0784
312.5 -22.5 0.3993 0.0845
312.5 -17.5 0.4616 0.0698
312.5 -12.5 0.5205 0.0437
312.5  -7.5 0.5240 0.0360
312.5  -2.5 0.5017 0.0310
312.5   2.5 0.4905 0.0296
312.5   7.5 0.4855 0.0231
312.5  12.5 0.4686 0.0097
312.5  17.5 0.4326    NaN
312.5  22.5    NaN    NaN
312.5  27.5    NaN    NaN
312.5  32.5    NaN    NaN
312.5  37.5    NaN    NaN
312.5  42.5    NaN    NaN
312.5  47.5    NaN    NaN
312.5  52.5    NaN    NaN
312.5  57.5    NaN    NaN
312.5  62.5    NaN    NaN
312.5  67.5    NaN    NaN
312.5  72.5    NaN    NaN
312.5  77.5    NaN    NaN
312.5  82.5    NaN    NaN
312.5  87.5    NaN    NaN
317.5 -87.5    NaN    NaN
317.5 -82.5 0.4062 0.0458
317.5 -77.5 0.4969 0.1019
317.5 -72.5 0.4848 0.1147
317.5 -67.5 0.4891 0.1229
317.5 -62.5 0.5025 0.1359
317.5 -57.5 0.5175 0.1380
317.5 -52.5 0.5153 0.1258
317.5 -47.5 0.4964 0.1089
317.5 -42.5 0.4551 0.0905
317.5 -37.5 0.4236 0.0702
317.5 -32.5 0.4015 0.0672
317.5 -27.5 0.3850 0.0711
317.5 -22.5 0.3868 0.0765
317.5 -17.5 0.4514 0.0686
317.5 -12.5 0.5025 0.0426
317.5  -7.5 0.5130 0.0355
317.5  -2.5 0.5005 0.0293
317.5   2.5 0.4999 0.0286
317.5   7.5 0.4957 0.0215
317.5  12.5 0.4826 0.0153
317.5  17.5 0.4694 0.0061
317.5  22.5    NaN    NaN
317.5  27.5    NaN    NaN
317.5  32.5    NaN    NaN
317.5  37.5    NaN    NaN
317.5  42.5    NaN    NaN
317.5  47.5    NaN    NaN
317.5  52.5    NaN    NaN
317.5  57.5    NaN    NaN
317.5  62.5    NaN    NaN
317.5  67.5    NaN    NaN
317.5  72.5    NaN    NaN
317.5  77.5    NaN    NaN
317.5  82.5    NaN    NaN
317.5  87.5    NaN    NaN
322.5 -87.5    NaN    NaN
322.5 -82.5 0.4022 0.0424
322.5 -77.5 0.5056 0.1101
322.5 -72.5 0.4825 0.1212
322.5 -67.5 0.4888 0.1272
322.5 -62.5 0.4958 0.1393
322.5 -57.5 0.5099 0.1416
322.5 -52.5 0.5081 0.1287
322.5 -47.5 0.4882 0.1111
322.5 -42.5 0.4482 0.0923
322.5 -37.5 0.4162 0.0680
322.5 -32.5 0.3915 0.0596
322.5 -27.5 0.3742 0.0604
322.5 -22.5 0.3715 0.0665
322.5 -17.5 0.4214 0.0603
322.5 -12.5 0.4690 0.0458
322.5  -7.5 0.4896 0.0381
322.5  -2.5 0.4837 0.0334
322.5   2.5 0.4904 0.0267
322.5   7.5 0.4924 0.0196
322.5  12.5 0.4878 0.0152
322.5  17.5 0.4858 0.0053
322.5  22.5    NaN    NaN
322.5  27.5    NaN    NaN
322.5  32.5    NaN    NaN
322.5  37.5    NaN    NaN
322.5  42.5    NaN    NaN
322.5  47.5    NaN    NaN
322.5  52.5    NaN    NaN
322.5  57.5    NaN    NaN
322.5  62.5    NaN    NaN
322.5  67.5    NaN    NaN
322.5  72.5    NaN    NaN
322.5  77.5    NaN    NaN
322.5  82.5    NaN    NaN
322.5  87.5    NaN    NaN
327.5 -87.5    NaN    NaN
327.5 -82.5 0.4000 0.0459
327.5 -77.5 0.5005 0.1114
327.5 -72.5 0.4959 0.1246
327.5 -67.5 0.4891 0.1316
327.5 -62.5 0.4971 0.1422
327.5 -57.5 0.5121 0.1462
327.5 -52.5 0.5079 0.1304
327.5 -47.5 0.4829 0.1169
327.5 -42.5 0.4418 0.0984
327.5 -37.5 0.4084 0.0709
327.5 -32.5 0.3807 0.0562
327.5 -27.5 0.3622 0.0516
327.5 -22.5 0.3516 0.0556
327.5 -17.5 0.3851 0.0570
327.5 -12.5 0.4398 0.0393
327.5  -7.5 0.4662 0.0310
327.5  -2.5 0.4619 0.0316
327.5   2.5 0.4771 0.0224
327.5   7.5 0.4793 0.0163
327.5  12.5 0.4832 0.0199
327.5  17.5 0.4883 0.0090
327.5  22.5    NaN    NaN
327.5  27.5    NaN    NaN
327.5  32.5    NaN    NaN
327.5  37.5    NaN    NaN
327.5  42.5    NaN    NaN
327.5  47.5    NaN    NaN
327.5  52.5    NaN    NaN
327.5  57.5    NaN    NaN
327.5  62.5    NaN    NaN
327.5  67.5    NaN    NaN
327.5  72.5    NaN    NaN
327.5  77.5    NaN    NaN
327.5  82.5    NaN    NaN
327.5  87.5    NaN    NaN
332.5 -87.5    NaN    NaN
332.5 -82.5 0.4058 0.0411
332.5 -77.5 0.4949 0.1111
332.5 -72.5 0.4932 0.1262
332.5 -67.5 0.4927 0.1349
332.5 -62.5 0.5092 0.1426
332.5 -57.5 0.5264 0.1454
332.5 -52.5 0.5194 0.1329
332.5 -47.5 0.4876 0.1201
332.5 -42.5 0.4431 0.1002
332.5 -37.5 0.4058 0.0714
332.5 -32.5 0.3750 0.0528
332.5 -27.5 0.3546 0.0437
332.5 -22.5 0.3396 0.0436
332.5 -17.5 0.3604 0.0465
332.5 -12.5 0.4060 0.0313
332.5  -7.5 0.4365 0.0287
332.5  -2.5 0.4406 0.0320
332.5   2.5 0.4609 0.0174
332.5   7.5 0.4725 0.0030
332.5  12.5    NaN    NaN
332.5  17.5    NaN    NaN
332.5  22.5    NaN    NaN
332.5  27.5    NaN    NaN
332.5  32.5    NaN    NaN
332.5  37.5    NaN    NaN
332.5  42.5    NaN    NaN
332.5  47.5    NaN    NaN
332.5  52.5    NaN    NaN
332.5  57.5    NaN    NaN
332.5  62.5    NaN    NaN
332.5  67.5    NaN    NaN
332.5  72.5    NaN    NaN
332.5  77.5    NaN    NaN
332.5  82.5    NaN    NaN
332.5  87.5    NaN    NaN
337.5 -87.5    NaN    NaN
337.5 -82.5 0.4055 0.0441
337.5 -77.5 0.4816 0.1103
337.5 -72.5 0.4875 0.1302
337.5 -67.5 0.4873 0.1369
337.5 -62.5 0.5031 0.1417
337.5 -57.5 0.5214 0.1453
337.5 -52.5 0.5140 0.1321
337.5 -47.5 0.4889 0.1202
337.5 -42.5 0.4500 0.1022
337.5 -37.5 0.4095 0.0735
337.5 -32.5 0.3743 0.0537
337.5 -27.5 0.3470 0.0429
337.5 -22.5 0.3251 0.0415
337.5 -17.5 0.3127 0.0382
337.5 -12.5 0.3320 0.0292
337.5  -7.5 0.3222 0.0333
337.5  -2.5 0.3238 0.0238
337.5   2.5    NaN    NaN
337.5   7.5    NaN    NaN
337.5  12.5    NaN    NaN
337.5  17.5    NaN    NaN
337.5  22.5    NaN    NaN
337.5  27.5    NaN    NaN
337.5  32.5    NaN    NaN
337.5  37.5    NaN    NaN
337.5  42.5    NaN    NaN
337.5  47.5    NaN    NaN
337.5  52.5    NaN    NaN
337.5  57.5    NaN    NaN
337.5  62.5    NaN    NaN
337.5  67.5    NaN    NaN
337.5  72.5    NaN    NaN
337.5  77.5    NaN    NaN
337.5  82.5    NaN    NaN
337.5  87.5    NaN    NaN
342.5 -87.5    NaN    NaN
342.5 -82.5 0.4088 0.0407
342.5 -77.5 0.4692 0.1063
342.5 -72.5 0.4819 0.1304
342.5 -67.5 0.4839 0.1379
342.5 -62.5 0.4945 0.1392
342.5 -57.5 0.5114 0.1428
342.5 -52.5 0.5079 0.1321
342.5 -47.5 0.4831 0.1187
342.5 -42.5 0.4468 0.1019
342.5 -37.5 0.4059 0.0728
342.5 -32.5 0.3709 0.0511
342.5 -27.5 0.3447 0.0399
342.5 -22.5 0.3266 0.0415
342.5 -17.5 0.3085 0.0385
342.5 -12.5 0.3287 0.0264
342.5  -7.5 0.3203 0.0316
342.5  -2.5 0.3283 0.0124
342.5   2.5    NaN    NaN
342.5   7.5    NaN    NaN
342.5  12.5    NaN    NaN
342.5  17.5    NaN    NaN
342.5  22.5    NaN    NaN
342.5  27.5    NaN    NaN
342.5  32.5    NaN    NaN
342.5  37.5    NaN    NaN
342.5  42.5    NaN    NaN
342.5  47.5    NaN    NaN
342.5  52.5    NaN    NaN
342.5  57.5    NaN    NaN
342.5  62.5    NaN    NaN
342.5  67.5    NaN    NaN
342.5  72.5    NaN    NaN
342.5  77.5    NaN    NaN
342.5  82.5    NaN    NaN
342.5  87.5    NaN    NaN
347.5 -87.5    NaN    NaN
347.5 -82.5 0.4073 0.0460
347.5 -77.5 0.4573 0.1038
347.5 -72.5 0.4764 0.1299
347.5 -67.5 0.4759 0.1374
347.5 -62.5 0.4907 0.1362
347.5 -57.5 0.5083 0.1394
347.5 -52.5 0.5045 0.1304
347.5 -47.5 0.4800 0.1179
347.5 -42.5 0.4433 0.1028
347.5 -37.5 0.4028 0.0744
347.5 -32.5 0.3681 0.0510
347.5 -27.5 0.3433 0.0407
347.5 -22.5 0.3262 0.0416
347.5 -17.5 0.3069 0.0376
347.5 -12.5 0.3299 0.0207
347.5  -7.5 0.3255 0.0296
347.5  -2.5 0.3359 0.0308
347.5   2.5    NaN    NaN
347.5   7.5    NaN    NaN
347.5  12.5    NaN    NaN
347.5  17.5    NaN    NaN
347.5  22.5    NaN    NaN
347.5  27.5    NaN    NaN
347.5  32.5    NaN    NaN
347.5  37.5    NaN    NaN
347.5  42.5    NaN    NaN
347.5  47.5    NaN    NaN
347.5  52.5    NaN    NaN
347.5  57.5    NaN    NaN
347.5  62.5    NaN    NaN
347.5  67.5    NaN    NaN
347.5  72.5    NaN    NaN
347.5  77.5    NaN    NaN
347.5  82.5    NaN    NaN
347.5  87.5    NaN    NaN
352.5 -87.5    NaN    NaN
352.5 -82.5 0.4125 0.0400
352.5 -77.5 0.4472 0.0955
352.5 -72.5 0.4664 0.1268
352.5 -67.5 0.4727 0.1345
352.5 -62.5 0.4867 0.1325
352.5 -57.5 0.5028 0.1356
352.5 -52.5 0.5010 0.1295
352.5 -47.5 0.4783 0.1197
352.5 -42.5 0.4407 0.1037
352.5 -37.5 0.3998 0.0757
352.5 -32.5 0.3631 0.0509
352.5 -27.5 0.3431 0.0423
352.5 -22.5 0.3261 0.0396
352.5 -17.5 0.3094 0.0388
352.5 -12.5 0.3315 0.0253
352.5  -7.5 0.3321 0.0321
352.5  -2.5 0.3772 0.0120
352.5   2.5    NaN    NaN
352.5   7.5    NaN    NaN
352.5  12.5    NaN    NaN
352.5  17.5    NaN    NaN
352.5  22.5    NaN    NaN
352.5  27.5    NaN    NaN
352.5  32.5    NaN    NaN
352.5  37.5    NaN    NaN
352.5  42.5    NaN    NaN
352.5  47.5    NaN    NaN
352.5  52.5    NaN    NaN
352.5  57.5    NaN    NaN
352.5  62.5    NaN    NaN
352.5  67.5    NaN    NaN
352.5  72.5    NaN    NaN
352.5  77.5    NaN    NaN
352.5  82.5    NaN    NaN
352.5  87.5    NaN    NaN
357.5 -87.5    NaN    NaN
357.5 -82.5 0.4106 0.0432
357.5 -77.5 0.4419 0.0884
357.5 -72.5 0.4612 0.1207
357.5 -67.5 0.4656 0.1316
357.5 -62.5 0.4797 0.1295
357.5 -57.5 0.4955 0.1310
357.5 -52.5 0.4962 0.1277
357.5 -47.5 0.4758 0.1180
357.5 -42.5 0.4396 0.1015
357.5 -37.5 0.3982 0.0744
357.5 -32.5 0.3624 0.0482
357.5 -27.5 0.3454 0.0429
357.5 -22.5 0.3288 0.0399
357.5 -17.5 0.3144 0.0409
357.5 -12.5 0.3297 0.0370
357.5  -7.5 0.3428 0.0343
357.5  -2.5 0.3803 0.0084
357.5   2.5    NaN    NaN
357.5   7.5    NaN    NaN
357.5  12.5    NaN    NaN
357.5  17.5    NaN    NaN
357.5  22.5    NaN    NaN
357.5  27.5    NaN    NaN
357.5  32.5    NaN    NaN
357.5  37.5    NaN    NaN
357.5  42.5    NaN    NaN
357.5  47.5    NaN    NaN
357.5  52.5    NaN    NaN
357.5  57.5    NaN    NaN
357.5  62.5    NaN    NaN
357.5  67.5    NaN    NaN
357.5  72.5    NaN    NaN
357.5  77.5    NaN    NaN
357.5  82.5    NaN    NaN
357.5  87.5    NaN    NaN
