# Production date: 2020/April/17
# Fixed condition: Pha 80-85 deg
# Data description: Mean albedo distribution as a function of lon and lat
# Details on the data: Lee et al. JGR:planets
#--------------------------------------
# lon [deg], lat [deg], mean albedo [unitless], standard deviation
#--------------------------------------
  2.5 -87.5    NaN    NaN
  2.5 -82.5    NaN    NaN
  2.5 -77.5 0.4263 0.0431
  2.5 -72.5 0.4190 0.0536
  2.5 -67.5 0.4149 0.0627
  2.5 -62.5 0.4295 0.0748
  2.5 -57.5 0.4313 0.0768
  2.5 -52.5 0.4260 0.0803
  2.5 -47.5 0.4050 0.0790
  2.5 -42.5 0.3749 0.0672
  2.5 -37.5 0.3545 0.0562
  2.5 -32.5 0.3431 0.0504
  2.5 -27.5 0.3374 0.0471
  2.5 -22.5 0.3288 0.0461
  2.5 -17.5 0.3160 0.0452
  2.5 -12.5 0.3042 0.0454
  2.5  -7.5 0.2942 0.0491
  2.5  -2.5 0.2978 0.0496
  2.5   2.5 0.3027 0.0357
  2.5   7.5 0.3040 0.0269
  2.5  12.5 0.2879    NaN
  2.5  17.5    NaN    NaN
  2.5  22.5    NaN    NaN
  2.5  27.5    NaN    NaN
  2.5  32.5    NaN    NaN
  2.5  37.5    NaN    NaN
  2.5  42.5    NaN    NaN
  2.5  47.5    NaN    NaN
  2.5  52.5    NaN    NaN
  2.5  57.5    NaN    NaN
  2.5  62.5    NaN    NaN
  2.5  67.5    NaN    NaN
  2.5  72.5    NaN    NaN
  2.5  77.5    NaN    NaN
  2.5  82.5    NaN    NaN
  2.5  87.5    NaN    NaN
  7.5 -87.5    NaN    NaN
  7.5 -82.5    NaN    NaN
  7.5 -77.5 0.4263 0.0470
  7.5 -72.5 0.4193 0.0533
  7.5 -67.5 0.4152 0.0607
  7.5 -62.5 0.4268 0.0730
  7.5 -57.5 0.4326 0.0743
  7.5 -52.5 0.4267 0.0795
  7.5 -47.5 0.4047 0.0813
  7.5 -42.5 0.3752 0.0694
  7.5 -37.5 0.3527 0.0596
  7.5 -32.5 0.3420 0.0513
  7.5 -27.5 0.3361 0.0482
  7.5 -22.5 0.3284 0.0467
  7.5 -17.5 0.3155 0.0455
  7.5 -12.5 0.3046 0.0446
  7.5  -7.5 0.2933 0.0475
  7.5  -2.5 0.2917 0.0484
  7.5   2.5 0.2899 0.0362
  7.5   7.5 0.2857 0.0258
  7.5  12.5    NaN    NaN
  7.5  17.5    NaN    NaN
  7.5  22.5    NaN    NaN
  7.5  27.5    NaN    NaN
  7.5  32.5    NaN    NaN
  7.5  37.5    NaN    NaN
  7.5  42.5    NaN    NaN
  7.5  47.5    NaN    NaN
  7.5  52.5    NaN    NaN
  7.5  57.5    NaN    NaN
  7.5  62.5    NaN    NaN
  7.5  67.5    NaN    NaN
  7.5  72.5    NaN    NaN
  7.5  77.5    NaN    NaN
  7.5  82.5    NaN    NaN
  7.5  87.5    NaN    NaN
 12.5 -87.5    NaN    NaN
 12.5 -82.5 0.3194    NaN
 12.5 -77.5 0.4243 0.0475
 12.5 -72.5 0.4205 0.0529
 12.5 -67.5 0.4146 0.0597
 12.5 -62.5 0.4257 0.0688
 12.5 -57.5 0.4318 0.0726
 12.5 -52.5 0.4269 0.0802
 12.5 -47.5 0.4087 0.0810
 12.5 -42.5 0.3782 0.0680
 12.5 -37.5 0.3552 0.0567
 12.5 -32.5 0.3439 0.0503
 12.5 -27.5 0.3370 0.0475
 12.5 -22.5 0.3307 0.0464
 12.5 -17.5 0.3182 0.0457
 12.5 -12.5 0.3054 0.0436
 12.5  -7.5 0.2922 0.0478
 12.5  -2.5 0.2852 0.0471
 12.5   2.5 0.2800 0.0360
 12.5   7.5 0.2867 0.0208
 12.5  12.5 0.2696    NaN
 12.5  17.5    NaN    NaN
 12.5  22.5    NaN    NaN
 12.5  27.5    NaN    NaN
 12.5  32.5    NaN    NaN
 12.5  37.5    NaN    NaN
 12.5  42.5    NaN    NaN
 12.5  47.5    NaN    NaN
 12.5  52.5    NaN    NaN
 12.5  57.5    NaN    NaN
 12.5  62.5    NaN    NaN
 12.5  67.5    NaN    NaN
 12.5  72.5    NaN    NaN
 12.5  77.5    NaN    NaN
 12.5  82.5    NaN    NaN
 12.5  87.5    NaN    NaN
 17.5 -87.5    NaN    NaN
 17.5 -82.5 0.3677 0.0583
 17.5 -77.5 0.4276 0.0492
 17.5 -72.5 0.4210 0.0534
 17.5 -67.5 0.4135 0.0612
 17.5 -62.5 0.4237 0.0668
 17.5 -57.5 0.4334 0.0695
 17.5 -52.5 0.4301 0.0776
 17.5 -47.5 0.4084 0.0825
 17.5 -42.5 0.3771 0.0691
 17.5 -37.5 0.3553 0.0568
 17.5 -32.5 0.3454 0.0505
 17.5 -27.5 0.3379 0.0481
 17.5 -22.5 0.3323 0.0463
 17.5 -17.5 0.3207 0.0452
 17.5 -12.5 0.3075 0.0419
 17.5  -7.5 0.2904 0.0464
 17.5  -2.5 0.2795 0.0450
 17.5   2.5 0.2721 0.0329
 17.5   7.5 0.2805 0.0155
 17.5  12.5 0.2741 0.0069
 17.5  17.5    NaN    NaN
 17.5  22.5    NaN    NaN
 17.5  27.5    NaN    NaN
 17.5  32.5    NaN    NaN
 17.5  37.5    NaN    NaN
 17.5  42.5    NaN    NaN
 17.5  47.5    NaN    NaN
 17.5  52.5    NaN    NaN
 17.5  57.5    NaN    NaN
 17.5  62.5    NaN    NaN
 17.5  67.5    NaN    NaN
 17.5  72.5    NaN    NaN
 17.5  77.5    NaN    NaN
 17.5  82.5    NaN    NaN
 17.5  87.5    NaN    NaN
 22.5 -87.5    NaN    NaN
 22.5 -82.5 0.3530 0.0407
 22.5 -77.5 0.4298 0.0491
 22.5 -72.5 0.4209 0.0545
 22.5 -67.5 0.4121 0.0614
 22.5 -62.5 0.4197 0.0662
 22.5 -57.5 0.4295 0.0710
 22.5 -52.5 0.4278 0.0802
 22.5 -47.5 0.4090 0.0830
 22.5 -42.5 0.3799 0.0688
 22.5 -37.5 0.3577 0.0564
 22.5 -32.5 0.3482 0.0502
 22.5 -27.5 0.3410 0.0473
 22.5 -22.5 0.3350 0.0459
 22.5 -17.5 0.3244 0.0441
 22.5 -12.5 0.3080 0.0416
 22.5  -7.5 0.2892 0.0463
 22.5  -2.5 0.2714 0.0452
 22.5   2.5 0.2631 0.0314
 22.5   7.5 0.2772 0.0184
 22.5  12.5 0.2723 0.0118
 22.5  17.5    NaN    NaN
 22.5  22.5    NaN    NaN
 22.5  27.5    NaN    NaN
 22.5  32.5    NaN    NaN
 22.5  37.5    NaN    NaN
 22.5  42.5    NaN    NaN
 22.5  47.5    NaN    NaN
 22.5  52.5    NaN    NaN
 22.5  57.5    NaN    NaN
 22.5  62.5    NaN    NaN
 22.5  67.5    NaN    NaN
 22.5  72.5    NaN    NaN
 22.5  77.5    NaN    NaN
 22.5  82.5    NaN    NaN
 22.5  87.5    NaN    NaN
 27.5 -87.5    NaN    NaN
 27.5 -82.5 0.3555 0.0376
 27.5 -77.5 0.4302 0.0476
 27.5 -72.5 0.4212 0.0554
 27.5 -67.5 0.4110 0.0621
 27.5 -62.5 0.4159 0.0666
 27.5 -57.5 0.4284 0.0729
 27.5 -52.5 0.4265 0.0822
 27.5 -47.5 0.4110 0.0841
 27.5 -42.5 0.3823 0.0697
 27.5 -37.5 0.3595 0.0561
 27.5 -32.5 0.3503 0.0498
 27.5 -27.5 0.3441 0.0471
 27.5 -22.5 0.3366 0.0459
 27.5 -17.5 0.3273 0.0448
 27.5 -12.5 0.3087 0.0415
 27.5  -7.5 0.2883 0.0446
 27.5  -2.5 0.2711 0.0450
 27.5   2.5 0.2664 0.0337
 27.5   7.5 0.2737 0.0229
 27.5  12.5 0.2681 0.0119
 27.5  17.5    NaN    NaN
 27.5  22.5    NaN    NaN
 27.5  27.5    NaN    NaN
 27.5  32.5    NaN    NaN
 27.5  37.5    NaN    NaN
 27.5  42.5    NaN    NaN
 27.5  47.5    NaN    NaN
 27.5  52.5    NaN    NaN
 27.5  57.5    NaN    NaN
 27.5  62.5    NaN    NaN
 27.5  67.5    NaN    NaN
 27.5  72.5    NaN    NaN
 27.5  77.5    NaN    NaN
 27.5  82.5    NaN    NaN
 27.5  87.5    NaN    NaN
 32.5 -87.5    NaN    NaN
 32.5 -82.5 0.3608 0.0432
 32.5 -77.5 0.4295 0.0466
 32.5 -72.5 0.4209 0.0570
 32.5 -67.5 0.4092 0.0638
 32.5 -62.5 0.4157 0.0661
 32.5 -57.5 0.4266 0.0739
 32.5 -52.5 0.4246 0.0836
 32.5 -47.5 0.4091 0.0857
 32.5 -42.5 0.3830 0.0713
 32.5 -37.5 0.3628 0.0567
 32.5 -32.5 0.3534 0.0494
 32.5 -27.5 0.3468 0.0469
 32.5 -22.5 0.3379 0.0464
 32.5 -17.5 0.3283 0.0450
 32.5 -12.5 0.3091 0.0424
 32.5  -7.5 0.2859 0.0436
 32.5  -2.5 0.2693 0.0439
 32.5   2.5 0.2696 0.0341
 32.5   7.5 0.2744 0.0283
 32.5  12.5 0.2629 0.0172
 32.5  17.5    NaN    NaN
 32.5  22.5    NaN    NaN
 32.5  27.5    NaN    NaN
 32.5  32.5    NaN    NaN
 32.5  37.5    NaN    NaN
 32.5  42.5    NaN    NaN
 32.5  47.5    NaN    NaN
 32.5  52.5    NaN    NaN
 32.5  57.5    NaN    NaN
 32.5  62.5    NaN    NaN
 32.5  67.5    NaN    NaN
 32.5  72.5    NaN    NaN
 32.5  77.5    NaN    NaN
 32.5  82.5    NaN    NaN
 32.5  87.5    NaN    NaN
 37.5 -87.5    NaN    NaN
 37.5 -82.5 0.3627 0.0451
 37.5 -77.5 0.4279 0.0486
 37.5 -72.5 0.4206 0.0564
 37.5 -67.5 0.4113 0.0652
 37.5 -62.5 0.4145 0.0670
 37.5 -57.5 0.4264 0.0741
 37.5 -52.5 0.4277 0.0827
 37.5 -47.5 0.4132 0.0848
 37.5 -42.5 0.3869 0.0708
 37.5 -37.5 0.3666 0.0560
 37.5 -32.5 0.3560 0.0492
 37.5 -27.5 0.3480 0.0469
 37.5 -22.5 0.3387 0.0462
 37.5 -17.5 0.3295 0.0435
 37.5 -12.5 0.3079 0.0426
 37.5  -7.5 0.2851 0.0444
 37.5  -2.5 0.2713 0.0453
 37.5   2.5 0.2740 0.0355
 37.5   7.5 0.2766 0.0300
 37.5  12.5 0.2724 0.0181
 37.5  17.5    NaN    NaN
 37.5  22.5    NaN    NaN
 37.5  27.5    NaN    NaN
 37.5  32.5    NaN    NaN
 37.5  37.5    NaN    NaN
 37.5  42.5    NaN    NaN
 37.5  47.5    NaN    NaN
 37.5  52.5    NaN    NaN
 37.5  57.5    NaN    NaN
 37.5  62.5    NaN    NaN
 37.5  67.5    NaN    NaN
 37.5  72.5    NaN    NaN
 37.5  77.5    NaN    NaN
 37.5  82.5    NaN    NaN
 37.5  87.5    NaN    NaN
 42.5 -87.5    NaN    NaN
 42.5 -82.5 0.3644 0.0462
 42.5 -77.5 0.4246 0.0494
 42.5 -72.5 0.4202 0.0568
 42.5 -67.5 0.4147 0.0638
 42.5 -62.5 0.4202 0.0649
 42.5 -57.5 0.4320 0.0728
 42.5 -52.5 0.4301 0.0810
 42.5 -47.5 0.4138 0.0856
 42.5 -42.5 0.3888 0.0710
 42.5 -37.5 0.3677 0.0562
 42.5 -32.5 0.3569 0.0507
 42.5 -27.5 0.3481 0.0471
 42.5 -22.5 0.3396 0.0464
 42.5 -17.5 0.3300 0.0438
 42.5 -12.5 0.3094 0.0434
 42.5  -7.5 0.2865 0.0425
 42.5  -2.5 0.2741 0.0461
 42.5   2.5 0.2773 0.0393
 42.5   7.5 0.2871 0.0262
 42.5  12.5 0.2785 0.0261
 42.5  17.5    NaN    NaN
 42.5  22.5    NaN    NaN
 42.5  27.5    NaN    NaN
 42.5  32.5    NaN    NaN
 42.5  37.5    NaN    NaN
 42.5  42.5    NaN    NaN
 42.5  47.5    NaN    NaN
 42.5  52.5    NaN    NaN
 42.5  57.5    NaN    NaN
 42.5  62.5    NaN    NaN
 42.5  67.5    NaN    NaN
 42.5  72.5    NaN    NaN
 42.5  77.5    NaN    NaN
 42.5  82.5    NaN    NaN
 42.5  87.5    NaN    NaN
 47.5 -87.5    NaN    NaN
 47.5 -82.5 0.3731 0.0427
 47.5 -77.5 0.4238 0.0513
 47.5 -72.5 0.4222 0.0569
 47.5 -67.5 0.4183 0.0628
 47.5 -62.5 0.4218 0.0666
 47.5 -57.5 0.4334 0.0732
 47.5 -52.5 0.4317 0.0791
 47.5 -47.5 0.4158 0.0842
 47.5 -42.5 0.3890 0.0712
 47.5 -37.5 0.3699 0.0550
 47.5 -32.5 0.3595 0.0500
 47.5 -27.5 0.3492 0.0472
 47.5 -22.5 0.3405 0.0473
 47.5 -17.5 0.3302 0.0456
 47.5 -12.5 0.3113 0.0457
 47.5  -7.5 0.2881 0.0434
 47.5  -2.5 0.2764 0.0479
 47.5   2.5 0.2818 0.0428
 47.5   7.5 0.2891 0.0323
 47.5  12.5 0.2985 0.0084
 47.5  17.5    NaN    NaN
 47.5  22.5    NaN    NaN
 47.5  27.5    NaN    NaN
 47.5  32.5    NaN    NaN
 47.5  37.5    NaN    NaN
 47.5  42.5    NaN    NaN
 47.5  47.5    NaN    NaN
 47.5  52.5    NaN    NaN
 47.5  57.5    NaN    NaN
 47.5  62.5    NaN    NaN
 47.5  67.5    NaN    NaN
 47.5  72.5    NaN    NaN
 47.5  77.5    NaN    NaN
 47.5  82.5    NaN    NaN
 47.5  87.5    NaN    NaN
 52.5 -87.5    NaN    NaN
 52.5 -82.5 0.3723 0.0378
 52.5 -77.5 0.4216 0.0488
 52.5 -72.5 0.4257 0.0562
 52.5 -67.5 0.4196 0.0638
 52.5 -62.5 0.4222 0.0687
 52.5 -57.5 0.4340 0.0735
 52.5 -52.5 0.4311 0.0793
 52.5 -47.5 0.4155 0.0835
 52.5 -42.5 0.3918 0.0709
 52.5 -37.5 0.3711 0.0546
 52.5 -32.5 0.3610 0.0493
 52.5 -27.5 0.3509 0.0462
 52.5 -22.5 0.3425 0.0456
 52.5 -17.5 0.3320 0.0458
 52.5 -12.5 0.3161 0.0469
 52.5  -7.5 0.2919 0.0446
 52.5  -2.5 0.2804 0.0492
 52.5   2.5 0.2837 0.0494
 52.5   7.5 0.2944 0.0402
 52.5  12.5 0.3078 0.0193
 52.5  17.5    NaN    NaN
 52.5  22.5    NaN    NaN
 52.5  27.5    NaN    NaN
 52.5  32.5    NaN    NaN
 52.5  37.5    NaN    NaN
 52.5  42.5    NaN    NaN
 52.5  47.5    NaN    NaN
 52.5  52.5    NaN    NaN
 52.5  57.5    NaN    NaN
 52.5  62.5    NaN    NaN
 52.5  67.5    NaN    NaN
 52.5  72.5    NaN    NaN
 52.5  77.5    NaN    NaN
 52.5  82.5    NaN    NaN
 52.5  87.5    NaN    NaN
 57.5 -87.5    NaN    NaN
 57.5 -82.5 0.3744 0.0345
 57.5 -77.5 0.4226 0.0477
 57.5 -72.5 0.4292 0.0567
 57.5 -67.5 0.4199 0.0648
 57.5 -62.5 0.4247 0.0706
 57.5 -57.5 0.4373 0.0724
 57.5 -52.5 0.4355 0.0772
 57.5 -47.5 0.4170 0.0798
 57.5 -42.5 0.3939 0.0695
 57.5 -37.5 0.3732 0.0531
 57.5 -32.5 0.3617 0.0481
 57.5 -27.5 0.3519 0.0456
 57.5 -22.5 0.3449 0.0450
 57.5 -17.5 0.3335 0.0472
 57.5 -12.5 0.3181 0.0489
 57.5  -7.5 0.2943 0.0479
 57.5  -2.5 0.2844 0.0468
 57.5   2.5 0.2862 0.0507
 57.5   7.5 0.2908 0.0470
 57.5  12.5 0.3089 0.0232
 57.5  17.5    NaN    NaN
 57.5  22.5    NaN    NaN
 57.5  27.5    NaN    NaN
 57.5  32.5    NaN    NaN
 57.5  37.5    NaN    NaN
 57.5  42.5    NaN    NaN
 57.5  47.5    NaN    NaN
 57.5  52.5    NaN    NaN
 57.5  57.5    NaN    NaN
 57.5  62.5    NaN    NaN
 57.5  67.5    NaN    NaN
 57.5  72.5    NaN    NaN
 57.5  77.5    NaN    NaN
 57.5  82.5    NaN    NaN
 57.5  87.5    NaN    NaN
 62.5 -87.5    NaN    NaN
 62.5 -82.5 0.3635 0.0367
 62.5 -77.5 0.4244 0.0469
 62.5 -72.5 0.4295 0.0590
 62.5 -67.5 0.4221 0.0635
 62.5 -62.5 0.4275 0.0717
 62.5 -57.5 0.4396 0.0737
 62.5 -52.5 0.4376 0.0773
 62.5 -47.5 0.4162 0.0790
 62.5 -42.5 0.3930 0.0694
 62.5 -37.5 0.3716 0.0539
 62.5 -32.5 0.3591 0.0490
 62.5 -27.5 0.3514 0.0454
 62.5 -22.5 0.3449 0.0448
 62.5 -17.5 0.3348 0.0478
 62.5 -12.5 0.3199 0.0502
 62.5  -7.5 0.3012 0.0488
 62.5  -2.5 0.2863 0.0484
 62.5   2.5 0.2933 0.0475
 62.5   7.5 0.3035 0.0372
 62.5  12.5 0.3057 0.0255
 62.5  17.5    NaN    NaN
 62.5  22.5    NaN    NaN
 62.5  27.5    NaN    NaN
 62.5  32.5    NaN    NaN
 62.5  37.5    NaN    NaN
 62.5  42.5    NaN    NaN
 62.5  47.5    NaN    NaN
 62.5  52.5    NaN    NaN
 62.5  57.5    NaN    NaN
 62.5  62.5    NaN    NaN
 62.5  67.5    NaN    NaN
 62.5  72.5    NaN    NaN
 62.5  77.5    NaN    NaN
 62.5  82.5    NaN    NaN
 62.5  87.5    NaN    NaN
 67.5 -87.5    NaN    NaN
 67.5 -82.5 0.3647 0.0366
 67.5 -77.5 0.4255 0.0472
 67.5 -72.5 0.4325 0.0583
 67.5 -67.5 0.4234 0.0635
 67.5 -62.5 0.4291 0.0712
 67.5 -57.5 0.4412 0.0757
 67.5 -52.5 0.4379 0.0780
 67.5 -47.5 0.4181 0.0786
 67.5 -42.5 0.3933 0.0686
 67.5 -37.5 0.3720 0.0517
 67.5 -32.5 0.3592 0.0459
 67.5 -27.5 0.3511 0.0444
 67.5 -22.5 0.3424 0.0467
 67.5 -17.5 0.3356 0.0492
 67.5 -12.5 0.3204 0.0503
 67.5  -7.5 0.3042 0.0491
 67.5  -2.5 0.2881 0.0481
 67.5   2.5 0.2999 0.0490
 67.5   7.5 0.3153 0.0354
 67.5  12.5 0.3113 0.0324
 67.5  17.5    NaN    NaN
 67.5  22.5    NaN    NaN
 67.5  27.5    NaN    NaN
 67.5  32.5    NaN    NaN
 67.5  37.5    NaN    NaN
 67.5  42.5    NaN    NaN
 67.5  47.5    NaN    NaN
 67.5  52.5    NaN    NaN
 67.5  57.5    NaN    NaN
 67.5  62.5    NaN    NaN
 67.5  67.5    NaN    NaN
 67.5  72.5    NaN    NaN
 67.5  77.5    NaN    NaN
 67.5  82.5    NaN    NaN
 67.5  87.5    NaN    NaN
 72.5 -87.5    NaN    NaN
 72.5 -82.5 0.3726 0.0374
 72.5 -77.5 0.4263 0.0521
 72.5 -72.5 0.4342 0.0588
 72.5 -67.5 0.4244 0.0628
 72.5 -62.5 0.4285 0.0729
 72.5 -57.5 0.4449 0.0742
 72.5 -52.5 0.4409 0.0769
 72.5 -47.5 0.4188 0.0792
 72.5 -42.5 0.3914 0.0681
 72.5 -37.5 0.3701 0.0522
 72.5 -32.5 0.3577 0.0471
 72.5 -27.5 0.3494 0.0438
 72.5 -22.5 0.3415 0.0466
 72.5 -17.5 0.3367 0.0488
 72.5 -12.5 0.3235 0.0497
 72.5  -7.5 0.3067 0.0489
 72.5  -2.5 0.2905 0.0500
 72.5   2.5 0.3001 0.0528
 72.5   7.5 0.3181 0.0467
 72.5  12.5 0.3194 0.0382
 72.5  17.5    NaN    NaN
 72.5  22.5    NaN    NaN
 72.5  27.5    NaN    NaN
 72.5  32.5    NaN    NaN
 72.5  37.5    NaN    NaN
 72.5  42.5    NaN    NaN
 72.5  47.5    NaN    NaN
 72.5  52.5    NaN    NaN
 72.5  57.5    NaN    NaN
 72.5  62.5    NaN    NaN
 72.5  67.5    NaN    NaN
 72.5  72.5    NaN    NaN
 72.5  77.5    NaN    NaN
 72.5  82.5    NaN    NaN
 72.5  87.5    NaN    NaN
 77.5 -87.5    NaN    NaN
 77.5 -82.5 0.3721 0.0352
 77.5 -77.5 0.4232 0.0501
 77.5 -72.5 0.4359 0.0603
 77.5 -67.5 0.4277 0.0621
 77.5 -62.5 0.4306 0.0742
 77.5 -57.5 0.4436 0.0763
 77.5 -52.5 0.4399 0.0793
 77.5 -47.5 0.4200 0.0799
 77.5 -42.5 0.3901 0.0687
 77.5 -37.5 0.3685 0.0514
 77.5 -32.5 0.3561 0.0462
 77.5 -27.5 0.3469 0.0432
 77.5 -22.5 0.3395 0.0459
 77.5 -17.5 0.3329 0.0502
 77.5 -12.5 0.3255 0.0476
 77.5  -7.5 0.3116 0.0483
 77.5  -2.5 0.2991 0.0489
 77.5   2.5 0.3097 0.0542
 77.5   7.5 0.3321 0.0447
 77.5  12.5 0.3207 0.0444
 77.5  17.5    NaN    NaN
 77.5  22.5    NaN    NaN
 77.5  27.5    NaN    NaN
 77.5  32.5    NaN    NaN
 77.5  37.5    NaN    NaN
 77.5  42.5    NaN    NaN
 77.5  47.5    NaN    NaN
 77.5  52.5    NaN    NaN
 77.5  57.5    NaN    NaN
 77.5  62.5    NaN    NaN
 77.5  67.5    NaN    NaN
 77.5  72.5    NaN    NaN
 77.5  77.5    NaN    NaN
 77.5  82.5    NaN    NaN
 77.5  87.5    NaN    NaN
 82.5 -87.5    NaN    NaN
 82.5 -82.5 0.3703 0.0351
 82.5 -77.5 0.4275 0.0555
 82.5 -72.5 0.4388 0.0609
 82.5 -67.5 0.4312 0.0620
 82.5 -62.5 0.4343 0.0715
 82.5 -57.5 0.4447 0.0771
 82.5 -52.5 0.4382 0.0841
 82.5 -47.5 0.4168 0.0848
 82.5 -42.5 0.3904 0.0696
 82.5 -37.5 0.3668 0.0522
 82.5 -32.5 0.3534 0.0471
 82.5 -27.5 0.3455 0.0438
 82.5 -22.5 0.3389 0.0454
 82.5 -17.5 0.3331 0.0510
 82.5 -12.5 0.3276 0.0478
 82.5  -7.5 0.3162 0.0463
 82.5  -2.5 0.3065 0.0459
 82.5   2.5 0.3174 0.0468
 82.5   7.5 0.3284 0.0498
 82.5  12.5 0.3491 0.0313
 82.5  17.5    NaN    NaN
 82.5  22.5    NaN    NaN
 82.5  27.5    NaN    NaN
 82.5  32.5    NaN    NaN
 82.5  37.5    NaN    NaN
 82.5  42.5    NaN    NaN
 82.5  47.5    NaN    NaN
 82.5  52.5    NaN    NaN
 82.5  57.5    NaN    NaN
 82.5  62.5    NaN    NaN
 82.5  67.5    NaN    NaN
 82.5  72.5    NaN    NaN
 82.5  77.5    NaN    NaN
 82.5  82.5    NaN    NaN
 82.5  87.5    NaN    NaN
 87.5 -87.5    NaN    NaN
 87.5 -82.5 0.3737 0.0350
 87.5 -77.5 0.4246 0.0540
 87.5 -72.5 0.4421 0.0617
 87.5 -67.5 0.4340 0.0631
 87.5 -62.5 0.4345 0.0722
 87.5 -57.5 0.4436 0.0812
 87.5 -52.5 0.4352 0.0879
 87.5 -47.5 0.4107 0.0883
 87.5 -42.5 0.3862 0.0738
 87.5 -37.5 0.3653 0.0536
 87.5 -32.5 0.3538 0.0468
 87.5 -27.5 0.3450 0.0433
 87.5 -22.5 0.3390 0.0453
 87.5 -17.5 0.3345 0.0506
 87.5 -12.5 0.3285 0.0489
 87.5  -7.5 0.3183 0.0481
 87.5  -2.5 0.3153 0.0419
 87.5   2.5 0.3169 0.0467
 87.5   7.5 0.3188 0.0467
 87.5  12.5 0.3619 0.0151
 87.5  17.5    NaN    NaN
 87.5  22.5    NaN    NaN
 87.5  27.5    NaN    NaN
 87.5  32.5    NaN    NaN
 87.5  37.5    NaN    NaN
 87.5  42.5    NaN    NaN
 87.5  47.5    NaN    NaN
 87.5  52.5    NaN    NaN
 87.5  57.5    NaN    NaN
 87.5  62.5    NaN    NaN
 87.5  67.5    NaN    NaN
 87.5  72.5    NaN    NaN
 87.5  77.5    NaN    NaN
 87.5  82.5    NaN    NaN
 87.5  87.5    NaN    NaN
 92.5 -87.5    NaN    NaN
 92.5 -82.5 0.3781 0.0332
 92.5 -77.5 0.4276 0.0577
 92.5 -72.5 0.4421 0.0659
 92.5 -67.5 0.4350 0.0656
 92.5 -62.5 0.4341 0.0738
 92.5 -57.5 0.4422 0.0845
 92.5 -52.5 0.4325 0.0933
 92.5 -47.5 0.4117 0.0900
 92.5 -42.5 0.3889 0.0747
 92.5 -37.5 0.3668 0.0548
 92.5 -32.5 0.3541 0.0491
 92.5 -27.5 0.3475 0.0437
 92.5 -22.5 0.3406 0.0462
 92.5 -17.5 0.3335 0.0524
 92.5 -12.5 0.3285 0.0526
 92.5  -7.5 0.3205 0.0519
 92.5  -2.5 0.3234 0.0443
 92.5   2.5 0.3216 0.0473
 92.5   7.5 0.3197 0.0477
 92.5  12.5 0.3338 0.0345
 92.5  17.5    NaN    NaN
 92.5  22.5    NaN    NaN
 92.5  27.5    NaN    NaN
 92.5  32.5    NaN    NaN
 92.5  37.5    NaN    NaN
 92.5  42.5    NaN    NaN
 92.5  47.5    NaN    NaN
 92.5  52.5    NaN    NaN
 92.5  57.5    NaN    NaN
 92.5  62.5    NaN    NaN
 92.5  67.5    NaN    NaN
 92.5  72.5    NaN    NaN
 92.5  77.5    NaN    NaN
 92.5  82.5    NaN    NaN
 92.5  87.5    NaN    NaN
 97.5 -87.5    NaN    NaN
 97.5 -82.5 0.3839 0.0334
 97.5 -77.5 0.4317 0.0600
 97.5 -72.5 0.4407 0.0683
 97.5 -67.5 0.4327 0.0731
 97.5 -62.5 0.4371 0.0760
 97.5 -57.5 0.4486 0.0848
 97.5 -52.5 0.4397 0.0920
 97.5 -47.5 0.4151 0.0897
 97.5 -42.5 0.3916 0.0736
 97.5 -37.5 0.3651 0.0574
 97.5 -32.5 0.3508 0.0526
 97.5 -27.5 0.3444 0.0466
 97.5 -22.5 0.3382 0.0467
 97.5 -17.5 0.3299 0.0516
 97.5 -12.5 0.3251 0.0531
 97.5  -7.5 0.3182 0.0526
 97.5  -2.5 0.3199 0.0462
 97.5   2.5 0.3193 0.0433
 97.5   7.5 0.3247 0.0369
 97.5  12.5 0.3203 0.0263
 97.5  17.5 0.2898 0.0177
 97.5  22.5    NaN    NaN
 97.5  27.5    NaN    NaN
 97.5  32.5    NaN    NaN
 97.5  37.5    NaN    NaN
 97.5  42.5    NaN    NaN
 97.5  47.5    NaN    NaN
 97.5  52.5    NaN    NaN
 97.5  57.5    NaN    NaN
 97.5  62.5    NaN    NaN
 97.5  67.5    NaN    NaN
 97.5  72.5    NaN    NaN
 97.5  77.5    NaN    NaN
 97.5  82.5    NaN    NaN
 97.5  87.5    NaN    NaN
102.5 -87.5    NaN    NaN
102.5 -82.5 0.3882 0.0341
102.5 -77.5 0.4293 0.0607
102.5 -72.5 0.4394 0.0696
102.5 -67.5 0.4333 0.0737
102.5 -62.5 0.4419 0.0769
102.5 -57.5 0.4540 0.0853
102.5 -52.5 0.4356 0.0961
102.5 -47.5 0.4036 0.0952
102.5 -42.5 0.3794 0.0793
102.5 -37.5 0.3611 0.0615
102.5 -32.5 0.3459 0.0543
102.5 -27.5 0.3387 0.0493
102.5 -22.5 0.3356 0.0448
102.5 -17.5 0.3304 0.0463
102.5 -12.5 0.3274 0.0471
102.5  -7.5 0.3226 0.0468
102.5  -2.5 0.3302 0.0401
102.5   2.5 0.3322 0.0332
102.5   7.5 0.3375 0.0187
102.5  12.5 0.3291 0.0149
102.5  17.5 0.3087 0.0109
102.5  22.5    NaN    NaN
102.5  27.5    NaN    NaN
102.5  32.5    NaN    NaN
102.5  37.5    NaN    NaN
102.5  42.5    NaN    NaN
102.5  47.5    NaN    NaN
102.5  52.5    NaN    NaN
102.5  57.5    NaN    NaN
102.5  62.5    NaN    NaN
102.5  67.5    NaN    NaN
102.5  72.5    NaN    NaN
102.5  77.5    NaN    NaN
102.5  82.5    NaN    NaN
102.5  87.5    NaN    NaN
107.5 -87.5    NaN    NaN
107.5 -82.5 0.3826 0.0325
107.5 -77.5 0.4303 0.0665
107.5 -72.5 0.4385 0.0696
107.5 -67.5 0.4370 0.0753
107.5 -62.5 0.4386 0.0813
107.5 -57.5 0.4445 0.0894
107.5 -52.5 0.4229 0.1019
107.5 -47.5 0.3994 0.0971
107.5 -42.5 0.3716 0.0810
107.5 -37.5 0.3562 0.0636
107.5 -32.5 0.3460 0.0549
107.5 -27.5 0.3387 0.0509
107.5 -22.5 0.3368 0.0441
107.5 -17.5 0.3319 0.0459
107.5 -12.5 0.3307 0.0457
107.5  -7.5 0.3253 0.0493
107.5  -2.5 0.3347 0.0408
107.5   2.5 0.3338 0.0363
107.5   7.5 0.3344 0.0204
107.5  12.5 0.3293 0.0175
107.5  17.5 0.3195 0.0103
107.5  22.5    NaN    NaN
107.5  27.5    NaN    NaN
107.5  32.5    NaN    NaN
107.5  37.5    NaN    NaN
107.5  42.5    NaN    NaN
107.5  47.5    NaN    NaN
107.5  52.5    NaN    NaN
107.5  57.5    NaN    NaN
107.5  62.5    NaN    NaN
107.5  67.5    NaN    NaN
107.5  72.5    NaN    NaN
107.5  77.5    NaN    NaN
107.5  82.5    NaN    NaN
107.5  87.5    NaN    NaN
112.5 -87.5    NaN    NaN
112.5 -82.5 0.3828 0.0304
112.5 -77.5 0.4222 0.0700
112.5 -72.5 0.4383 0.0710
112.5 -67.5 0.4344 0.0797
112.5 -62.5 0.4351 0.0814
112.5 -57.5 0.4363 0.0933
112.5 -52.5 0.4235 0.1019
112.5 -47.5 0.3992 0.0953
112.5 -42.5 0.3750 0.0787
112.5 -37.5 0.3600 0.0626
112.5 -32.5 0.3507 0.0536
112.5 -27.5 0.3432 0.0510
112.5 -22.5 0.3395 0.0458
112.5 -17.5 0.3375 0.0441
112.5 -12.5 0.3336 0.0460
112.5  -7.5 0.3294 0.0504
112.5  -2.5 0.3378 0.0417
112.5   2.5 0.3425 0.0312
112.5   7.5 0.3353 0.0209
112.5  12.5 0.3338 0.0171
112.5  17.5 0.3232 0.0146
112.5  22.5    NaN    NaN
112.5  27.5    NaN    NaN
112.5  32.5    NaN    NaN
112.5  37.5    NaN    NaN
112.5  42.5    NaN    NaN
112.5  47.5    NaN    NaN
112.5  52.5    NaN    NaN
112.5  57.5    NaN    NaN
112.5  62.5    NaN    NaN
112.5  67.5    NaN    NaN
112.5  72.5    NaN    NaN
112.5  77.5    NaN    NaN
112.5  82.5    NaN    NaN
112.5  87.5    NaN    NaN
117.5 -87.5    NaN    NaN
117.5 -82.5 0.3809 0.0298
117.5 -77.5 0.4280 0.0714
117.5 -72.5 0.4347 0.0758
117.5 -67.5 0.4352 0.0776
117.5 -62.5 0.4387 0.0810
117.5 -57.5 0.4420 0.0937
117.5 -52.5 0.4296 0.1014
117.5 -47.5 0.4046 0.0934
117.5 -42.5 0.3794 0.0770
117.5 -37.5 0.3647 0.0617
117.5 -32.5 0.3563 0.0523
117.5 -27.5 0.3483 0.0513
117.5 -22.5 0.3425 0.0487
117.5 -17.5 0.3415 0.0440
117.5 -12.5 0.3359 0.0497
117.5  -7.5 0.3324 0.0528
117.5  -2.5 0.3370 0.0449
117.5   2.5 0.3441 0.0290
117.5   7.5 0.3290 0.0245
117.5  12.5 0.3296 0.0202
117.5  17.5 0.3215 0.0174
117.5  22.5    NaN    NaN
117.5  27.5    NaN    NaN
117.5  32.5    NaN    NaN
117.5  37.5    NaN    NaN
117.5  42.5    NaN    NaN
117.5  47.5    NaN    NaN
117.5  52.5    NaN    NaN
117.5  57.5    NaN    NaN
117.5  62.5    NaN    NaN
117.5  67.5    NaN    NaN
117.5  72.5    NaN    NaN
117.5  77.5    NaN    NaN
117.5  82.5    NaN    NaN
117.5  87.5    NaN    NaN
122.5 -87.5    NaN    NaN
122.5 -82.5 0.3754 0.0326
122.5 -77.5 0.4298 0.0718
122.5 -72.5 0.4357 0.0765
122.5 -67.5 0.4358 0.0802
122.5 -62.5 0.4432 0.0838
122.5 -57.5 0.4501 0.0932
122.5 -52.5 0.4377 0.0996
122.5 -47.5 0.4097 0.0933
122.5 -42.5 0.3833 0.0762
122.5 -37.5 0.3679 0.0623
122.5 -32.5 0.3604 0.0531
122.5 -27.5 0.3518 0.0523
122.5 -22.5 0.3448 0.0506
122.5 -17.5 0.3423 0.0455
122.5 -12.5 0.3358 0.0522
122.5  -7.5 0.3329 0.0554
122.5  -2.5 0.3396 0.0446
122.5   2.5 0.3374 0.0327
122.5   7.5 0.3212 0.0253
122.5  12.5 0.3215 0.0250
122.5  17.5 0.3202 0.0169
122.5  22.5    NaN    NaN
122.5  27.5    NaN    NaN
122.5  32.5    NaN    NaN
122.5  37.5    NaN    NaN
122.5  42.5    NaN    NaN
122.5  47.5    NaN    NaN
122.5  52.5    NaN    NaN
122.5  57.5    NaN    NaN
122.5  62.5    NaN    NaN
122.5  67.5    NaN    NaN
122.5  72.5    NaN    NaN
122.5  77.5    NaN    NaN
122.5  82.5    NaN    NaN
122.5  87.5    NaN    NaN
127.5 -87.5    NaN    NaN
127.5 -82.5 0.3719 0.0359
127.5 -77.5 0.4310 0.0736
127.5 -72.5 0.4357 0.0787
127.5 -67.5 0.4378 0.0861
127.5 -62.5 0.4467 0.0892
127.5 -57.5 0.4526 0.0977
127.5 -52.5 0.4409 0.1029
127.5 -47.5 0.4127 0.0967
127.5 -42.5 0.3848 0.0792
127.5 -37.5 0.3692 0.0655
127.5 -32.5 0.3613 0.0569
127.5 -27.5 0.3523 0.0554
127.5 -22.5 0.3450 0.0530
127.5 -17.5 0.3376 0.0494
127.5 -12.5 0.3340 0.0527
127.5  -7.5 0.3312 0.0545
127.5  -2.5 0.3353 0.0447
127.5   2.5 0.3313 0.0310
127.5   7.5 0.3211 0.0241
127.5  12.5 0.3165 0.0268
127.5  17.5 0.3133 0.0179
127.5  22.5    NaN    NaN
127.5  27.5    NaN    NaN
127.5  32.5    NaN    NaN
127.5  37.5    NaN    NaN
127.5  42.5    NaN    NaN
127.5  47.5    NaN    NaN
127.5  52.5    NaN    NaN
127.5  57.5    NaN    NaN
127.5  62.5    NaN    NaN
127.5  67.5    NaN    NaN
127.5  72.5    NaN    NaN
127.5  77.5    NaN    NaN
127.5  82.5    NaN    NaN
127.5  87.5    NaN    NaN
132.5 -87.5    NaN    NaN
132.5 -82.5 0.3680 0.0375
132.5 -77.5 0.4288 0.0774
132.5 -72.5 0.4363 0.0829
132.5 -67.5 0.4402 0.0935
132.5 -62.5 0.4482 0.0966
132.5 -57.5 0.4563 0.1019
132.5 -52.5 0.4445 0.1043
132.5 -47.5 0.4177 0.0972
132.5 -42.5 0.3878 0.0807
132.5 -37.5 0.3699 0.0664
132.5 -32.5 0.3621 0.0579
132.5 -27.5 0.3545 0.0564
132.5 -22.5 0.3475 0.0546
132.5 -17.5 0.3372 0.0521
132.5 -12.5 0.3321 0.0516
132.5  -7.5 0.3263 0.0527
132.5  -2.5 0.3318 0.0426
132.5   2.5 0.3272 0.0355
132.5   7.5 0.3105 0.0320
132.5  12.5 0.3084 0.0302
132.5  17.5 0.3075 0.0126
132.5  22.5    NaN    NaN
132.5  27.5    NaN    NaN
132.5  32.5    NaN    NaN
132.5  37.5    NaN    NaN
132.5  42.5    NaN    NaN
132.5  47.5    NaN    NaN
132.5  52.5    NaN    NaN
132.5  57.5    NaN    NaN
132.5  62.5    NaN    NaN
132.5  67.5    NaN    NaN
132.5  72.5    NaN    NaN
132.5  77.5    NaN    NaN
132.5  82.5    NaN    NaN
132.5  87.5    NaN    NaN
137.5 -87.5    NaN    NaN
137.5 -82.5 0.3711 0.0418
137.5 -77.5 0.4292 0.0760
137.5 -72.5 0.4377 0.0900
137.5 -67.5 0.4422 0.1010
137.5 -62.5 0.4523 0.1009
137.5 -57.5 0.4603 0.1026
137.5 -52.5 0.4500 0.1032
137.5 -47.5 0.4252 0.0968
137.5 -42.5 0.3923 0.0823
137.5 -37.5 0.3719 0.0671
137.5 -32.5 0.3628 0.0586
137.5 -27.5 0.3564 0.0562
137.5 -22.5 0.3478 0.0561
137.5 -17.5 0.3356 0.0551
137.5 -12.5 0.3278 0.0519
137.5  -7.5 0.3210 0.0498
137.5  -2.5 0.3241 0.0401
137.5   2.5 0.3194 0.0308
137.5   7.5 0.3007 0.0336
137.5  12.5 0.2981 0.0244
137.5  17.5 0.2955 0.0170
137.5  22.5    NaN    NaN
137.5  27.5    NaN    NaN
137.5  32.5    NaN    NaN
137.5  37.5    NaN    NaN
137.5  42.5    NaN    NaN
137.5  47.5    NaN    NaN
137.5  52.5    NaN    NaN
137.5  57.5    NaN    NaN
137.5  62.5    NaN    NaN
137.5  67.5    NaN    NaN
137.5  72.5    NaN    NaN
137.5  77.5    NaN    NaN
137.5  82.5    NaN    NaN
137.5  87.5    NaN    NaN
142.5 -87.5    NaN    NaN
142.5 -82.5 0.3693 0.0397
142.5 -77.5 0.4326 0.0790
142.5 -72.5 0.4384 0.0936
142.5 -67.5 0.4446 0.1039
142.5 -62.5 0.4571 0.1047
142.5 -57.5 0.4648 0.1039
142.5 -52.5 0.4526 0.1036
142.5 -47.5 0.4290 0.0977
142.5 -42.5 0.3974 0.0825
142.5 -37.5 0.3732 0.0676
142.5 -32.5 0.3616 0.0594
142.5 -27.5 0.3567 0.0559
142.5 -22.5 0.3467 0.0560
142.5 -17.5 0.3355 0.0567
142.5 -12.5 0.3268 0.0524
142.5  -7.5 0.3180 0.0491
142.5  -2.5 0.3168 0.0396
142.5   2.5 0.3066 0.0272
142.5   7.5 0.2929 0.0289
142.5  12.5 0.2830 0.0214
142.5  17.5 0.2943 0.0028
142.5  22.5    NaN    NaN
142.5  27.5    NaN    NaN
142.5  32.5    NaN    NaN
142.5  37.5    NaN    NaN
142.5  42.5    NaN    NaN
142.5  47.5    NaN    NaN
142.5  52.5    NaN    NaN
142.5  57.5    NaN    NaN
142.5  62.5    NaN    NaN
142.5  67.5    NaN    NaN
142.5  72.5    NaN    NaN
142.5  77.5    NaN    NaN
142.5  82.5    NaN    NaN
142.5  87.5    NaN    NaN
147.5 -87.5    NaN    NaN
147.5 -82.5 0.3735 0.0386
147.5 -77.5 0.4360 0.0806
147.5 -72.5 0.4428 0.0936
147.5 -67.5 0.4490 0.1069
147.5 -62.5 0.4613 0.1089
147.5 -57.5 0.4663 0.1086
147.5 -52.5 0.4538 0.1050
147.5 -47.5 0.4300 0.0989
147.5 -42.5 0.3989 0.0847
147.5 -37.5 0.3723 0.0694
147.5 -32.5 0.3594 0.0613
147.5 -27.5 0.3539 0.0565
147.5 -22.5 0.3447 0.0566
147.5 -17.5 0.3339 0.0567
147.5 -12.5 0.3230 0.0535
147.5  -7.5 0.3117 0.0516
147.5  -2.5 0.3130 0.0362
147.5   2.5 0.2964 0.0236
147.5   7.5 0.2817 0.0212
147.5  12.5 0.2734 0.0123
147.5  17.5    NaN    NaN
147.5  22.5    NaN    NaN
147.5  27.5    NaN    NaN
147.5  32.5    NaN    NaN
147.5  37.5    NaN    NaN
147.5  42.5    NaN    NaN
147.5  47.5    NaN    NaN
147.5  52.5    NaN    NaN
147.5  57.5    NaN    NaN
147.5  62.5    NaN    NaN
147.5  67.5    NaN    NaN
147.5  72.5    NaN    NaN
147.5  77.5    NaN    NaN
147.5  82.5    NaN    NaN
147.5  87.5    NaN    NaN
152.5 -87.5    NaN    NaN
152.5 -82.5 0.3810 0.0335
152.5 -77.5 0.4356 0.0833
152.5 -72.5 0.4438 0.0967
152.5 -67.5 0.4499 0.1102
152.5 -62.5 0.4610 0.1145
152.5 -57.5 0.4689 0.1134
152.5 -52.5 0.4535 0.1086
152.5 -47.5 0.4308 0.0991
152.5 -42.5 0.4002 0.0852
152.5 -37.5 0.3735 0.0698
152.5 -32.5 0.3575 0.0616
152.5 -27.5 0.3485 0.0566
152.5 -22.5 0.3416 0.0568
152.5 -17.5 0.3297 0.0568
152.5 -12.5 0.3161 0.0540
152.5  -7.5 0.3042 0.0497
152.5  -2.5 0.3019 0.0291
152.5   2.5 0.2903 0.0222
152.5   7.5 0.2836 0.0159
152.5  12.5 0.2847 0.0231
152.5  17.5 0.2969 0.0041
152.5  22.5    NaN    NaN
152.5  27.5    NaN    NaN
152.5  32.5    NaN    NaN
152.5  37.5    NaN    NaN
152.5  42.5    NaN    NaN
152.5  47.5    NaN    NaN
152.5  52.5    NaN    NaN
152.5  57.5    NaN    NaN
152.5  62.5    NaN    NaN
152.5  67.5    NaN    NaN
152.5  72.5    NaN    NaN
152.5  77.5    NaN    NaN
152.5  82.5    NaN    NaN
152.5  87.5    NaN    NaN
157.5 -87.5    NaN    NaN
157.5 -82.5 0.3853 0.0407
157.5 -77.5 0.4357 0.0840
157.5 -72.5 0.4454 0.0991
157.5 -67.5 0.4496 0.1129
157.5 -62.5 0.4612 0.1187
157.5 -57.5 0.4688 0.1174
157.5 -52.5 0.4554 0.1109
157.5 -47.5 0.4306 0.1018
157.5 -42.5 0.3980 0.0870
157.5 -37.5 0.3717 0.0706
157.5 -32.5 0.3541 0.0621
157.5 -27.5 0.3446 0.0571
157.5 -22.5 0.3387 0.0550
157.5 -17.5 0.3245 0.0557
157.5 -12.5 0.3101 0.0515
157.5  -7.5 0.3006 0.0450
157.5  -2.5 0.2953 0.0330
157.5   2.5 0.2919 0.0264
157.5   7.5 0.2953 0.0320
157.5  12.5 0.3137 0.0220
157.5  17.5 0.3229 0.0124
157.5  22.5    NaN    NaN
157.5  27.5    NaN    NaN
157.5  32.5    NaN    NaN
157.5  37.5    NaN    NaN
157.5  42.5    NaN    NaN
157.5  47.5    NaN    NaN
157.5  52.5    NaN    NaN
157.5  57.5    NaN    NaN
157.5  62.5    NaN    NaN
157.5  67.5    NaN    NaN
157.5  72.5    NaN    NaN
157.5  77.5    NaN    NaN
157.5  82.5    NaN    NaN
157.5  87.5    NaN    NaN
162.5 -87.5    NaN    NaN
162.5 -82.5 0.3841 0.0372
162.5 -77.5 0.4358 0.0854
162.5 -72.5 0.4446 0.1025
162.5 -67.5 0.4492 0.1166
162.5 -62.5 0.4596 0.1220
162.5 -57.5 0.4662 0.1219
162.5 -52.5 0.4532 0.1157
162.5 -47.5 0.4296 0.1046
162.5 -42.5 0.3963 0.0879
162.5 -37.5 0.3706 0.0710
162.5 -32.5 0.3523 0.0620
162.5 -27.5 0.3408 0.0587
162.5 -22.5 0.3368 0.0542
162.5 -17.5 0.3196 0.0550
162.5 -12.5 0.3041 0.0501
162.5  -7.5 0.2940 0.0463
162.5  -2.5 0.2887 0.0395
162.5   2.5 0.2932 0.0360
162.5   7.5 0.3165 0.0432
162.5  12.5 0.3376 0.0242
162.5  17.5 0.3441 0.0204
162.5  22.5 0.3326 0.0303
162.5  27.5    NaN    NaN
162.5  32.5    NaN    NaN
162.5  37.5    NaN    NaN
162.5  42.5    NaN    NaN
162.5  47.5    NaN    NaN
162.5  52.5    NaN    NaN
162.5  57.5    NaN    NaN
162.5  62.5    NaN    NaN
162.5  67.5    NaN    NaN
162.5  72.5    NaN    NaN
162.5  77.5    NaN    NaN
162.5  82.5    NaN    NaN
162.5  87.5    NaN    NaN
167.5 -87.5    NaN    NaN
167.5 -82.5 0.3886 0.0365
167.5 -77.5 0.4361 0.0871
167.5 -72.5 0.4441 0.1047
167.5 -67.5 0.4463 0.1195
167.5 -62.5 0.4571 0.1234
167.5 -57.5 0.4662 0.1246
167.5 -52.5 0.4527 0.1174
167.5 -47.5 0.4290 0.1044
167.5 -42.5 0.3969 0.0876
167.5 -37.5 0.3682 0.0704
167.5 -32.5 0.3514 0.0615
167.5 -27.5 0.3382 0.0598
167.5 -22.5 0.3310 0.0546
167.5 -17.5 0.3153 0.0531
167.5 -12.5 0.2989 0.0490
167.5  -7.5 0.2905 0.0482
167.5  -2.5 0.2866 0.0444
167.5   2.5 0.2995 0.0584
167.5   7.5 0.3341 0.0390
167.5  12.5 0.3435 0.0338
167.5  17.5 0.3456 0.0382
167.5  22.5 0.3530 0.0329
167.5  27.5    NaN    NaN
167.5  32.5    NaN    NaN
167.5  37.5    NaN    NaN
167.5  42.5    NaN    NaN
167.5  47.5    NaN    NaN
167.5  52.5    NaN    NaN
167.5  57.5    NaN    NaN
167.5  62.5    NaN    NaN
167.5  67.5    NaN    NaN
167.5  72.5    NaN    NaN
167.5  77.5    NaN    NaN
167.5  82.5    NaN    NaN
167.5  87.5    NaN    NaN
172.5 -87.5    NaN    NaN
172.5 -82.5 0.3885 0.0423
172.5 -77.5 0.4386 0.0875
172.5 -72.5 0.4423 0.1062
172.5 -67.5 0.4439 0.1199
172.5 -62.5 0.4581 0.1233
172.5 -57.5 0.4686 0.1268
172.5 -52.5 0.4538 0.1187
172.5 -47.5 0.4282 0.1050
172.5 -42.5 0.3961 0.0876
172.5 -37.5 0.3659 0.0692
172.5 -32.5 0.3497 0.0611
172.5 -27.5 0.3374 0.0593
172.5 -22.5 0.3261 0.0567
172.5 -17.5 0.3147 0.0516
172.5 -12.5 0.2982 0.0518
172.5  -7.5 0.2907 0.0579
172.5  -2.5 0.2959 0.0650
172.5   2.5 0.3284 0.0728
172.5   7.5 0.3498 0.0412
172.5  12.5 0.3484 0.0414
172.5  17.5 0.3530 0.0441
172.5  22.5 0.3600 0.0420
172.5  27.5    NaN    NaN
172.5  32.5    NaN    NaN
172.5  37.5    NaN    NaN
172.5  42.5    NaN    NaN
172.5  47.5    NaN    NaN
172.5  52.5    NaN    NaN
172.5  57.5    NaN    NaN
172.5  62.5    NaN    NaN
172.5  67.5    NaN    NaN
172.5  72.5    NaN    NaN
172.5  77.5    NaN    NaN
172.5  82.5    NaN    NaN
172.5  87.5    NaN    NaN
177.5 -87.5    NaN    NaN
177.5 -82.5 0.3940 0.0383
177.5 -77.5 0.4392 0.0858
177.5 -72.5 0.4415 0.1059
177.5 -67.5 0.4445 0.1207
177.5 -62.5 0.4566 0.1249
177.5 -57.5 0.4668 0.1272
177.5 -52.5 0.4506 0.1210
177.5 -47.5 0.4269 0.1069
177.5 -42.5 0.3946 0.0872
177.5 -37.5 0.3650 0.0694
177.5 -32.5 0.3474 0.0619
177.5 -27.5 0.3368 0.0600
177.5 -22.5 0.3232 0.0597
177.5 -17.5 0.3130 0.0547
177.5 -12.5 0.2953 0.0554
177.5  -7.5 0.2869 0.0667
177.5  -2.5 0.3068 0.0827
177.5   2.5 0.3522 0.0835
177.5   7.5 0.3694 0.0519
177.5  12.5 0.3527 0.0479
177.5  17.5 0.3613 0.0480
177.5  22.5 0.3563 0.0449
177.5  27.5    NaN    NaN
177.5  32.5    NaN    NaN
177.5  37.5    NaN    NaN
177.5  42.5    NaN    NaN
177.5  47.5    NaN    NaN
177.5  52.5    NaN    NaN
177.5  57.5    NaN    NaN
177.5  62.5    NaN    NaN
177.5  67.5    NaN    NaN
177.5  72.5    NaN    NaN
177.5  77.5    NaN    NaN
177.5  82.5    NaN    NaN
177.5  87.5    NaN    NaN
182.5 -87.5    NaN    NaN
182.5 -82.5 0.3967 0.0358
182.5 -77.5 0.4365 0.0866
182.5 -72.5 0.4422 0.1055
182.5 -67.5 0.4441 0.1196
182.5 -62.5 0.4548 0.1238
182.5 -57.5 0.4632 0.1297
182.5 -52.5 0.4504 0.1231
182.5 -47.5 0.4259 0.1098
182.5 -42.5 0.3934 0.0872
182.5 -37.5 0.3642 0.0698
182.5 -32.5 0.3476 0.0634
182.5 -27.5 0.3353 0.0614
182.5 -22.5 0.3209 0.0611
182.5 -17.5 0.3087 0.0595
182.5 -12.5 0.2932 0.0588
182.5  -7.5 0.2870 0.0696
182.5  -2.5 0.3255 0.0903
182.5   2.5 0.3548 0.0781
182.5   7.5 0.3617 0.0572
182.5  12.5 0.3536 0.0457
182.5  17.5 0.3555 0.0515
182.5  22.5 0.3683 0.0226
182.5  27.5    NaN    NaN
182.5  32.5    NaN    NaN
182.5  37.5    NaN    NaN
182.5  42.5    NaN    NaN
182.5  47.5    NaN    NaN
182.5  52.5    NaN    NaN
182.5  57.5    NaN    NaN
182.5  62.5    NaN    NaN
182.5  67.5    NaN    NaN
182.5  72.5    NaN    NaN
182.5  77.5    NaN    NaN
182.5  82.5    NaN    NaN
182.5  87.5    NaN    NaN
187.5 -87.5    NaN    NaN
187.5 -82.5 0.3960 0.0359
187.5 -77.5 0.4347 0.0873
187.5 -72.5 0.4412 0.1047
187.5 -67.5 0.4390 0.1182
187.5 -62.5 0.4552 0.1238
187.5 -57.5 0.4645 0.1280
187.5 -52.5 0.4519 0.1234
187.5 -47.5 0.4238 0.1105
187.5 -42.5 0.3910 0.0883
187.5 -37.5 0.3615 0.0695
187.5 -32.5 0.3473 0.0646
187.5 -27.5 0.3329 0.0620
187.5 -22.5 0.3193 0.0616
187.5 -17.5 0.3055 0.0618
187.5 -12.5 0.2934 0.0655
187.5  -7.5 0.2912 0.0769
187.5  -2.5 0.3461 0.0922
187.5   2.5 0.3668 0.0752
187.5   7.5 0.3626 0.0547
187.5  12.5 0.3593 0.0419
187.5  17.5 0.3565 0.0336
187.5  22.5 0.3571 0.0010
187.5  27.5    NaN    NaN
187.5  32.5    NaN    NaN
187.5  37.5    NaN    NaN
187.5  42.5    NaN    NaN
187.5  47.5    NaN    NaN
187.5  52.5    NaN    NaN
187.5  57.5    NaN    NaN
187.5  62.5    NaN    NaN
187.5  67.5    NaN    NaN
187.5  72.5    NaN    NaN
187.5  77.5    NaN    NaN
187.5  82.5    NaN    NaN
187.5  87.5    NaN    NaN
192.5 -87.5    NaN    NaN
192.5 -82.5 0.3962 0.0377
192.5 -77.5 0.4314 0.0856
192.5 -72.5 0.4386 0.1023
192.5 -67.5 0.4388 0.1165
192.5 -62.5 0.4551 0.1246
192.5 -57.5 0.4614 0.1261
192.5 -52.5 0.4493 0.1228
192.5 -47.5 0.4232 0.1092
192.5 -42.5 0.3931 0.0890
192.5 -37.5 0.3634 0.0685
192.5 -32.5 0.3491 0.0647
192.5 -27.5 0.3327 0.0621
192.5 -22.5 0.3191 0.0622
192.5 -17.5 0.3031 0.0641
192.5 -12.5 0.2916 0.0727
192.5  -7.5 0.2973 0.0909
192.5  -2.5 0.3575 0.0961
192.5   2.5 0.3719 0.0762
192.5   7.5 0.3670 0.0642
192.5  12.5 0.3750 0.0469
192.5  17.5 0.3665 0.0363
192.5  22.5 0.3798 0.0021
192.5  27.5    NaN    NaN
192.5  32.5    NaN    NaN
192.5  37.5    NaN    NaN
192.5  42.5    NaN    NaN
192.5  47.5    NaN    NaN
192.5  52.5    NaN    NaN
192.5  57.5    NaN    NaN
192.5  62.5    NaN    NaN
192.5  67.5    NaN    NaN
192.5  72.5    NaN    NaN
192.5  77.5    NaN    NaN
192.5  82.5    NaN    NaN
192.5  87.5    NaN    NaN
197.5 -87.5    NaN    NaN
197.5 -82.5 0.3969 0.0353
197.5 -77.5 0.4267 0.0837
197.5 -72.5 0.4352 0.1021
197.5 -67.5 0.4345 0.1153
197.5 -62.5 0.4529 0.1232
197.5 -57.5 0.4596 0.1260
197.5 -52.5 0.4498 0.1217
197.5 -47.5 0.4229 0.1078
197.5 -42.5 0.3937 0.0894
197.5 -37.5 0.3659 0.0691
197.5 -32.5 0.3497 0.0642
197.5 -27.5 0.3341 0.0628
197.5 -22.5 0.3173 0.0628
197.5 -17.5 0.3009 0.0658
197.5 -12.5 0.2868 0.0768
197.5  -7.5 0.3001 0.1018
197.5  -2.5 0.3555 0.1063
197.5   2.5 0.3765 0.0745
197.5   7.5 0.3699 0.0661
197.5  12.5 0.3731 0.0455
197.5  17.5 0.3728 0.0353
197.5  22.5 0.3890 0.0036
197.5  27.5    NaN    NaN
197.5  32.5    NaN    NaN
197.5  37.5    NaN    NaN
197.5  42.5    NaN    NaN
197.5  47.5    NaN    NaN
197.5  52.5    NaN    NaN
197.5  57.5    NaN    NaN
197.5  62.5    NaN    NaN
197.5  67.5    NaN    NaN
197.5  72.5    NaN    NaN
197.5  77.5    NaN    NaN
197.5  82.5    NaN    NaN
197.5  87.5    NaN    NaN
202.5 -87.5    NaN    NaN
202.5 -82.5 0.3998 0.0349
202.5 -77.5 0.4274 0.0811
202.5 -72.5 0.4307 0.1003
202.5 -67.5 0.4321 0.1105
202.5 -62.5 0.4525 0.1218
202.5 -57.5 0.4591 0.1269
202.5 -52.5 0.4474 0.1217
202.5 -47.5 0.4214 0.1080
202.5 -42.5 0.3931 0.0908
202.5 -37.5 0.3671 0.0714
202.5 -32.5 0.3503 0.0653
202.5 -27.5 0.3330 0.0634
202.5 -22.5 0.3149 0.0630
202.5 -17.5 0.2969 0.0661
202.5 -12.5 0.2829 0.0764
202.5  -7.5 0.2934 0.1002
202.5  -2.5 0.3362 0.1091
202.5   2.5 0.3660 0.0800
202.5   7.5 0.3617 0.0707
202.5  12.5 0.3646 0.0503
202.5  17.5 0.3801 0.0270
202.5  22.5 0.3930 0.0019
202.5  27.5    NaN    NaN
202.5  32.5    NaN    NaN
202.5  37.5    NaN    NaN
202.5  42.5    NaN    NaN
202.5  47.5    NaN    NaN
202.5  52.5    NaN    NaN
202.5  57.5    NaN    NaN
202.5  62.5    NaN    NaN
202.5  67.5    NaN    NaN
202.5  72.5    NaN    NaN
202.5  77.5    NaN    NaN
202.5  82.5    NaN    NaN
202.5  87.5    NaN    NaN
207.5 -87.5    NaN    NaN
207.5 -82.5 0.4008 0.0374
207.5 -77.5 0.4253 0.0794
207.5 -72.5 0.4278 0.0970
207.5 -67.5 0.4288 0.1068
207.5 -62.5 0.4494 0.1197
207.5 -57.5 0.4568 0.1269
207.5 -52.5 0.4459 0.1217
207.5 -47.5 0.4188 0.1085
207.5 -42.5 0.3913 0.0908
207.5 -37.5 0.3675 0.0735
207.5 -32.5 0.3485 0.0671
207.5 -27.5 0.3315 0.0650
207.5 -22.5 0.3135 0.0640
207.5 -17.5 0.2900 0.0652
207.5 -12.5 0.2775 0.0793
207.5  -7.5 0.2855 0.0954
207.5  -2.5 0.3182 0.1102
207.5   2.5 0.3551 0.0861
207.5   7.5 0.3586 0.0775
207.5  12.5 0.3561 0.0479
207.5  17.5 0.3924 0.0113
207.5  22.5 0.3829 0.0015
207.5  27.5    NaN    NaN
207.5  32.5    NaN    NaN
207.5  37.5    NaN    NaN
207.5  42.5    NaN    NaN
207.5  47.5    NaN    NaN
207.5  52.5    NaN    NaN
207.5  57.5    NaN    NaN
207.5  62.5    NaN    NaN
207.5  67.5    NaN    NaN
207.5  72.5    NaN    NaN
207.5  77.5    NaN    NaN
207.5  82.5    NaN    NaN
207.5  87.5    NaN    NaN
212.5 -87.5    NaN    NaN
212.5 -82.5 0.4010 0.0354
212.5 -77.5 0.4276 0.0784
212.5 -72.5 0.4262 0.0948
212.5 -67.5 0.4275 0.1039
212.5 -62.5 0.4460 0.1181
212.5 -57.5 0.4545 0.1256
212.5 -52.5 0.4408 0.1212
212.5 -47.5 0.4168 0.1095
212.5 -42.5 0.3888 0.0909
212.5 -37.5 0.3656 0.0757
212.5 -32.5 0.3478 0.0665
212.5 -27.5 0.3318 0.0645
212.5 -22.5 0.3143 0.0643
212.5 -17.5 0.2840 0.0621
212.5 -12.5 0.2741 0.0784
212.5  -7.5 0.2793 0.0907
212.5  -2.5 0.3075 0.1072
212.5   2.5 0.3320 0.0940
212.5   7.5 0.3502 0.0754
212.5  12.5 0.3465 0.0436
212.5  17.5 0.3818 0.0078
212.5  22.5 0.3704 0.0009
212.5  27.5    NaN    NaN
212.5  32.5    NaN    NaN
212.5  37.5    NaN    NaN
212.5  42.5    NaN    NaN
212.5  47.5    NaN    NaN
212.5  52.5    NaN    NaN
212.5  57.5    NaN    NaN
212.5  62.5    NaN    NaN
212.5  67.5    NaN    NaN
212.5  72.5    NaN    NaN
212.5  77.5    NaN    NaN
212.5  82.5    NaN    NaN
212.5  87.5    NaN    NaN
217.5 -87.5    NaN    NaN
217.5 -82.5 0.3986 0.0365
217.5 -77.5 0.4269 0.0770
217.5 -72.5 0.4256 0.0932
217.5 -67.5 0.4264 0.1015
217.5 -62.5 0.4418 0.1174
217.5 -57.5 0.4498 0.1258
217.5 -52.5 0.4386 0.1208
217.5 -47.5 0.4150 0.1088
217.5 -42.5 0.3873 0.0906
217.5 -37.5 0.3626 0.0759
217.5 -32.5 0.3463 0.0666
217.5 -27.5 0.3307 0.0643
217.5 -22.5 0.3124 0.0633
217.5 -17.5 0.2786 0.0627
217.5 -12.5 0.2722 0.0770
217.5  -7.5 0.2759 0.0892
217.5  -2.5 0.2943 0.1013
217.5   2.5 0.3178 0.0938
217.5   7.5 0.3434 0.0656
217.5  12.5 0.3596 0.0056
217.5  17.5 0.3620 0.0077
217.5  22.5    NaN    NaN
217.5  27.5    NaN    NaN
217.5  32.5    NaN    NaN
217.5  37.5    NaN    NaN
217.5  42.5    NaN    NaN
217.5  47.5    NaN    NaN
217.5  52.5    NaN    NaN
217.5  57.5    NaN    NaN
217.5  62.5    NaN    NaN
217.5  67.5    NaN    NaN
217.5  72.5    NaN    NaN
217.5  77.5    NaN    NaN
217.5  82.5    NaN    NaN
217.5  87.5    NaN    NaN
222.5 -87.5    NaN    NaN
222.5 -82.5 0.4016 0.0372
222.5 -77.5 0.4207 0.0770
222.5 -72.5 0.4229 0.0913
222.5 -67.5 0.4259 0.0985
222.5 -62.5 0.4431 0.1157
222.5 -57.5 0.4471 0.1244
222.5 -52.5 0.4341 0.1209
222.5 -47.5 0.4105 0.1098
222.5 -42.5 0.3842 0.0927
222.5 -37.5 0.3611 0.0757
222.5 -32.5 0.3447 0.0661
222.5 -27.5 0.3309 0.0653
222.5 -22.5 0.3076 0.0607
222.5 -17.5 0.2770 0.0622
222.5 -12.5 0.2678 0.0706
222.5  -7.5 0.2697 0.0849
222.5  -2.5 0.2869 0.0936
222.5   2.5 0.3014 0.0833
222.5   7.5 0.3256 0.0590
222.5  12.5 0.3402 0.0091
222.5  17.5 0.3441 0.0032
222.5  22.5    NaN    NaN
222.5  27.5    NaN    NaN
222.5  32.5    NaN    NaN
222.5  37.5    NaN    NaN
222.5  42.5    NaN    NaN
222.5  47.5    NaN    NaN
222.5  52.5    NaN    NaN
222.5  57.5    NaN    NaN
222.5  62.5    NaN    NaN
222.5  67.5    NaN    NaN
222.5  72.5    NaN    NaN
222.5  77.5    NaN    NaN
222.5  82.5    NaN    NaN
222.5  87.5    NaN    NaN
227.5 -87.5    NaN    NaN
227.5 -82.5 0.4034 0.0354
227.5 -77.5 0.4190 0.0778
227.5 -72.5 0.4214 0.0906
227.5 -67.5 0.4238 0.0981
227.5 -62.5 0.4388 0.1150
227.5 -57.5 0.4454 0.1230
227.5 -52.5 0.4326 0.1192
227.5 -47.5 0.4088 0.1092
227.5 -42.5 0.3829 0.0927
227.5 -37.5 0.3606 0.0744
227.5 -32.5 0.3440 0.0652
227.5 -27.5 0.3308 0.0657
227.5 -22.5 0.3051 0.0600
227.5 -17.5 0.2773 0.0588
227.5 -12.5 0.2650 0.0644
227.5  -7.5 0.2631 0.0740
227.5  -2.5 0.2767 0.0844
227.5   2.5 0.2927 0.0763
227.5   7.5 0.3120 0.0595
227.5  12.5 0.3309 0.0078
227.5  17.5 0.3175 0.0026
227.5  22.5    NaN    NaN
227.5  27.5    NaN    NaN
227.5  32.5    NaN    NaN
227.5  37.5    NaN    NaN
227.5  42.5    NaN    NaN
227.5  47.5    NaN    NaN
227.5  52.5    NaN    NaN
227.5  57.5    NaN    NaN
227.5  62.5    NaN    NaN
227.5  67.5    NaN    NaN
227.5  72.5    NaN    NaN
227.5  77.5    NaN    NaN
227.5  82.5    NaN    NaN
227.5  87.5    NaN    NaN
232.5 -87.5    NaN    NaN
232.5 -82.5 0.4032 0.0361
232.5 -77.5 0.4182 0.0781
232.5 -72.5 0.4228 0.0899
232.5 -67.5 0.4216 0.0987
232.5 -62.5 0.4349 0.1151
232.5 -57.5 0.4428 0.1226
232.5 -52.5 0.4315 0.1178
232.5 -47.5 0.4060 0.1102
232.5 -42.5 0.3818 0.0920
232.5 -37.5 0.3594 0.0743
232.5 -32.5 0.3440 0.0640
232.5 -27.5 0.3306 0.0630
232.5 -22.5 0.2972 0.0570
232.5 -17.5 0.2786 0.0562
232.5 -12.5 0.2654 0.0618
232.5  -7.5 0.2596 0.0684
232.5  -2.5 0.2700 0.0779
232.5   2.5 0.2863 0.0743
232.5   7.5 0.3034 0.0536
232.5  12.5 0.3139 0.0037
232.5  17.5 0.3000 0.0008
232.5  22.5    NaN    NaN
232.5  27.5    NaN    NaN
232.5  32.5    NaN    NaN
232.5  37.5    NaN    NaN
232.5  42.5    NaN    NaN
232.5  47.5    NaN    NaN
232.5  52.5    NaN    NaN
232.5  57.5    NaN    NaN
232.5  62.5    NaN    NaN
232.5  67.5    NaN    NaN
232.5  72.5    NaN    NaN
232.5  77.5    NaN    NaN
232.5  82.5    NaN    NaN
232.5  87.5    NaN    NaN
237.5 -87.5    NaN    NaN
237.5 -82.5 0.4064 0.0381
237.5 -77.5 0.4228 0.0782
237.5 -72.5 0.4226 0.0914
237.5 -67.5 0.4206 0.0990
237.5 -62.5 0.4321 0.1141
237.5 -57.5 0.4413 0.1238
237.5 -52.5 0.4292 0.1173
237.5 -47.5 0.4044 0.1114
237.5 -42.5 0.3800 0.0928
237.5 -37.5 0.3573 0.0734
237.5 -32.5 0.3421 0.0632
237.5 -27.5 0.3260 0.0603
237.5 -22.5 0.2953 0.0534
237.5 -17.5 0.2775 0.0502
237.5 -12.5 0.2648 0.0572
237.5  -7.5 0.2555 0.0617
237.5  -2.5 0.2630 0.0705
237.5   2.5 0.2715 0.0591
237.5   7.5 0.2839 0.0423
237.5  12.5 0.2825 0.0254
237.5  17.5    NaN    NaN
237.5  22.5    NaN    NaN
237.5  27.5    NaN    NaN
237.5  32.5    NaN    NaN
237.5  37.5    NaN    NaN
237.5  42.5    NaN    NaN
237.5  47.5    NaN    NaN
237.5  52.5    NaN    NaN
237.5  57.5    NaN    NaN
237.5  62.5    NaN    NaN
237.5  67.5    NaN    NaN
237.5  72.5    NaN    NaN
237.5  77.5    NaN    NaN
237.5  82.5    NaN    NaN
237.5  87.5    NaN    NaN
242.5 -87.5    NaN    NaN
242.5 -82.5 0.4048 0.0387
242.5 -77.5 0.4236 0.0769
242.5 -72.5 0.4200 0.0930
242.5 -67.5 0.4206 0.0988
242.5 -62.5 0.4304 0.1124
242.5 -57.5 0.4393 0.1242
242.5 -52.5 0.4265 0.1179
242.5 -47.5 0.4016 0.1116
242.5 -42.5 0.3775 0.0942
242.5 -37.5 0.3545 0.0717
242.5 -32.5 0.3405 0.0607
242.5 -27.5 0.3217 0.0570
242.5 -22.5 0.2967 0.0513
242.5 -17.5 0.2775 0.0471
242.5 -12.5 0.2636 0.0512
242.5  -7.5 0.2525 0.0567
242.5  -2.5 0.2563 0.0583
242.5   2.5 0.2585 0.0467
242.5   7.5 0.2703 0.0285
242.5  12.5 0.2503 0.0202
242.5  17.5    NaN    NaN
242.5  22.5    NaN    NaN
242.5  27.5    NaN    NaN
242.5  32.5    NaN    NaN
242.5  37.5    NaN    NaN
242.5  42.5    NaN    NaN
242.5  47.5    NaN    NaN
242.5  52.5    NaN    NaN
242.5  57.5    NaN    NaN
242.5  62.5    NaN    NaN
242.5  67.5    NaN    NaN
242.5  72.5    NaN    NaN
242.5  77.5    NaN    NaN
242.5  82.5    NaN    NaN
242.5  87.5    NaN    NaN
247.5 -87.5    NaN    NaN
247.5 -82.5 0.4135 0.0363
247.5 -77.5 0.4230 0.0766
247.5 -72.5 0.4158 0.0932
247.5 -67.5 0.4204 0.0996
247.5 -62.5 0.4286 0.1113
247.5 -57.5 0.4377 0.1218
247.5 -52.5 0.4269 0.1182
247.5 -47.5 0.4011 0.1119
247.5 -42.5 0.3767 0.0955
247.5 -37.5 0.3526 0.0724
247.5 -32.5 0.3380 0.0594
247.5 -27.5 0.3155 0.0526
247.5 -22.5 0.2964 0.0490
247.5 -17.5 0.2762 0.0431
247.5 -12.5 0.2611 0.0453
247.5  -7.5 0.2496 0.0523
247.5  -2.5 0.2501 0.0493
247.5   2.5 0.2500 0.0331
247.5   7.5 0.2543 0.0182
247.5  12.5 0.2430 0.0123
247.5  17.5    NaN    NaN
247.5  22.5    NaN    NaN
247.5  27.5    NaN    NaN
247.5  32.5    NaN    NaN
247.5  37.5    NaN    NaN
247.5  42.5    NaN    NaN
247.5  47.5    NaN    NaN
247.5  52.5    NaN    NaN
247.5  57.5    NaN    NaN
247.5  62.5    NaN    NaN
247.5  67.5    NaN    NaN
247.5  72.5    NaN    NaN
247.5  77.5    NaN    NaN
247.5  82.5    NaN    NaN
247.5  87.5    NaN    NaN
252.5 -87.5    NaN    NaN
252.5 -82.5 0.4216 0.0268
252.5 -77.5 0.4236 0.0753
252.5 -72.5 0.4188 0.0932
252.5 -67.5 0.4182 0.1027
252.5 -62.5 0.4293 0.1118
252.5 -57.5 0.4355 0.1192
252.5 -52.5 0.4241 0.1182
252.5 -47.5 0.3993 0.1117
252.5 -42.5 0.3739 0.0932
252.5 -37.5 0.3526 0.0743
252.5 -32.5 0.3360 0.0577
252.5 -27.5 0.3143 0.0486
252.5 -22.5 0.2965 0.0462
252.5 -17.5 0.2768 0.0409
252.5 -12.5 0.2608 0.0426
252.5  -7.5 0.2454 0.0464
252.5  -2.5 0.2456 0.0422
252.5   2.5 0.2476 0.0298
252.5   7.5 0.2507 0.0198
252.5  12.5 0.2473 0.0130
252.5  17.5    NaN    NaN
252.5  22.5    NaN    NaN
252.5  27.5    NaN    NaN
252.5  32.5    NaN    NaN
252.5  37.5    NaN    NaN
252.5  42.5    NaN    NaN
252.5  47.5    NaN    NaN
252.5  52.5    NaN    NaN
252.5  57.5    NaN    NaN
252.5  62.5    NaN    NaN
252.5  67.5    NaN    NaN
252.5  72.5    NaN    NaN
252.5  77.5    NaN    NaN
252.5  82.5    NaN    NaN
252.5  87.5    NaN    NaN
257.5 -87.5    NaN    NaN
257.5 -82.5 0.4212 0.0317
257.5 -77.5 0.4245 0.0749
257.5 -72.5 0.4228 0.0935
257.5 -67.5 0.4215 0.1047
257.5 -62.5 0.4282 0.1166
257.5 -57.5 0.4313 0.1215
257.5 -52.5 0.4228 0.1187
257.5 -47.5 0.3971 0.1122
257.5 -42.5 0.3702 0.0896
257.5 -37.5 0.3521 0.0755
257.5 -32.5 0.3338 0.0590
257.5 -27.5 0.3146 0.0479
257.5 -22.5 0.2957 0.0413
257.5 -17.5 0.2771 0.0383
257.5 -12.5 0.2619 0.0416
257.5  -7.5 0.2416 0.0407
257.5  -2.5 0.2430 0.0368
257.5   2.5 0.2456 0.0348
257.5   7.5 0.2565 0.0201
257.5  12.5 0.2558 0.0129
257.5  17.5    NaN    NaN
257.5  22.5    NaN    NaN
257.5  27.5    NaN    NaN
257.5  32.5    NaN    NaN
257.5  37.5    NaN    NaN
257.5  42.5    NaN    NaN
257.5  47.5    NaN    NaN
257.5  52.5    NaN    NaN
257.5  57.5    NaN    NaN
257.5  62.5    NaN    NaN
257.5  67.5    NaN    NaN
257.5  72.5    NaN    NaN
257.5  77.5    NaN    NaN
257.5  82.5    NaN    NaN
257.5  87.5    NaN    NaN
262.5 -87.5    NaN    NaN
262.5 -82.5 0.4306 0.0393
262.5 -77.5 0.4287 0.0753
262.5 -72.5 0.4283 0.0926
262.5 -67.5 0.4241 0.1061
262.5 -62.5 0.4291 0.1194
262.5 -57.5 0.4292 0.1242
262.5 -52.5 0.4187 0.1215
262.5 -47.5 0.3940 0.1160
262.5 -42.5 0.3664 0.0888
262.5 -37.5 0.3475 0.0739
262.5 -32.5 0.3307 0.0613
262.5 -27.5 0.3150 0.0479
262.5 -22.5 0.2968 0.0402
262.5 -17.5 0.2775 0.0365
262.5 -12.5 0.2605 0.0383
262.5  -7.5 0.2383 0.0374
262.5  -2.5 0.2450 0.0347
262.5   2.5 0.2520 0.0368
262.5   7.5 0.2617 0.0218
262.5  12.5 0.2635 0.0147
262.5  17.5    NaN    NaN
262.5  22.5    NaN    NaN
262.5  27.5    NaN    NaN
262.5  32.5    NaN    NaN
262.5  37.5    NaN    NaN
262.5  42.5    NaN    NaN
262.5  47.5    NaN    NaN
262.5  52.5    NaN    NaN
262.5  57.5    NaN    NaN
262.5  62.5    NaN    NaN
262.5  67.5    NaN    NaN
262.5  72.5    NaN    NaN
262.5  77.5    NaN    NaN
262.5  82.5    NaN    NaN
262.5  87.5    NaN    NaN
267.5 -87.5    NaN    NaN
267.5 -82.5 0.4473 0.0370
267.5 -77.5 0.4294 0.0751
267.5 -72.5 0.4300 0.0936
267.5 -67.5 0.4297 0.1047
267.5 -62.5 0.4342 0.1196
267.5 -57.5 0.4302 0.1234
267.5 -52.5 0.4177 0.1215
267.5 -47.5 0.3922 0.1165
267.5 -42.5 0.3628 0.0913
267.5 -37.5 0.3433 0.0727
267.5 -32.5 0.3299 0.0616
267.5 -27.5 0.3154 0.0481
267.5 -22.5 0.2991 0.0410
267.5 -17.5 0.2776 0.0367
267.5 -12.5 0.2596 0.0365
267.5  -7.5 0.2384 0.0379
267.5  -2.5 0.2521 0.0361
267.5   2.5 0.2584 0.0339
267.5   7.5 0.2685 0.0247
267.5  12.5 0.2673 0.0212
267.5  17.5    NaN    NaN
267.5  22.5    NaN    NaN
267.5  27.5    NaN    NaN
267.5  32.5    NaN    NaN
267.5  37.5    NaN    NaN
267.5  42.5    NaN    NaN
267.5  47.5    NaN    NaN
267.5  52.5    NaN    NaN
267.5  57.5    NaN    NaN
267.5  62.5    NaN    NaN
267.5  67.5    NaN    NaN
267.5  72.5    NaN    NaN
267.5  77.5    NaN    NaN
267.5  82.5    NaN    NaN
267.5  87.5    NaN    NaN
272.5 -87.5    NaN    NaN
272.5 -82.5 0.4688 0.0284
272.5 -77.5 0.4318 0.0740
272.5 -72.5 0.4311 0.0943
272.5 -67.5 0.4299 0.1056
272.5 -62.5 0.4389 0.1178
272.5 -57.5 0.4342 0.1208
272.5 -52.5 0.4194 0.1182
272.5 -47.5 0.3934 0.1139
272.5 -42.5 0.3649 0.0903
272.5 -37.5 0.3440 0.0701
272.5 -32.5 0.3304 0.0603
272.5 -27.5 0.3157 0.0493
272.5 -22.5 0.3004 0.0414
272.5 -17.5 0.2790 0.0370
272.5 -12.5 0.2581 0.0379
272.5  -7.5 0.2408 0.0408
272.5  -2.5 0.2550 0.0378
272.5   2.5 0.2649 0.0342
272.5   7.5 0.2750 0.0307
272.5  12.5 0.2764 0.0250
272.5  17.5    NaN    NaN
272.5  22.5    NaN    NaN
272.5  27.5    NaN    NaN
272.5  32.5    NaN    NaN
272.5  37.5    NaN    NaN
272.5  42.5    NaN    NaN
272.5  47.5    NaN    NaN
272.5  52.5    NaN    NaN
272.5  57.5    NaN    NaN
272.5  62.5    NaN    NaN
272.5  67.5    NaN    NaN
272.5  72.5    NaN    NaN
272.5  77.5    NaN    NaN
272.5  82.5    NaN    NaN
272.5  87.5    NaN    NaN
277.5 -87.5    NaN    NaN
277.5 -82.5 0.4698 0.0195
277.5 -77.5 0.4369 0.0717
277.5 -72.5 0.4345 0.0928
277.5 -67.5 0.4320 0.1050
277.5 -62.5 0.4383 0.1164
277.5 -57.5 0.4378 0.1201
277.5 -52.5 0.4212 0.1162
277.5 -47.5 0.3961 0.1100
277.5 -42.5 0.3682 0.0881
277.5 -37.5 0.3467 0.0682
277.5 -32.5 0.3327 0.0592
277.5 -27.5 0.3172 0.0490
277.5 -22.5 0.3019 0.0418
277.5 -17.5 0.2796 0.0376
277.5 -12.5 0.2588 0.0393
277.5  -7.5 0.2442 0.0422
277.5  -2.5 0.2584 0.0400
277.5   2.5 0.2749 0.0328
277.5   7.5 0.2858 0.0373
277.5  12.5 0.2851 0.0276
277.5  17.5    NaN    NaN
277.5  22.5    NaN    NaN
277.5  27.5    NaN    NaN
277.5  32.5    NaN    NaN
277.5  37.5    NaN    NaN
277.5  42.5    NaN    NaN
277.5  47.5    NaN    NaN
277.5  52.5    NaN    NaN
277.5  57.5    NaN    NaN
277.5  62.5    NaN    NaN
277.5  67.5    NaN    NaN
277.5  72.5    NaN    NaN
277.5  77.5    NaN    NaN
277.5  82.5    NaN    NaN
277.5  87.5    NaN    NaN
282.5 -87.5    NaN    NaN
282.5 -82.5 0.4695 0.0196
282.5 -77.5 0.4348 0.0698
282.5 -72.5 0.4357 0.0910
282.5 -67.5 0.4344 0.1026
282.5 -62.5 0.4421 0.1124
282.5 -57.5 0.4400 0.1191
282.5 -52.5 0.4237 0.1153
282.5 -47.5 0.3955 0.1067
282.5 -42.5 0.3685 0.0866
282.5 -37.5 0.3477 0.0677
282.5 -32.5 0.3340 0.0587
282.5 -27.5 0.3184 0.0487
282.5 -22.5 0.3016 0.0404
282.5 -17.5 0.2802 0.0383
282.5 -12.5 0.2618 0.0408
282.5  -7.5 0.2476 0.0441
282.5  -2.5 0.2616 0.0409
282.5   2.5 0.2815 0.0356
282.5   7.5 0.2955 0.0410
282.5  12.5 0.2941 0.0287
282.5  17.5 0.2840 0.0202
282.5  22.5    NaN    NaN
282.5  27.5    NaN    NaN
282.5  32.5    NaN    NaN
282.5  37.5    NaN    NaN
282.5  42.5    NaN    NaN
282.5  47.5    NaN    NaN
282.5  52.5    NaN    NaN
282.5  57.5    NaN    NaN
282.5  62.5    NaN    NaN
282.5  67.5    NaN    NaN
282.5  72.5    NaN    NaN
282.5  77.5    NaN    NaN
282.5  82.5    NaN    NaN
282.5  87.5    NaN    NaN
287.5 -87.5    NaN    NaN
287.5 -82.5 0.4758 0.0196
287.5 -77.5 0.4351 0.0691
287.5 -72.5 0.4366 0.0890
287.5 -67.5 0.4370 0.1002
287.5 -62.5 0.4448 0.1081
287.5 -57.5 0.4439 0.1146
287.5 -52.5 0.4290 0.1122
287.5 -47.5 0.3976 0.1018
287.5 -42.5 0.3704 0.0839
287.5 -37.5 0.3492 0.0662
287.5 -32.5 0.3355 0.0569
287.5 -27.5 0.3204 0.0479
287.5 -22.5 0.3032 0.0398
287.5 -17.5 0.2832 0.0392
287.5 -12.5 0.2635 0.0421
287.5  -7.5 0.2522 0.0445
287.5  -2.5 0.2673 0.0420
287.5   2.5 0.2865 0.0355
287.5   7.5 0.3049 0.0364
287.5  12.5 0.3024 0.0196
287.5  17.5 0.2872 0.0152
287.5  22.5    NaN    NaN
287.5  27.5    NaN    NaN
287.5  32.5    NaN    NaN
287.5  37.5    NaN    NaN
287.5  42.5    NaN    NaN
287.5  47.5    NaN    NaN
287.5  52.5    NaN    NaN
287.5  57.5    NaN    NaN
287.5  62.5    NaN    NaN
287.5  67.5    NaN    NaN
287.5  72.5    NaN    NaN
287.5  77.5    NaN    NaN
287.5  82.5    NaN    NaN
287.5  87.5    NaN    NaN
292.5 -87.5    NaN    NaN
292.5 -82.5 0.4767 0.0172
292.5 -77.5 0.4320 0.0680
292.5 -72.5 0.4368 0.0871
292.5 -67.5 0.4380 0.0971
292.5 -62.5 0.4457 0.1056
292.5 -57.5 0.4465 0.1108
292.5 -52.5 0.4319 0.1099
292.5 -47.5 0.3988 0.0972
292.5 -42.5 0.3714 0.0816
292.5 -37.5 0.3510 0.0647
292.5 -32.5 0.3372 0.0551
292.5 -27.5 0.3219 0.0472
292.5 -22.5 0.3047 0.0407
292.5 -17.5 0.2864 0.0391
292.5 -12.5 0.2659 0.0420
292.5  -7.5 0.2542 0.0454
292.5  -2.5 0.2698 0.0418
292.5   2.5 0.2917 0.0305
292.5   7.5 0.3045 0.0283
292.5  12.5 0.2996 0.0136
292.5  17.5 0.2817 0.0077
292.5  22.5    NaN    NaN
292.5  27.5    NaN    NaN
292.5  32.5    NaN    NaN
292.5  37.5    NaN    NaN
292.5  42.5    NaN    NaN
292.5  47.5    NaN    NaN
292.5  52.5    NaN    NaN
292.5  57.5    NaN    NaN
292.5  62.5    NaN    NaN
292.5  67.5    NaN    NaN
292.5  72.5    NaN    NaN
292.5  77.5    NaN    NaN
292.5  82.5    NaN    NaN
292.5  87.5    NaN    NaN
297.5 -87.5    NaN    NaN
297.5 -82.5 0.4778 0.0163
297.5 -77.5 0.4320 0.0671
297.5 -72.5 0.4375 0.0851
297.5 -67.5 0.4383 0.0951
297.5 -62.5 0.4445 0.1031
297.5 -57.5 0.4483 0.1076
297.5 -52.5 0.4346 0.1073
297.5 -47.5 0.4004 0.0943
297.5 -42.5 0.3716 0.0788
297.5 -37.5 0.3515 0.0635
297.5 -32.5 0.3374 0.0544
297.5 -27.5 0.3228 0.0482
297.5 -22.5 0.3067 0.0417
297.5 -17.5 0.2892 0.0392
297.5 -12.5 0.2691 0.0415
297.5  -7.5 0.2583 0.0452
297.5  -2.5 0.2728 0.0407
297.5   2.5 0.2929 0.0307
297.5   7.5 0.3011 0.0220
297.5  12.5 0.2921 0.0097
297.5  17.5 0.2664    NaN
297.5  22.5    NaN    NaN
297.5  27.5    NaN    NaN
297.5  32.5    NaN    NaN
297.5  37.5    NaN    NaN
297.5  42.5    NaN    NaN
297.5  47.5    NaN    NaN
297.5  52.5    NaN    NaN
297.5  57.5    NaN    NaN
297.5  62.5    NaN    NaN
297.5  67.5    NaN    NaN
297.5  72.5    NaN    NaN
297.5  77.5    NaN    NaN
297.5  82.5    NaN    NaN
297.5  87.5    NaN    NaN
302.5 -87.5    NaN    NaN
302.5 -82.5 0.4799 0.0114
302.5 -77.5 0.4330 0.0660
302.5 -72.5 0.4371 0.0833
302.5 -67.5 0.4384 0.0926
302.5 -62.5 0.4446 0.0999
302.5 -57.5 0.4487 0.1053
302.5 -52.5 0.4351 0.1055
302.5 -47.5 0.4017 0.0915
302.5 -42.5 0.3702 0.0773
302.5 -37.5 0.3504 0.0629
302.5 -32.5 0.3379 0.0542
302.5 -27.5 0.3221 0.0479
302.5 -22.5 0.3088 0.0430
302.5 -17.5 0.2923 0.0402
302.5 -12.5 0.2729 0.0413
302.5  -7.5 0.2624 0.0445
302.5  -2.5 0.2745 0.0409
302.5   2.5 0.2940 0.0320
302.5   7.5 0.2957 0.0223
302.5  12.5 0.2856 0.0164
302.5  17.5    NaN    NaN
302.5  22.5    NaN    NaN
302.5  27.5    NaN    NaN
302.5  32.5    NaN    NaN
302.5  37.5    NaN    NaN
302.5  42.5    NaN    NaN
302.5  47.5    NaN    NaN
302.5  52.5    NaN    NaN
302.5  57.5    NaN    NaN
302.5  62.5    NaN    NaN
302.5  67.5    NaN    NaN
302.5  72.5    NaN    NaN
302.5  77.5    NaN    NaN
302.5  82.5    NaN    NaN
302.5  87.5    NaN    NaN
307.5 -87.5    NaN    NaN
307.5 -82.5 0.4805 0.0070
307.5 -77.5 0.4337 0.0635
307.5 -72.5 0.4374 0.0808
307.5 -67.5 0.4369 0.0921
307.5 -62.5 0.4433 0.0972
307.5 -57.5 0.4489 0.1019
307.5 -52.5 0.4370 0.1029
307.5 -47.5 0.4018 0.0897
307.5 -42.5 0.3698 0.0745
307.5 -37.5 0.3510 0.0613
307.5 -32.5 0.3384 0.0541
307.5 -27.5 0.3248 0.0482
307.5 -22.5 0.3118 0.0443
307.5 -17.5 0.2952 0.0417
307.5 -12.5 0.2771 0.0424
307.5  -7.5 0.2672 0.0448
307.5  -2.5 0.2791 0.0411
307.5   2.5 0.2926 0.0397
307.5   7.5 0.2948 0.0328
307.5  12.5 0.2863 0.0340
307.5  17.5    NaN    NaN
307.5  22.5    NaN    NaN
307.5  27.5    NaN    NaN
307.5  32.5    NaN    NaN
307.5  37.5    NaN    NaN
307.5  42.5    NaN    NaN
307.5  47.5    NaN    NaN
307.5  52.5    NaN    NaN
307.5  57.5    NaN    NaN
307.5  62.5    NaN    NaN
307.5  67.5    NaN    NaN
307.5  72.5    NaN    NaN
307.5  77.5    NaN    NaN
307.5  82.5    NaN    NaN
307.5  87.5    NaN    NaN
312.5 -87.5    NaN    NaN
312.5 -82.5 0.4714 0.0161
312.5 -77.5 0.4337 0.0606
312.5 -72.5 0.4347 0.0780
312.5 -67.5 0.4373 0.0896
312.5 -62.5 0.4420 0.0947
312.5 -57.5 0.4480 0.1013
312.5 -52.5 0.4383 0.1026
312.5 -47.5 0.4048 0.0860
312.5 -42.5 0.3712 0.0704
312.5 -37.5 0.3507 0.0589
312.5 -32.5 0.3380 0.0539
312.5 -27.5 0.3268 0.0495
312.5 -22.5 0.3138 0.0463
312.5 -17.5 0.2973 0.0434
312.5 -12.5 0.2806 0.0439
312.5  -7.5 0.2712 0.0465
312.5  -2.5 0.2821 0.0424
312.5   2.5 0.2889 0.0456
312.5   7.5 0.3029 0.0449
312.5  12.5 0.2976 0.0583
312.5  17.5    NaN    NaN
312.5  22.5    NaN    NaN
312.5  27.5    NaN    NaN
312.5  32.5    NaN    NaN
312.5  37.5    NaN    NaN
312.5  42.5    NaN    NaN
312.5  47.5    NaN    NaN
312.5  52.5    NaN    NaN
312.5  57.5    NaN    NaN
312.5  62.5    NaN    NaN
312.5  67.5    NaN    NaN
312.5  72.5    NaN    NaN
312.5  77.5    NaN    NaN
312.5  82.5    NaN    NaN
312.5  87.5    NaN    NaN
317.5 -87.5    NaN    NaN
317.5 -82.5 0.4812 0.0098
317.5 -77.5 0.4303 0.0579
317.5 -72.5 0.4342 0.0757
317.5 -67.5 0.4357 0.0877
317.5 -62.5 0.4411 0.0919
317.5 -57.5 0.4499 0.0971
317.5 -52.5 0.4410 0.0997
317.5 -47.5 0.4060 0.0840
317.5 -42.5 0.3705 0.0689
317.5 -37.5 0.3481 0.0581
317.5 -32.5 0.3372 0.0537
317.5 -27.5 0.3283 0.0504
317.5 -22.5 0.3159 0.0482
317.5 -17.5 0.2996 0.0450
317.5 -12.5 0.2842 0.0444
317.5  -7.5 0.2743 0.0482
317.5  -2.5 0.2868 0.0459
317.5   2.5 0.2924 0.0452
317.5   7.5 0.3134 0.0510
317.5  12.5 0.2978 0.0524
317.5  17.5    NaN    NaN
317.5  22.5    NaN    NaN
317.5  27.5    NaN    NaN
317.5  32.5    NaN    NaN
317.5  37.5    NaN    NaN
317.5  42.5    NaN    NaN
317.5  47.5    NaN    NaN
317.5  52.5    NaN    NaN
317.5  57.5    NaN    NaN
317.5  62.5    NaN    NaN
317.5  67.5    NaN    NaN
317.5  72.5    NaN    NaN
317.5  77.5    NaN    NaN
317.5  82.5    NaN    NaN
317.5  87.5    NaN    NaN
322.5 -87.5    NaN    NaN
322.5 -82.5    NaN    NaN
322.5 -77.5 0.4300 0.0554
322.5 -72.5 0.4328 0.0720
322.5 -67.5 0.4360 0.0855
322.5 -62.5 0.4413 0.0894
322.5 -57.5 0.4477 0.0949
322.5 -52.5 0.4419 0.0970
322.5 -47.5 0.4064 0.0812
322.5 -42.5 0.3707 0.0667
322.5 -37.5 0.3487 0.0570
322.5 -32.5 0.3377 0.0542
322.5 -27.5 0.3302 0.0507
322.5 -22.5 0.3185 0.0489
322.5 -17.5 0.3030 0.0462
322.5 -12.5 0.2875 0.0455
322.5  -7.5 0.2777 0.0493
322.5  -2.5 0.2920 0.0478
322.5   2.5 0.3009 0.0454
322.5   7.5 0.3250 0.0465
322.5  12.5 0.3096 0.0421
322.5  17.5    NaN    NaN
322.5  22.5    NaN    NaN
322.5  27.5    NaN    NaN
322.5  32.5    NaN    NaN
322.5  37.5    NaN    NaN
322.5  42.5    NaN    NaN
322.5  47.5    NaN    NaN
322.5  52.5    NaN    NaN
322.5  57.5    NaN    NaN
322.5  62.5    NaN    NaN
322.5  67.5    NaN    NaN
322.5  72.5    NaN    NaN
322.5  77.5    NaN    NaN
322.5  82.5    NaN    NaN
322.5  87.5    NaN    NaN
327.5 -87.5    NaN    NaN
327.5 -82.5    NaN    NaN
327.5 -77.5 0.4319 0.0517
327.5 -72.5 0.4320 0.0691
327.5 -67.5 0.4345 0.0822
327.5 -62.5 0.4392 0.0894
327.5 -57.5 0.4443 0.0935
327.5 -52.5 0.4399 0.0940
327.5 -47.5 0.4052 0.0803
327.5 -42.5 0.3700 0.0651
327.5 -37.5 0.3497 0.0561
327.5 -32.5 0.3397 0.0536
327.5 -27.5 0.3322 0.0503
327.5 -22.5 0.3201 0.0495
327.5 -17.5 0.3066 0.0482
327.5 -12.5 0.2901 0.0478
327.5  -7.5 0.2814 0.0517
327.5  -2.5 0.2930 0.0516
327.5   2.5 0.3080 0.0442
327.5   7.5 0.3221 0.0538
327.5  12.5 0.3202 0.0337
327.5  17.5    NaN    NaN
327.5  22.5    NaN    NaN
327.5  27.5    NaN    NaN
327.5  32.5    NaN    NaN
327.5  37.5    NaN    NaN
327.5  42.5    NaN    NaN
327.5  47.5    NaN    NaN
327.5  52.5    NaN    NaN
327.5  57.5    NaN    NaN
327.5  62.5    NaN    NaN
327.5  67.5    NaN    NaN
327.5  72.5    NaN    NaN
327.5  77.5    NaN    NaN
327.5  82.5    NaN    NaN
327.5  87.5    NaN    NaN
332.5 -87.5    NaN    NaN
332.5 -82.5    NaN    NaN
332.5 -77.5 0.4310 0.0507
332.5 -72.5 0.4283 0.0642
332.5 -67.5 0.4324 0.0789
332.5 -62.5 0.4374 0.0881
332.5 -57.5 0.4426 0.0899
332.5 -52.5 0.4368 0.0921
332.5 -47.5 0.4057 0.0793
332.5 -42.5 0.3701 0.0647
332.5 -37.5 0.3503 0.0567
332.5 -32.5 0.3408 0.0538
332.5 -27.5 0.3331 0.0503
332.5 -22.5 0.3223 0.0491
332.5 -17.5 0.3104 0.0472
332.5 -12.5 0.2938 0.0492
332.5  -7.5 0.2862 0.0523
332.5  -2.5 0.2978 0.0529
332.5   2.5 0.3167 0.0387
332.5   7.5 0.3076 0.0649
332.5  12.5 0.3261 0.0267
332.5  17.5    NaN    NaN
332.5  22.5    NaN    NaN
332.5  27.5    NaN    NaN
332.5  32.5    NaN    NaN
332.5  37.5    NaN    NaN
332.5  42.5    NaN    NaN
332.5  47.5    NaN    NaN
332.5  52.5    NaN    NaN
332.5  57.5    NaN    NaN
332.5  62.5    NaN    NaN
332.5  67.5    NaN    NaN
332.5  72.5    NaN    NaN
332.5  77.5    NaN    NaN
332.5  82.5    NaN    NaN
332.5  87.5    NaN    NaN
337.5 -87.5    NaN    NaN
337.5 -82.5    NaN    NaN
337.5 -77.5 0.4316 0.0461
337.5 -72.5 0.4264 0.0630
337.5 -67.5 0.4253 0.0754
337.5 -62.5 0.4377 0.0849
337.5 -57.5 0.4396 0.0877
337.5 -52.5 0.4349 0.0895
337.5 -47.5 0.4054 0.0793
337.5 -42.5 0.3703 0.0656
337.5 -37.5 0.3511 0.0573
337.5 -32.5 0.3412 0.0537
337.5 -27.5 0.3329 0.0499
337.5 -22.5 0.3245 0.0474
337.5 -17.5 0.3122 0.0461
337.5 -12.5 0.2959 0.0492
337.5  -7.5 0.2896 0.0517
337.5  -2.5 0.3042 0.0512
337.5   2.5 0.3193 0.0354
337.5   7.5 0.3082 0.0514
337.5  12.5 0.3232 0.0289
337.5  17.5    NaN    NaN
337.5  22.5    NaN    NaN
337.5  27.5    NaN    NaN
337.5  32.5    NaN    NaN
337.5  37.5    NaN    NaN
337.5  42.5    NaN    NaN
337.5  47.5    NaN    NaN
337.5  52.5    NaN    NaN
337.5  57.5    NaN    NaN
337.5  62.5    NaN    NaN
337.5  67.5    NaN    NaN
337.5  72.5    NaN    NaN
337.5  77.5    NaN    NaN
337.5  82.5    NaN    NaN
337.5  87.5    NaN    NaN
342.5 -87.5    NaN    NaN
342.5 -82.5    NaN    NaN
342.5 -77.5 0.4291 0.0437
342.5 -72.5 0.4265 0.0600
342.5 -67.5 0.4242 0.0719
342.5 -62.5 0.4335 0.0852
342.5 -57.5 0.4353 0.0867
342.5 -52.5 0.4314 0.0871
342.5 -47.5 0.4040 0.0798
342.5 -42.5 0.3719 0.0650
342.5 -37.5 0.3531 0.0559
342.5 -32.5 0.3424 0.0521
342.5 -27.5 0.3343 0.0490
342.5 -22.5 0.3266 0.0462
342.5 -17.5 0.3134 0.0457
342.5 -12.5 0.2977 0.0493
342.5  -7.5 0.2915 0.0521
342.5  -2.5 0.3088 0.0495
342.5   2.5 0.3225 0.0336
342.5   7.5 0.3140 0.0462
342.5  12.5 0.3428 0.0122
342.5  17.5 0.3115 0.0025
342.5  22.5    NaN    NaN
342.5  27.5    NaN    NaN
342.5  32.5    NaN    NaN
342.5  37.5    NaN    NaN
342.5  42.5    NaN    NaN
342.5  47.5    NaN    NaN
342.5  52.5    NaN    NaN
342.5  57.5    NaN    NaN
342.5  62.5    NaN    NaN
342.5  67.5    NaN    NaN
342.5  72.5    NaN    NaN
342.5  77.5    NaN    NaN
342.5  82.5    NaN    NaN
342.5  87.5    NaN    NaN
347.5 -87.5    NaN    NaN
347.5 -82.5    NaN    NaN
347.5 -77.5 0.4299 0.0407
347.5 -72.5 0.4233 0.0587
347.5 -67.5 0.4225 0.0689
347.5 -62.5 0.4331 0.0817
347.5 -57.5 0.4353 0.0827
347.5 -52.5 0.4303 0.0850
347.5 -47.5 0.4049 0.0789
347.5 -42.5 0.3730 0.0650
347.5 -37.5 0.3535 0.0558
347.5 -32.5 0.3427 0.0517
347.5 -27.5 0.3346 0.0485
347.5 -22.5 0.3272 0.0463
347.5 -17.5 0.3140 0.0458
347.5 -12.5 0.2994 0.0483
347.5  -7.5 0.2929 0.0520
347.5  -2.5 0.3086 0.0502
347.5   2.5 0.3222 0.0340
347.5   7.5 0.3167 0.0427
347.5  12.5 0.3366 0.0027
347.5  17.5 0.3081 0.0053
347.5  22.5    NaN    NaN
347.5  27.5    NaN    NaN
347.5  32.5    NaN    NaN
347.5  37.5    NaN    NaN
347.5  42.5    NaN    NaN
347.5  47.5    NaN    NaN
347.5  52.5    NaN    NaN
347.5  57.5    NaN    NaN
347.5  62.5    NaN    NaN
347.5  67.5    NaN    NaN
347.5  72.5    NaN    NaN
347.5  77.5    NaN    NaN
347.5  82.5    NaN    NaN
347.5  87.5    NaN    NaN
352.5 -87.5    NaN    NaN
352.5 -82.5    NaN    NaN
352.5 -77.5 0.4276 0.0423
352.5 -72.5 0.4228 0.0551
352.5 -67.5 0.4183 0.0679
352.5 -62.5 0.4314 0.0798
352.5 -57.5 0.4340 0.0800
352.5 -52.5 0.4280 0.0825
352.5 -47.5 0.4069 0.0773
352.5 -42.5 0.3748 0.0644
352.5 -37.5 0.3541 0.0552
352.5 -32.5 0.3428 0.0508
352.5 -27.5 0.3359 0.0478
352.5 -22.5 0.3276 0.0455
352.5 -17.5 0.3151 0.0461
352.5 -12.5 0.3015 0.0476
352.5  -7.5 0.2937 0.0523
352.5  -2.5 0.3067 0.0506
352.5   2.5 0.3156 0.0377
352.5   7.5 0.3165 0.0388
352.5  12.5 0.3248 0.0146
352.5  17.5 0.2970 0.0164
352.5  22.5    NaN    NaN
352.5  27.5    NaN    NaN
352.5  32.5    NaN    NaN
352.5  37.5    NaN    NaN
352.5  42.5    NaN    NaN
352.5  47.5    NaN    NaN
352.5  52.5    NaN    NaN
352.5  57.5    NaN    NaN
352.5  62.5    NaN    NaN
352.5  67.5    NaN    NaN
352.5  72.5    NaN    NaN
352.5  77.5    NaN    NaN
352.5  82.5    NaN    NaN
352.5  87.5    NaN    NaN
357.5 -87.5    NaN    NaN
357.5 -82.5    NaN    NaN
357.5 -77.5 0.4278 0.0424
357.5 -72.5 0.4186 0.0548
357.5 -67.5 0.4150 0.0655
357.5 -62.5 0.4295 0.0778
357.5 -57.5 0.4328 0.0784
357.5 -52.5 0.4279 0.0798
357.5 -47.5 0.4051 0.0782
357.5 -42.5 0.3738 0.0660
357.5 -37.5 0.3538 0.0548
357.5 -32.5 0.3423 0.0511
357.5 -27.5 0.3363 0.0479
357.5 -22.5 0.3276 0.0462
357.5 -17.5 0.3154 0.0460
357.5 -12.5 0.3030 0.0466
357.5  -7.5 0.2932 0.0516
357.5  -2.5 0.3018 0.0513
357.5   2.5 0.3070 0.0388
357.5   7.5 0.3112 0.0350
357.5  12.5 0.3036 0.0178
357.5  17.5    NaN    NaN
357.5  22.5    NaN    NaN
357.5  27.5    NaN    NaN
357.5  32.5    NaN    NaN
357.5  37.5    NaN    NaN
357.5  42.5    NaN    NaN
357.5  47.5    NaN    NaN
357.5  52.5    NaN    NaN
357.5  57.5    NaN    NaN
357.5  62.5    NaN    NaN
357.5  67.5    NaN    NaN
357.5  72.5    NaN    NaN
357.5  77.5    NaN    NaN
357.5  82.5    NaN    NaN
357.5  87.5    NaN    NaN
